001 0 0446441608 STIM_START
001 0 0450214340 STIM_END_RESP_START
001 0 0451414372 RESP_END
002 1 0453448772 STIM_START
002 1 0456721824 STIM_END_RESP_START
002 1 0457301584 LICK
002 1 0457302080 REWARD_START
002 1 0457561288 LICK
002 1 0457759908 LICK
002 1 0457921844 RESP_END
002 1 0457315104 REWARD_END
003 0 0460059296 STIM_START
003 0 0463332344 STIM_END_RESP_START
003 0 0464532376 RESP_END
004 1 0466415816 STIM_START
004 1 0469688868 STIM_END_RESP_START
004 1 0470262048 LICK
004 1 0470262540 REWARD_START
004 1 0470460644 LICK
004 1 0470674540 LICK
004 1 0470888880 RESP_END
004 1 0470275568 REWARD_END
005 0 0473248212 STIM_START
005 0 0477020952 STIM_END_RESP_START
005 0 0478220984 RESP_END
006 1 0480160476 STIM_START
006 1 0483683352 STIM_END_RESP_START
006 1 0484431964 LICK
006 1 0484432456 REWARD_START
006 1 0484569508 LICK
006 1 0484813908 LICK
006 1 0484883380 RESP_END
006 1 0484445484 REWARD_END
007 0 0487122788 STIM_START
007 0 0490395816 STIM_END_RESP_START
007 0 0491595852 RESP_END
USER_EXIT