001 0 0004342676 STIM_START
001 0 0008368164 STIM_END_RESP_START
001 0 0009568192 RESP_END
002 1 0011879884 STIM_START
002 1 0012060036 LICK
002 1 0012674084 LICK
002 1 0012897412 LICK
002 1 0013552520 LICK
002 1 0014045604 LICK
002 1 0014408364 LICK
002 1 0014664784 LICK
002 1 0014882528 LICK
002 1 0015052048 LICK
002 1 0015244696 LICK
002 1 0015375032 LICK
002 1 0015506936 LICK
002 1 0015687856 LICK
002 1 0015866216 LICK
002 1 0015905340 STIM_END_RESP_START
002 1 0016021340 LICK
002 1 0016021780 REWARD_START
002 1 0016184224 LICK
002 1 0016357372 LICK
002 1 0016607052 LICK
002 1 0016825448 LICK
002 1 0017034216 LICK
002 1 0017105376 RESP_END
002 1 0016034748 REWARD_END
003 1 0020101144 STIM_START
003 1 0023626548 STIM_END_RESP_START
003 1 0024826564 RESP_END
USER_EXIT