001 0 0107923020 STIM_START
001 0 0111445968 STIM_END_RESP_START
001 0 0112646000 RESP_END
002 0 0114674464 STIM_START
002 0 0117947560 STIM_END_RESP_START
002 0 0119147592 RESP_END
003 0 0121318044 STIM_START
003 0 0125090856 STIM_END_RESP_START
003 0 0126290884 RESP_END
004 1 0128201492 STIM_START
004 1 0132224164 STIM_END_RESP_START
004 1 0133424192 RESP_END
005 0 0135399808 STIM_START
005 0 0138672896 STIM_END_RESP_START
005 0 0139872924 RESP_END
006 0 0141819504 STIM_START
006 0 0145592312 STIM_END_RESP_START
006 0 0146792344 RESP_END
007 0 0149012732 STIM_START
007 0 0152535680 STIM_END_RESP_START
007 0 0153735712 RESP_END
008 1 0155913260 STIM_START
008 1 0159186348 STIM_END_RESP_START
008 1 0160386380 RESP_END
009 1 0162444808 STIM_START
009 1 0165717896 STIM_END_RESP_START
009 1 0166917928 RESP_END
010 1 0168852528 STIM_START
010 1 0172625336 STIM_END_RESP_START
010 1 0173825364 RESP_END
011 0 0175743984 STIM_START
011 0 0179017080 STIM_END_RESP_START
011 0 0180217112 RESP_END
012 0 0182248660 STIM_START
012 0 0185521748 STIM_END_RESP_START
012 0 0186700860 LICK
012 0 0186701348 TIMEOUT_START
012 0 0186721772 RESP_END
012 0 0193701848 TIMEOUT_END
013 0 0195684692 STIM_START
013 0 0199707360 STIM_END_RESP_START
013 0 0200907392 RESP_END
014 1 0203033856 STIM_START
014 1 0206556804 STIM_END_RESP_START
014 1 0207756832 RESP_END
015 1 0209887324 STIM_START
015 1 0213909988 STIM_END_RESP_START
015 1 0215110020 RESP_END
016 0 0217013640 STIM_START
016 0 0221036304 STIM_END_RESP_START
016 0 0222236336 RESP_END
017 0 0224039024 STIM_START
