001 0 5 7 0065311368 STIM_START
001 0 5 7 0069336848 STIM_END_RESP_START
001 0 5 7 0070536868 RESP_END
002 2 5 5 0072293512 STIM_START
002 2 5 5 0075816872 LICK
002 2 5 5 0076038932 LICK
002 2 5 5 0076227800 LICK
002 2 5 5 0076318980 STIM_END_RESP_START
002 2 5 5 0076375700 LICK
002 2 5 5 0076376144 REWARD_START
002 2 5 5 0076540268 LICK
002 2 5 5 0076707788 LICK
002 2 5 5 0077518996 RESP_END
002 2 5 5 0076389112 REWARD_END
003 1 1 9 0079232684 STIM_START
003 1 1 9 0082308072 STIM_END_RESP_START
003 1 1 9 0083106604 LICK
003 1 1 9 0083107048 REWARD_START
003 1 1 9 0083317904 LICK
003 1 1 9 0083493600 LICK
003 1 1 9 0083508120 RESP_END
003 1 1 9 0083120020 REWARD_END
004 2 5 6 0085506708 STIM_START
004 2 5 6 0089506364 LICK
004 2 5 6 0089532192 STIM_END_RESP_START
004 2 5 6 0089742880 LICK
004 2 5 6 0089743316 REWARD_START
004 2 5 6 0089948908 LICK
004 2 5 6 0090732212 RESP_END
004 2 5 6 0089756292 REWARD_END
005 0 3 3 0092445904 STIM_START
005 0 3 3 0095721292 STIM_END_RESP_START
005 0 3 3 0095880252 LICK
005 0 3 3 0095880688 TIMEOUT_START
005 0 3 3 0096083608 LICK
005 0 3 3 0096084048 TIMEOUT_START
005 0 3 3 0096267656 LICK
005 0 3 3 0096268092 TIMEOUT_START
005 0 3 3 0096424512 LICK
005 0 3 3 0096424948 TIMEOUT_START
005 0 3 3 0096611428 LICK
005 0 3 3 0096611864 TIMEOUT_START
005 0 3 3 0096771808 LICK
005 0 3 3 0096772248 TIMEOUT_START
005 0 3 3 0096918440 LICK
005 0 3 3 0096918884 TIMEOUT_START
005 0 3 3 0096921328 RESP_END
005 0 3 3 0103919324 TIMEOUT_END
006 2 4 6 0105639096 STIM_START
006 2 4 6 0109164532 STIM_END_RESP_START
006 2 4 6 0110364568 RESP_END
007 0 5 7 0112097120 STIM_START
007 0 5 7 0116122616 STIM_END_RESP_START
007 0 5 7 0117322648 RESP_END
008 0 2 3 0119024296 STIM_START
008 0 2 3 0122149688 STIM_END_RESP_START
008 0 2 3 0123349724 RESP_END
009 1 3 2 0125069304 STIM_START
009 1 3 2 0128344708 STIM_END_RESP_START
009 1 3 2 0129544744 RESP_END
010 0 4 10 0131261324 STIM_START
010 0 4 10 0134786760 STIM_END_RESP_START
010 0 4 10 0135986792 RESP_END
011 1 2 2 0137692412 STIM_START
011 1 2 2 0140817804 STIM_END_RESP_START
011 1 2 2 0142017840 RESP_END
012 1 2 9 0143715316 STIM_START
012 1 2 9 0146840716 STIM_END_RESP_START
012 1 2 9 0148040752 RESP_END
013 1 5 9 0149788392 STIM_START
013 1 5 9 0153813888 STIM_END_RESP_START
013 1 5 9 0155013924 RESP_END
