001 0 0006607132 STIM_START
001 0 0010130044 STIM_END_RESP_START
001 0 0011330056 RESP_END
002 1 0013463488 STIM_START
002 1 0016986384 STIM_END_RESP_START
002 1 0018095920 LICK
002 1 0018096364 REWARD_START
002 1 0018186412 RESP_END
002 1 0018109336 REWARD_END
003 1 0021124420 STIM_START
003 1 0024897168 STIM_END_RESP_START
003 1 0026092200 LICK
003 1 0026092644 REWARD_START
003 1 0026105652 RESP_END
003 1 0026105616 REWARD_END
004 1 0028810408 STIM_START
004 1 0032333304 STIM_END_RESP_START
004 1 0032669452 LICK
004 1 0032669900 REWARD_START
004 1 0032883180 LICK
004 1 0033051120 LICK
004 1 0033234332 LICK
004 1 0033417528 LICK
004 1 0033533348 RESP_END
004 1 0032682872 REWARD_END
005 0 0035822620 STIM_START
005 0 0039595372 STIM_END_RESP_START
005 0 0040795384 RESP_END
006 0 0044107148 STIM_START
006 0 0047879900 STIM_END_RESP_START
006 0 0048204944 LICK
006 0 0048205384 TIMEOUT_START
006 0 0048388156 LICK
006 0 0048388596 TIMEOUT_START
006 0 0048571364 LICK
006 0 0048571812 TIMEOUT_START
006 0 0048754580 LICK
006 0 0048755024 TIMEOUT_START
006 0 0048922544 LICK
006 0 0048922992 TIMEOUT_START
006 0 0049079912 RESP_END
006 0 0055923444 TIMEOUT_END
007 0 0058021784 STIM_START
007 0 0062044360 STIM_END_RESP_START
007 0 0063244372 RESP_END
008 1 0068205356 STIM_START
008 1 0071978112 STIM_END_RESP_START
008 1 0073178160 RESP_END
009 0 0075102648 STIM_START
009 0 0078875400 STIM_END_RESP_START
009 0 0080075448 RESP_END
010 1 0082022996 STIM_START
010 1 0086045568 STIM_END_RESP_START
010 1 0087245616 RESP_END
011 1 0089410060 STIM_START
011 1 0093432632 STIM_END_RESP_START
011 1 0094632644 RESP_END
USER_EXIT