001 1 1016564084 STIM_START
001 1 1020336912 STIM_END_RESP_START
001 1 1021528576 LICK
001 1 1021529120 REWARD_START
001 1 1021542236 RESP_END
001 1 1021542200 REWARD_END
002 0 1024018140 STIM_START
002 0 1027893252 LICK
002 0 1028040796 STIM_END_RESP_START
002 0 1028744032 LICK
002 0 1028744572 TIMEOUT_START
002 0 1029047940 LICK
002 0 1029048480 TIMEOUT_START
002 0 1029240816 RESP_END
002 0 1036049040 TIMEOUT_END
003 0 1038207816 STIM_START
003 0 1041730748 STIM_END_RESP_START
003 0 1042930764 RESP_END
004 1 1044984292 STIM_START
004 1 1049006936 STIM_END_RESP_START
004 1 1050206984 RESP_END
005 1 1052341496 STIM_START
