001 0 0006205256 STIM_START
001 0 0009730684 STIM_END_RESP_START
001 0 0010930720 RESP_END
002 1 0013120412 STIM_START
002 1 0016645816 STIM_END_RESP_START
002 1 0017094548 LICK
002 1 0017094988 REWARD_START
002 1 0017290280 LICK
002 1 0017432912 LICK
002 1 0017609568 LICK
002 1 0017845836 RESP_END
002 1 0017107956 REWARD_END
003 0 0019744468 STIM_START
003 0 0019816412 LICK
003 0 0023519900 STIM_END_RESP_START
003 0 0024719920 RESP_END
004 1 0026883616 STIM_START
004 1 0030105992 LICK
004 1 0030332776 LICK
004 1 0030659072 STIM_END_RESP_START
004 1 0030944012 LICK
004 1 0030944452 REWARD_START
004 1 0031859100 RESP_END
004 1 0030957420 REWARD_END
005 0 0035998064 STIM_START
005 0 0039572900 LICK
005 0 0039795484 LICK
005 0 0040023520 STIM_END_RESP_START
005 0 0041223536 RESP_END
006 0 0043118212 STIM_START
006 0 0047143676 STIM_END_RESP_START
006 0 0048343692 RESP_END
007 1 0050416388 STIM_START
007 1 0054191844 STIM_END_RESP_START
007 1 0054682704 LICK
007 1 0054683140 REWARD_START
007 1 0054856756 LICK
007 1 0055179916 LICK
007 1 0055357244 LICK
007 1 0055391892 RESP_END
007 1 0054696116 REWARD_END
008 0 0058574680 STIM_START
008 0 0058732128 LICK
008 0 0062598668 LICK
008 0 0062600148 STIM_END_RESP_START
008 0 0062812632 LICK
008 0 0062813068 TIMEOUT_START
008 0 0063032060 LICK
008 0 0063032504 TIMEOUT_START
008 0 0063093276 LICK
008 0 0063093716 TIMEOUT_START
008 0 0063800164 RESP_END
008 0 0070094180 TIMEOUT_END
009 1 0072213856 STIM_START
009 1 0074510484 LICK
009 1 0075489228 STIM_END_RESP_START
009 1 0076496656 LICK
009 1 0076497100 REWARD_START
009 1 0076689240 RESP_END
009 1 0076510072 REWARD_END
010 0 0079746068 STIM_START
010 0 0083021464 STIM_END_RESP_START
010 0 0084221484 RESP_END
011 1 0086709180 STIM_START
011 1 0090234588 STIM_END_RESP_START
011 1 0090573220 LICK
011 1 0090573660 REWARD_START
011 1 0090780864 LICK
011 1 0090946624 LICK
011 1 0091122868 LICK
011 1 0091434632 RESP_END
011 1 0090586632 REWARD_END
012 1 0093278224 STIM_START
012 1 0097053672 STIM_END_RESP_START
012 1 0098253692 RESP_END
013 1 0100216328 STIM_START
013 1 0104241808 STIM_END_RESP_START
013 1 0104862220 LICK
013 1 0104862700 REWARD_START
013 1 0105027188 LICK
013 1 0105227008 LICK
013 1 0105379468 LICK
013 1 0105441824 RESP_END
013 1 0104875720 REWARD_END
014 0 0107844540 STIM_START
014 0 0111870024 STIM_END_RESP_START
014 0 0113070052 RESP_END
015 0 0115129712 STIM_START
015 0 0115792748 LICK
015 0 0115959720 LICK
015 0 0116124428 LICK
015 0 0117011824 LICK
015 0 0118405084 STIM_END_RESP_START
015 0 0118807300 LICK
015 0 0118807788 TIMEOUT_START
015 0 0119605124 RESP_END
015 0 0125808284 TIMEOUT_END
016 0 0128014772 STIM_START
016 0 0131540192 STIM_END_RESP_START
016 0 0132740224 RESP_END
017 1 0134568848 STIM_START
017 1 0138094268 STIM_END_RESP_START
017 1 0139202412 LICK
017 1 0139202904 REWARD_START
017 1 0139294316 RESP_END
017 1 0139215924 REWARD_END
018 0 0143529256 STIM_START
018 0 0147304688 STIM_END_RESP_START
018 0 0148504724 RESP_END
019 0 0152832760 STIM_START
019 0 0156108136 STIM_END_RESP_START
019 0 0157308172 RESP_END
020 0 0159048732 STIM_START
020 0 0162574152 STIM_END_RESP_START
020 0 0163774184 RESP_END
021 1 0166004852 STIM_START
021 1 0170030328 STIM_END_RESP_START
021 1 0171230360 RESP_END
022 1 0173078964 STIM_START
022 1 0177104440 STIM_END_RESP_START
022 1 0178304472 RESP_END
023 0 0180302140 STIM_START
023 0 0184327616 STIM_END_RESP_START
023 0 0185527648 RESP_END
024 1 0187308276 STIM_START
024 1 0190583652 STIM_END_RESP_START
024 1 0191783684 RESP_END
025 1 0194028324 STIM_START
025 1 0197358456 LICK
025 1 0198053604 LICK
025 1 0198054132 STIM_END_RESP_START
025 1 0198327556 LICK
025 1 0198328040 REWARD_START
025 1 0199074000 LICK
025 1 0199254172 RESP_END
025 1 0198341064 REWARD_END
026 0 0203957936 STIM_START
026 0 0207483324 STIM_END_RESP_START
026 0 0208683356 RESP_END
027 0 0210721016 STIM_START
027 0 0213996384 STIM_END_RESP_START
027 0 0215196420 RESP_END
028 0 0217101028 STIM_START
028 0 0220626452 STIM_END_RESP_START
028 0 0221826484 RESP_END
029 1 0223839108 STIM_START
029 1 0227364496 STIM_END_RESP_START
029 1 0228564532 RESP_END
030 0 0231407292 STIM_START
030 0 0231739948 LICK
030 0 0232892452 LICK
030 0 0234682676 STIM_END_RESP_START
030 0 0235064604 LICK
030 0 0235065088 TIMEOUT_START
030 0 0235882716 RESP_END
030 0 0242065596 TIMEOUT_END
031 1 0243812316 STIM_START
031 1 0247837800 STIM_END_RESP_START
031 1 0248411116 LICK
031 1 0248411608 REWARD_START
031 1 0248587692 LICK
031 1 0248779932 LICK
031 1 0248949164 LICK
031 1 0249037816 RESP_END
031 1 0248424632 REWARD_END
032 1 0251870576 STIM_START
032 1 0252041068 LICK
032 1 0252722740 LICK
032 1 0252940172 LICK
032 1 0253894840 LICK
032 1 0254663108 LICK
032 1 0255145956 STIM_END_RESP_START
032 1 0256101900 LICK
032 1 0256102384 REWARD_START
032 1 0256293300 LICK
032 1 0256346004 RESP_END
032 1 0256115404 REWARD_END
033 1 0260153916 STIM_START
033 1 0263929356 STIM_END_RESP_START
033 1 0265129392 RESP_END
034 0 0267309080 STIM_START
034 0 0271084540 STIM_END_RESP_START
034 0 0272284576 RESP_END
035 0 0274105112 STIM_START
035 0 0278130588 STIM_END_RESP_START
035 0 0279330620 RESP_END
036 1 0281120228 STIM_START
036 1 0284645652 STIM_END_RESP_START
036 1 0285845688 RESP_END
037 0 0287691316 STIM_START
037 0 0291716796 STIM_END_RESP_START
037 0 0292916832 RESP_END
038 0 0295142504 STIM_START
038 0 0298667924 STIM_END_RESP_START
038 0 0299867956 RESP_END
039 0 0301966600 STIM_START
039 0 0305992080 STIM_END_RESP_START
039 0 0307192112 RESP_END
040 1 0309392796 STIM_START
040 1 0312668176 STIM_END_RESP_START
040 1 0313868204 RESP_END
041 0 0316001836 STIM_START
041 0 0318855020 LICK
041 0 0319238912 LICK
041 0 0319527252 STIM_END_RESP_START
041 0 0320727284 RESP_END
042 0 0325751348 STIM_START
042 0 0326812264 LICK
042 0 0329276756 STIM_END_RESP_START
042 0 0330476792 RESP_END
043 1 0332369404 STIM_START
043 1 0335644784 STIM_END_RESP_START
043 1 0336844816 RESP_END
044 0 0339050504 STIM_START
044 0 0342575888 STIM_END_RESP_START
044 0 0343775920 RESP_END
045 1 0345592516 STIM_START
045 1 0349367948 STIM_END_RESP_START
045 1 0349423432 LICK
045 1 0349423924 REWARD_START
045 1 0349639512 LICK
045 1 0349810828 LICK
045 1 0350009340 LICK
045 1 0350244348 LICK
045 1 0350359792 LICK
045 1 0350414884 LICK
045 1 0350567960 RESP_END
045 1 0349436948 REWARD_END
046 1 0352934716 STIM_START
046 1 0356960196 STIM_END_RESP_START
046 1 0358160228 RESP_END
047 1 0360036852 STIM_START
047 1 0363812288 STIM_END_RESP_START
047 1 0365012320 RESP_END
048 0 0367050956 STIM_START
048 0 0367985388 LICK
048 0 0370576340 STIM_END_RESP_START
048 0 0371776376 RESP_END
049 1 0378971812 STIM_START
049 1 0382747244 STIM_END_RESP_START
049 1 0383947280 RESP_END
050 0 0385769976 STIM_START
050 0 0389295400 STIM_END_RESP_START
050 0 0390495436 RESP_END
051 0 0392271992 STIM_START
051 0 0395547364 STIM_END_RESP_START
051 0 0396747400 RESP_END
052 1 0398465960 STIM_START
052 1 0401920560 LICK
052 1 0401991388 STIM_END_RESP_START
052 1 0402142104 LICK
052 1 0402142596 REWARD_START
052 1 0402341964 LICK
052 1 0402509756 LICK
052 1 0403191416 RESP_END
052 1 0402155604 REWARD_END
053 0 0412777196 STIM_START
053 0 0416802644 STIM_END_RESP_START
053 0 0418002680 RESP_END
054 0 0420087384 STIM_START
054 0 0424112856 STIM_END_RESP_START
054 0 0425312892 RESP_END
055 1 0427183504 STIM_START
055 1 0430708932 STIM_END_RESP_START
055 1 0430906424 LICK
055 1 0430906908 REWARD_START
055 1 0431058020 LICK
055 1 0431204388 LICK
055 1 0431338472 LICK
055 1 0431908980 RESP_END
055 1 0430919912 REWARD_END
056 1 0435228760 STIM_START
056 1 0439254236 STIM_END_RESP_START
056 1 0439446124 LICK
056 1 0439446616 REWARD_START
056 1 0439585660 LICK
056 1 0439749076 LICK
056 1 0439897256 LICK
056 1 0440034836 LICK
056 1 0440213960 LICK
056 1 0440454280 RESP_END
056 1 0439459632 REWARD_END
057 0 0442395892 STIM_START
057 0 0442403392 LICK
057 0 0442548028 LICK
057 0 0445671260 STIM_END_RESP_START
057 0 0446871292 RESP_END
058 1 0449066008 STIM_START
058 1 0452841436 STIM_END_RESP_START
058 1 0453037416 LICK
058 1 0453037904 REWARD_START
058 1 0453189716 LICK
058 1 0453345940 LICK
058 1 0453486852 LICK
058 1 0454041464 RESP_END
058 1 0453050928 REWARD_END
059 1 0457142296 STIM_START
059 1 0460917720 STIM_END_RESP_START
059 1 0461116152 LICK
059 1 0461116648 REWARD_START
059 1 0461241548 LICK
059 1 0461403928 LICK
059 1 0461556704 LICK
059 1 0462117756 RESP_END
059 1 0461129664 REWARD_END
060 0 0465090544 STIM_START
060 0 0469116032 STIM_END_RESP_START
060 0 0470316068 RESP_END
061 0 0472293728 STIM_START
061 0 0476069160 STIM_END_RESP_START
061 0 0477269196 RESP_END
062 0 0479108760 STIM_START
062 0 0482634188 STIM_END_RESP_START
062 0 0483292128 LICK
062 0 0483292616 TIMEOUT_START
062 0 0483436652 LICK
062 0 0483437136 TIMEOUT_START
062 0 0483834208 RESP_END
062 0 0490437640 TIMEOUT_END
063 1 0492194844 STIM_START
063 1 0495970272 STIM_END_RESP_START
063 1 0496264444 LICK
063 1 0496264928 REWARD_START
063 1 0496431744 LICK
063 1 0496588856 LICK
063 1 0496724024 LICK
063 1 0497170304 RESP_END
063 1 0496277952 REWARD_END
064 1 0505161920 STIM_START
064 1 0508687340 STIM_END_RESP_START
064 1 0508999032 LICK
064 1 0508999520 REWARD_START
064 1 0509178868 LICK
064 1 0509323280 LICK
064 1 0509481792 LICK
064 1 0509887356 RESP_END
064 1 0509012544 REWARD_END
065 1 0525880224 STIM_START
065 1 0529905704 STIM_END_RESP_START
065 1 0530089420 LICK
065 1 0530089904 REWARD_START
065 1 0530227396 LICK
065 1 0530399832 LICK
065 1 0530548732 LICK
065 1 0531105720 RESP_END
065 1 0530102928 REWARD_END
066 0 0534254576 STIM_START
066 0 0537242156 LICK
066 0 0537416124 LICK
066 0 0538233980 LICK
066 0 0538280056 STIM_END_RESP_START
066 0 0538391644 LICK
066 0 0538392128 TIMEOUT_START
066 0 0538671284 LICK
066 0 0538671768 TIMEOUT_START
066 0 0539480080 RESP_END
066 0 0545672284 TIMEOUT_END
067 1 0547553660 STIM_START
067 1 0550896972 LICK
067 1 0551079052 STIM_END_RESP_START
067 1 0551301284 LICK
067 1 0551301768 REWARD_START
067 1 0551469788 LICK
067 1 0551631464 LICK
067 1 0551803672 LICK
067 1 0552279096 RESP_END
067 1 0551314792 REWARD_END
068 0 0554824840 STIM_START
068 0 0555573856 LICK
068 0 0555792196 LICK
068 0 0556851932 LICK
068 0 0556978648 LICK
068 0 0557955332 LICK
068 0 0558173112 LICK
068 0 0558600264 STIM_END_RESP_START
068 0 0558890736 LICK
068 0 0558891228 TIMEOUT_START
068 0 0558924188 LICK
068 0 0558924672 TIMEOUT_START
068 0 0559132764 LICK
068 0 0559133252 TIMEOUT_START
068 0 0559800300 RESP_END
068 0 0566133768 TIMEOUT_END
069 1 0568176952 STIM_START
069 1 0571702380 STIM_END_RESP_START
069 1 0571880768 LICK
069 1 0571881256 REWARD_START
069 1 0572008564 LICK
069 1 0572180052 LICK
069 1 0572318640 LICK
069 1 0572483604 LICK
069 1 0572902420 RESP_END
069 1 0571894280 REWARD_END
070 0 0575980208 STIM_START
070 0 0576090260 LICK
070 0 0576262104 LICK
070 0 0577593584 LICK
070 0 0577804936 LICK
070 0 0578961336 LICK
070 0 0579155136 LICK
070 0 0579255600 STIM_END_RESP_START
070 0 0579945200 LICK
070 0 0579945692 TIMEOUT_START
070 0 0580159848 LICK
070 0 0580160332 TIMEOUT_START
070 0 0580455632 RESP_END
070 0 0587160844 TIMEOUT_END
071 1 0589021256 STIM_START
071 1 0592296632 STIM_END_RESP_START
071 1 0592384476 LICK
071 1 0592384960 REWARD_START
071 1 0592580196 LICK
071 1 0592713184 LICK
071 1 0592859784 LICK
071 1 0593023472 LICK
071 1 0593496652 RESP_END
071 1 0592397980 REWARD_END
072 1 0596649472 STIM_START
072 1 0596770116 LICK
072 1 0596966108 LICK
072 1 0600102732 LICK
072 1 0600287068 LICK
072 1 0600424920 STIM_END_RESP_START
072 1 0600622788 LICK
072 1 0600623280 REWARD_START
072 1 0600820672 LICK
072 1 0600966948 LICK
072 1 0601624940 RESP_END
072 1 0600636296 REWARD_END
073 0 0606431004 STIM_START
073 0 0609706384 STIM_END_RESP_START
073 0 0610095424 LICK
073 0 0610095908 TIMEOUT_START
073 0 0610244764 LICK
073 0 0610245248 TIMEOUT_START
073 0 0610906420 RESP_END
073 0 0617245764 TIMEOUT_END
074 0 0619089044 STIM_START
074 0 0623114524 STIM_END_RESP_START
074 0 0623513460 LICK
074 0 0623513952 TIMEOUT_START
074 0 0623700232 LICK
074 0 0623700716 TIMEOUT_START
074 0 0624314548 RESP_END
074 0 0630701220 TIMEOUT_END
075 0 0632584160 STIM_START
075 0 0636359812 LICK
075 0 0636537156 LICK
075 0 0636609632 STIM_END_RESP_START
075 0 0636745900 LICK
075 0 0636746384 TIMEOUT_START
075 0 0637809676 RESP_END
075 0 0643746900 TIMEOUT_END
076 1 0645822320 STIM_START
076 1 0649097700 STIM_END_RESP_START
076 1 0649830128 LICK
076 1 0649830620 REWARD_START
076 1 0650017528 LICK
076 1 0650144624 LICK
076 1 0650297728 RESP_END
076 1 0649843640 REWARD_END
077 0 0652565412 STIM_START
077 0 0652631712 LICK
077 0 0653827504 LICK
077 0 0654038976 LICK
077 0 0655590968 LICK
077 0 0655738828 LICK
077 0 0655840808 STIM_END_RESP_START
077 0 0656553172 LICK
077 0 0656553656 TIMEOUT_START
077 0 0656599056 LICK
077 0 0656599540 TIMEOUT_START
077 0 0656767008 LICK
077 0 0656767492 TIMEOUT_START
077 0 0657040856 RESP_END
077 0 0663767992 TIMEOUT_END
078 0 0665674448 STIM_START
078 0 0668949828 STIM_END_RESP_START
078 0 0668977264 LICK
078 0 0668977748 TIMEOUT_START
078 0 0669128796 LICK
078 0 0669129280 TIMEOUT_START
078 0 0669507196 LICK
078 0 0669507688 TIMEOUT_START
078 0 0669562496 LICK
078 0 0669562988 TIMEOUT_START
078 0 0670149876 RESP_END
078 0 0676563496 TIMEOUT_END
079 1 0678388448 STIM_START
079 1 0681663828 STIM_END_RESP_START
079 1 0681901744 LICK
079 1 0681902236 REWARD_START
079 1 0682060260 LICK
079 1 0682254768 LICK
079 1 0682419380 LICK
079 1 0682598440 LICK
079 1 0682863860 RESP_END
079 1 0681915252 REWARD_END
080 1 0685772624 STIM_START
080 1 0689298052 STIM_END_RESP_START
080 1 0689440116 LICK
080 1 0689440600 REWARD_START
080 1 0689597100 LICK
080 1 0689736672 LICK
080 1 0689890032 LICK
080 1 0690053036 LICK
080 1 0690209852 LICK
080 1 0690498068 RESP_END
080 1 0689453624 REWARD_END
081 1 0693409904 STIM_START
081 1 0697435380 STIM_END_RESP_START
081 1 0697622232 LICK
081 1 0697622720 REWARD_START
081 1 0697749744 LICK
081 1 0697899216 LICK
081 1 0698068940 LICK
081 1 0698635404 RESP_END
081 1 0697635736 REWARD_END
082 0 0701715176 STIM_START
082 0 0705490612 STIM_END_RESP_START
082 0 0706057404 LICK
082 0 0706057888 TIMEOUT_START
082 0 0706185772 LICK
082 0 0706186264 TIMEOUT_START
082 0 0706367796 LICK
082 0 0706368280 TIMEOUT_START
082 0 0706553312 LICK
082 0 0706553800 TIMEOUT_START
082 0 0706596032 LICK
082 0 0706596512 TIMEOUT_START
082 0 0706690660 RESP_END
082 0 0713597016 TIMEOUT_END
083 0 0715732408 STIM_START
083 0 0719007792 STIM_END_RESP_START
083 0 0720207820 RESP_END
084 0 0721991420 STIM_START
084 0 0725516844 STIM_END_RESP_START
084 0 0726716876 RESP_END
085 1 0728809448 STIM_START
085 1 0732834896 STIM_END_RESP_START
085 1 0733002972 LICK
085 1 0733003460 REWARD_START
085 1 0733146140 LICK
085 1 0733291124 LICK
085 1 0733453288 LICK
085 1 0733599288 LICK
085 1 0734034912 RESP_END
085 1 0733016484 REWARD_END
086 0 0736947768 STIM_START
086 0 0740473196 STIM_END_RESP_START
086 0 0740909056 LICK
086 0 0740909544 TIMEOUT_START
086 0 0741074764 LICK
086 0 0741075256 TIMEOUT_START
086 0 0741241516 LICK
086 0 0741242008 TIMEOUT_START
086 0 0741450680 LICK
086 0 0741451168 TIMEOUT_START
086 0 0741600364 LICK
086 0 0741600848 TIMEOUT_START
086 0 0741673240 RESP_END
086 0 0748601360 TIMEOUT_END
087 1 0750733968 STIM_START
087 1 0754259396 STIM_END_RESP_START
087 1 0754270456 LICK
087 1 0754270952 REWARD_START
087 1 0754453916 LICK
087 1 0754616740 LICK
087 1 0754782752 LICK
087 1 0754960296 LICK
087 1 0755116380 LICK
087 1 0755459428 RESP_END
087 1 0754283976 REWARD_END
088 1 0757408056 STIM_START
088 1 0760933444 STIM_END_RESP_START
088 1 0761146260 LICK
088 1 0761146752 REWARD_START
088 1 0761300924 LICK
088 1 0761451096 LICK
088 1 0761610224 LICK
088 1 0762133476 RESP_END
088 1 0761159760 REWARD_END
089 1 0765320324 STIM_START
089 1 0768623424 LICK
089 1 0768777560 LICK
089 1 0768845724 STIM_END_RESP_START
089 1 0768927252 LICK
089 1 0768927736 REWARD_START
089 1 0769121780 LICK
089 1 0769262300 LICK
089 1 0769457652 LICK
089 1 0769604356 LICK
089 1 0770045768 RESP_END
089 1 0768940760 REWARD_END
090 0 0772030336 STIM_START
090 0 0772044696 LICK
090 0 0773273620 LICK
090 0 0773417576 LICK
090 0 0774747080 LICK
090 0 0774961800 LICK
090 0 0775302592 LICK
090 0 0776055816 STIM_END_RESP_START
090 0 0777169008 LICK
090 0 0777169496 TIMEOUT_START
090 0 0777255832 RESP_END
090 0 0784170016 TIMEOUT_END
091 1 0786076620 STIM_START
091 1 0789602008 STIM_END_RESP_START
091 1 0789817048 LICK
091 1 0789817540 REWARD_START
091 1 0789978716 LICK
091 1 0790130052 LICK
091 1 0790271780 LICK
091 1 0790802024 RESP_END
091 1 0789830556 REWARD_END
092 1 0793891864 STIM_START
092 1 0794014784 LICK
092 1 0794167920 LICK
092 1 0797917316 STIM_END_RESP_START
092 1 0797930912 LICK
092 1 0797931396 REWARD_START
092 1 0798053416 LICK
092 1 0798210016 LICK
092 1 0798368208 LICK
092 1 0799117352 RESP_END
092 1 0797944424 REWARD_END
093 0 0801583040 STIM_START
093 0 0802991504 LICK
093 0 0803169164 LICK
093 0 0804417232 LICK
093 0 0804571092 LICK
093 0 0805459884 LICK
093 0 0805608504 STIM_END_RESP_START
093 0 0805615020 LICK
093 0 0805615508 TIMEOUT_START
093 0 0805640856 LICK
093 0 0805641348 TIMEOUT_START
093 0 0806791380 LICK
093 0 0806791864 TIMEOUT_START
093 0 0806808540 RESP_END
093 0 0813792380 TIMEOUT_END
094 1 0815861340 STIM_START
094 1 0818130204 LICK
094 1 0818308980 LICK
094 1 0819020956 LICK
094 1 0819273116 LICK
094 1 0819386756 STIM_END_RESP_START
094 1 0819574180 LICK
094 1 0819574664 REWARD_START
094 1 0819785840 LICK
094 1 0819894244 LICK
094 1 0820041172 LICK
094 1 0820586796 RESP_END
094 1 0819587684 REWARD_END
095 0 0826444988 STIM_START
095 0 0829720360 STIM_END_RESP_START
095 0 0830766184 LICK
095 0 0830766668 TIMEOUT_START
095 0 0830918824 LICK
095 0 0830919308 TIMEOUT_START
095 0 0830920380 RESP_END
095 0 0837919820 TIMEOUT_END
096 0 0840059156 STIM_START
096 0 0843834596 STIM_END_RESP_START
096 0 0844104508 LICK
096 0 0844104996 TIMEOUT_START
096 0 0844276500 LICK
096 0 0844276992 TIMEOUT_START
096 0 0844740808 LICK
096 0 0844741292 TIMEOUT_START
096 0 0844922680 LICK
096 0 0844923168 TIMEOUT_START
096 0 0845034636 RESP_END
096 0 0851923668 TIMEOUT_END
097 0 0853957336 STIM_START
097 0 0857232716 STIM_END_RESP_START
097 0 0858432752 RESP_END
098 1 0860435448 STIM_START
098 1 0863960836 STIM_END_RESP_START
098 1 0864103192 LICK
098 1 0864103684 REWARD_START
098 1 0864289840 LICK
098 1 0864423916 LICK
098 1 0864595800 LICK
098 1 0864748556 LICK
098 1 0865160880 RESP_END
098 1 0864116700 REWARD_END
099 1 0867522544 STIM_START
099 1 0870797928 STIM_END_RESP_START
099 1 0870818088 LICK
099 1 0870818572 REWARD_START
099 1 0870981712 LICK
099 1 0871110976 LICK
099 1 0871254888 LICK
099 1 0871434232 LICK
099 1 0871594808 LICK
099 1 0871997968 RESP_END
099 1 0870831592 REWARD_END
100 0 0875254796 STIM_START
100 0 0878780216 STIM_END_RESP_START
100 0 0879285384 LICK
100 0 0879285872 TIMEOUT_START
100 0 0879464744 LICK
100 0 0879465228 TIMEOUT_START
100 0 0879980252 RESP_END
100 0 0886465744 TIMEOUT_END
101 1 0888663876 STIM_START
101 1 0892189304 STIM_END_RESP_START
101 1 0893389340 RESP_END
102 0 0895468992 STIM_START
102 0 0898744376 STIM_END_RESP_START
102 0 0899944404 RESP_END
103 1 0901880996 STIM_START
103 1 0905156368 STIM_END_RESP_START
103 1 0905312988 LICK
103 1 0905313480 REWARD_START
103 1 0905460740 LICK
103 1 0905610864 LICK
103 1 0905736668 LICK
103 1 0906349516 LICK
103 1 0906356396 RESP_END
103 1 0905326496 REWARD_END
104 1 0910898416 STIM_START
104 1 0914296696 LICK
104 1 0914471172 LICK
104 1 0914628352 LICK
104 1 0914673864 STIM_END_RESP_START
104 1 0914862736 LICK
104 1 0914863232 REWARD_START
104 1 0915014156 LICK
104 1 0915190928 LICK
104 1 0915318688 LICK
104 1 0915467280 LICK
104 1 0915873900 RESP_END
104 1 0914876248 REWARD_END
105 1 0917670484 STIM_START
105 1 0917825588 LICK
105 1 0917961056 LICK
105 1 0918130612 LICK
105 1 0920819284 LICK
105 1 0920989352 LICK
105 1 0921164336 LICK
105 1 0921342568 LICK
105 1 0921382392 LICK
105 1 0921445908 STIM_END_RESP_START
105 1 0921678860 LICK
105 1 0921679344 REWARD_START
105 1 0921838372 LICK
105 1 0921963428 LICK
105 1 0922124600 LICK
105 1 0922298120 LICK
105 1 0922461860 LICK
105 1 0922645928 RESP_END
105 1 0921692368 REWARD_END
106 0 0925217680 STIM_START
106 0 0928493060 STIM_END_RESP_START
106 0 0929693096 RESP_END
107 1 0931616708 STIM_START
107 1 0935642152 STIM_END_RESP_START
107 1 0935902880 LICK
107 1 0935903376 REWARD_START
107 1 0936051244 LICK
107 1 0936218264 LICK
107 1 0936383524 LICK
107 1 0936842168 RESP_END
107 1 0935916392 REWARD_END
108 1 0939677948 STIM_START
108 1 0941236828 LICK
108 1 0941408888 LICK
108 1 0941591180 LICK
108 1 0942334280 LICK
108 1 0942593936 LICK
108 1 0942748288 LICK
108 1 0942953312 STIM_END_RESP_START
108 1 0942954560 LICK
108 1 0942955048 REWARD_START
108 1 0943165888 LICK
108 1 0943321288 LICK
108 1 0943452696 LICK
108 1 0943609892 LICK
108 1 0944153352 RESP_END
108 1 0942968080 REWARD_END
109 0 0947053116 STIM_START
109 0 0947351304 LICK
109 0 0948510620 LICK
109 0 0950062744 LICK
109 0 0950239076 LICK
109 0 0950442472 LICK
109 0 0950741904 LICK
109 0 0950828556 STIM_END_RESP_START
109 0 0950938272 LICK
109 0 0950938764 TIMEOUT_START
109 0 0951654452 LICK
109 0 0951654936 TIMEOUT_START
109 0 0951801412 LICK
109 0 0951801904 TIMEOUT_START
109 0 0951859644 LICK
109 0 0951860128 TIMEOUT_START
109 0 0952006680 LICK
109 0 0952007168 TIMEOUT_START
109 0 0952028580 RESP_END
109 0 0959007676 TIMEOUT_END
110 0 0961122356 STIM_START
110 0 0964397736 STIM_END_RESP_START
110 0 0965597772 RESP_END
111 0 0967346344 STIM_START
111 0 0971121780 STIM_END_RESP_START
111 0 0971141748 LICK
111 0 0971142240 TIMEOUT_START
111 0 0971317536 LICK
111 0 0971318024 TIMEOUT_START
111 0 0972026448 LICK
111 0 0972026940 TIMEOUT_START
111 0 0972186076 LICK
111 0 0972186560 TIMEOUT_START
111 0 0972321824 RESP_END
111 0 0979187072 TIMEOUT_END
112 1 0981273600 STIM_START
112 1 0985299044 STIM_END_RESP_START
112 1 0985491008 LICK
112 1 0985491504 REWARD_START
112 1 0985636348 LICK
112 1 0985668908 LICK
112 1 0985831452 LICK
112 1 0985985336 LICK
112 1 0986499060 RESP_END
112 1 0985504524 REWARD_END
113 1 0989305976 STIM_START
113 1 0992831400 STIM_END_RESP_START
113 1 0992976204 LICK
113 1 0992976688 REWARD_START
113 1 0993111296 LICK
113 1 0993274068 LICK
113 1 0993427656 LICK
113 1 0993585220 LICK
113 1 0994031420 RESP_END
113 1 0992989712 REWARD_END
114 0 0997859232 STIM_START
114 0 1001148696 LICK
114 0 1001314492 LICK
114 0 1001489456 LICK
114 0 1001884724 STIM_END_RESP_START
114 0 1001935648 LICK
114 0 1001936188 TIMEOUT_START
114 0 1002170232 LICK
114 0 1002170772 TIMEOUT_START
114 0 1003084744 RESP_END
114 0 1009171320 TIMEOUT_END
115 1 1011299360 STIM_START
115 1 1014824760 STIM_END_RESP_START
115 1 1014997304 LICK
115 1 1014997840 REWARD_START
115 1 1015134304 LICK
115 1 1015307336 LICK
115 1 1015448028 LICK
115 1 1015614700 LICK
115 1 1015921320 LICK
115 1 1016024796 RESP_END
115 1 1015010916 REWARD_END
116 0 1018157448 STIM_START
116 0 1021932896 STIM_END_RESP_START
116 0 1022661164 LICK
116 0 1022661704 TIMEOUT_START
116 0 1022833400 LICK
116 0 1022833940 TIMEOUT_START
116 0 1023132940 RESP_END
116 0 1029834500 TIMEOUT_END
117 0 1031961648 STIM_START
117 0 1035237036 STIM_END_RESP_START
117 0 1035464032 LICK
117 0 1035464564 TIMEOUT_START
117 0 1036437068 RESP_END
117 0 1042465124 TIMEOUT_END
118 0 1044614644 STIM_START
118 0 1047890040 STIM_END_RESP_START
118 0 1049090092 RESP_END
119 1 1051023680 STIM_START
119 1 1054557308 LICK
119 1 1054715776 LICK
119 1 1054799132 STIM_END_RESP_START
119 1 1054903200 LICK
119 1 1054903740 REWARD_START
119 1 1054959128 LICK
119 1 1055094388 LICK
119 1 1055250084 LICK
119 1 1055999164 RESP_END
119 1 1054916816 REWARD_END
120 1 1059153952 STIM_START
120 1 1063146584 LICK
120 1 1063179428 STIM_END_RESP_START
120 1 1063285488 LICK
120 1 1063286028 REWARD_START
120 1 1063446672 LICK
120 1 1063611968 LICK
120 1 1063750240 LICK
120 1 1064071408 LICK
120 1 1064288924 LICK
120 1 1064379472 RESP_END
120 1 1063299104 REWARD_END
121 1 1066191100 STIM_START
121 1 1068390536 LICK
121 1 1068548276 LICK
121 1 1068697484 LICK
121 1 1068932592 LICK
121 1 1069696532 LICK
121 1 1069716508 STIM_END_RESP_START
121 1 1069955128 LICK
121 1 1069955660 REWARD_START
121 1 1070100996 LICK
121 1 1070274228 LICK
121 1 1070480740 LICK
121 1 1070618544 LICK
121 1 1070916544 RESP_END
121 1 1069968736 REWARD_END
122 0 1073018168 STIM_START
122 0 1073099748 LICK
122 0 1074230044 LICK
122 0 1076293540 STIM_END_RESP_START
122 0 1076484692 LICK
122 0 1076485228 TIMEOUT_START
122 0 1076683876 LICK
122 0 1076684404 TIMEOUT_START
122 0 1076840748 LICK
122 0 1076841280 TIMEOUT_START
122 0 1077493560 RESP_END
122 0 1083841836 TIMEOUT_END
123 0 1085680152 STIM_START
123 0 1089455604 STIM_END_RESP_START
123 0 1090655616 RESP_END
124 1 1092478268 STIM_START
124 1 1096003672 STIM_END_RESP_START
124 1 1096282248 LICK
124 1 1096282780 REWARD_START
124 1 1096451724 LICK
124 1 1096601260 LICK
124 1 1096765468 LICK
124 1 1097203688 RESP_END
124 1 1096295856 REWARD_END
125 1 1100428484 STIM_START
125 1 1103953884 STIM_END_RESP_START
125 1 1104199556 LICK
125 1 1104200096 REWARD_START
125 1 1104364916 LICK
125 1 1104515604 LICK
125 1 1104650272 LICK
125 1 1105153928 RESP_END
125 1 1104213172 REWARD_END
126 0 1107240568 STIM_START
126 0 1107351824 LICK
126 0 1108265416 LICK
126 0 1108436720 LICK
126 0 1108598924 LICK
126 0 1110783676 LICK
126 0 1110939408 LICK
126 0 1111015984 STIM_END_RESP_START
126 0 1111129884 LICK
126 0 1111130424 TIMEOUT_START
126 0 1111390596 LICK
126 0 1111391128 TIMEOUT_START
126 0 1111580876 LICK
126 0 1111581408 TIMEOUT_START
126 0 1112216000 RESP_END
126 0 1118581968 TIMEOUT_END
127 0 1120737752 STIM_START
127 0 1124513172 STIM_END_RESP_START
127 0 1124514156 LICK
127 0 1124514696 TIMEOUT_START
127 0 1124685756 LICK
127 0 1124686292 TIMEOUT_START
127 0 1125713188 RESP_END
127 0 1131686840 TIMEOUT_END
128 1 1133540748 STIM_START
128 1 1134271428 LICK
128 1 1135080820 LICK
128 1 1135324976 LICK
128 1 1135460164 LICK
128 1 1135513300 LICK
128 1 1136185372 LICK
128 1 1136471552 LICK
128 1 1136702472 LICK
128 1 1136907036 LICK
128 1 1137316184 STIM_END_RESP_START
128 1 1138516196 RESP_END
129 0 1141500992 STIM_START
129 0 1145276440 STIM_END_RESP_START
129 0 1146476488 RESP_END
130 0 1148589180 STIM_START
130 0 1151955052 LICK
130 0 1152170700 LICK
130 0 1152364600 STIM_END_RESP_START
130 0 1153190884 LICK
130 0 1153191424 TIMEOUT_START
130 0 1153357192 LICK
130 0 1153357724 TIMEOUT_START
130 0 1153564620 RESP_END
130 0 1160358292 TIMEOUT_END
131 0 1162355376 STIM_START
131 0 1165880780 STIM_END_RESP_START
131 0 1167080796 RESP_END
132 1 1169013408 STIM_START
132 1 1172538812 STIM_END_RESP_START
132 1 1172954984 LICK
132 1 1172955524 REWARD_START
132 1 1173199260 LICK
132 1 1173377900 LICK
132 1 1173563300 LICK
132 1 1173714108 LICK
132 1 1173738824 RESP_END
132 1 1172968584 REWARD_END
133 0 1175639460 STIM_START
133 0 1175924952 LICK
133 0 1176110928 LICK
133 0 1179164876 STIM_END_RESP_START
133 0 1180364888 RESP_END
134 1 1182188488 STIM_START
134 1 1186141708 LICK
134 1 1186213944 STIM_END_RESP_START
134 1 1186320704 LICK
134 1 1186321236 REWARD_START
134 1 1186516384 LICK
134 1 1186686444 LICK
134 1 1186843388 LICK
134 1 1187006652 LICK
134 1 1187413984 RESP_END
134 1 1186334312 REWARD_END
135 0 1189938736 STIM_START
135 0 1193464140 STIM_END_RESP_START
135 0 1194664156 RESP_END
136 1 1196594804 STIM_START
136 1 1200120208 STIM_END_RESP_START
136 1 1200332344 LICK
136 1 1200332884 REWARD_START
136 1 1200515848 LICK
136 1 1200663128 LICK
136 1 1200848048 LICK
136 1 1200992480 LICK
136 1 1201151272 LICK
136 1 1201320236 RESP_END
136 1 1200345956 REWARD_END
137 0 1203279864 STIM_START
137 0 1206555260 STIM_END_RESP_START
137 0 1207755276 RESP_END
138 0 1209646848 STIM_START
138 0 1212922244 STIM_END_RESP_START
138 0 1214122260 RESP_END
139 0 1216162908 STIM_START
139 0 1220188364 STIM_END_RESP_START
139 0 1221388380 RESP_END
140 1 1223480052 STIM_START
140 1 1227005456 STIM_END_RESP_START
140 1 1228205472 RESP_END
141 0 1229966092 STIM_START
141 0 1233241488 STIM_END_RESP_START
141 0 1234441504 RESP_END
142 1 1236601164 STIM_START
142 1 1240626620 STIM_END_RESP_START
142 1 1241043268 LICK
142 1 1241043804 REWARD_START
142 1 1241224140 LICK
142 1 1241396180 LICK
142 1 1241563836 LICK
142 1 1241706276 LICK
142 1 1241826668 RESP_END
142 1 1241056884 REWARD_END
143 0 1243972308 STIM_START
143 0 1247497716 STIM_END_RESP_START
143 0 1248697732 RESP_END
144 0 1250767428 STIM_START
144 0 1254292832 STIM_END_RESP_START
144 0 1255492848 RESP_END
145 1 1257444484 STIM_START
145 1 1260969884 STIM_END_RESP_START
145 1 1261205576 LICK
145 1 1261206108 REWARD_START
145 1 1261367084 LICK
145 1 1261542260 LICK
145 1 1261690828 LICK
145 1 1261825720 LICK
145 1 1262169908 RESP_END
145 1 1261219184 REWARD_END
146 0 1264427572 STIM_START
146 0 1267702932 STIM_END_RESP_START
146 0 1268902984 RESP_END
147 1 1270874624 STIM_START
147 1 1274650076 STIM_END_RESP_START
147 1 1274877544 LICK
147 1 1274878088 REWARD_START
147 1 1275058464 LICK
147 1 1275200260 LICK
147 1 1275359684 LICK
147 1 1275492044 LICK
147 1 1275850096 RESP_END
147 1 1274891160 REWARD_END
148 1 1278303784 STIM_START
148 1 1281579144 STIM_END_RESP_START
148 1 1282779196 RESP_END
149 0 1284517812 STIM_START
149 0 1287793204 STIM_END_RESP_START
149 0 1288993220 RESP_END
150 1 1290806760 STIM_START
150 1 1294582212 STIM_END_RESP_START
150 1 1294786508 LICK
150 1 1294787048 REWARD_START
150 1 1294962932 LICK
150 1 1295111792 LICK
150 1 1295260784 LICK
150 1 1295426500 LICK
150 1 1295782252 RESP_END
150 1 1294800128 REWARD_END
151 0 1297751892 STIM_START
151 0 1301527344 STIM_END_RESP_START
151 0 1302727360 RESP_END
152 0 1304636980 STIM_START
152 0 1308412432 STIM_END_RESP_START
152 0 1309612448 RESP_END
153 1 1311447072 STIM_START
153 1 1315222512 STIM_END_RESP_START
153 1 1315549908 LICK
153 1 1315550448 REWARD_START
153 1 1315727672 LICK
153 1 1315903760 LICK
153 1 1316016924 LICK
153 1 1316201376 LICK
153 1 1316363424 LICK
153 1 1316422528 RESP_END
153 1 1315563524 REWARD_END
154 0 1318570212 STIM_START
154 0 1322595668 STIM_END_RESP_START
154 0 1323795684 RESP_END
155 0 1325583344 STIM_START
155 0 1329108748 STIM_END_RESP_START
155 0 1329985780 LICK
155 0 1329986312 TIMEOUT_START
155 0 1330199236 LICK
155 0 1330199776 TIMEOUT_START
155 0 1330308788 RESP_END
155 0 1337200336 TIMEOUT_END
156 0 1338967476 STIM_START
156 0 1342492880 STIM_END_RESP_START
156 0 1343552464 LICK
156 0 1343553000 TIMEOUT_START
156 0 1343692904 RESP_END
156 0 1350553552 TIMEOUT_END
157 1 1361337024 STIM_START
157 1 1362912728 LICK
157 1 1363141372 LICK
157 1 1363903096 LICK
157 1 1364158344 LICK
157 1 1364913452 LICK
157 1 1365227668 LICK
157 1 1365362488 STIM_END_RESP_START
157 1 1366562500 RESP_END
158 1 1369118252 STIM_START
158 1 1372393612 STIM_END_RESP_START
158 1 1372975212 LICK
158 1 1372975748 REWARD_START
158 1 1373169656 LICK
158 1 1373335840 LICK
158 1 1373593648 RESP_END
158 1 1372988824 REWARD_END
159 1 1375411248 STIM_START
159 1 1375606424 LICK
159 1 1375748740 LICK
159 1 1375781408 LICK
159 1 1379186672 STIM_END_RESP_START
159 1 1379655168 LICK
159 1 1379655708 REWARD_START
159 1 1380386712 RESP_END
159 1 1379668776 REWARD_END
160 0 1383239480 STIM_START
160 0 1383475632 LICK
160 0 1383619060 LICK
160 0 1383652056 LICK
160 0 1386764884 STIM_END_RESP_START
160 0 1387964896 RESP_END
161 0 1389997552 STIM_START
161 0 1393773004 STIM_END_RESP_START
161 0 1394973016 RESP_END
162 1 1396755596 STIM_START
162 1 1400280996 STIM_END_RESP_START
162 1 1400364444 LICK
162 1 1400364976 REWARD_START
162 1 1400588404 LICK
162 1 1400744996 LICK
162 1 1400923372 LICK
162 1 1401481016 RESP_END
162 1 1400378052 REWARD_END
163 0 1405127960 STIM_START
163 0 1408653364 STIM_END_RESP_START
163 0 1409853408 RESP_END
164 1 1411572972 STIM_START
164 1 1414848364 STIM_END_RESP_START
164 1 1415818304 LICK
164 1 1415818836 REWARD_START
164 1 1416020412 LICK
164 1 1416048392 RESP_END
164 1 1415831916 REWARD_END
165 0 1419557248 STIM_START
165 0 1423332664 STIM_END_RESP_START
165 0 1423396000 LICK
165 0 1423396528 TIMEOUT_START
165 0 1423584060 LICK
165 0 1423584600 TIMEOUT_START
165 0 1424532692 RESP_END
165 0 1430585160 TIMEOUT_END
166 0 1432691344 STIM_START
166 0 1436716800 STIM_END_RESP_START
166 0 1437916816 RESP_END
167 1 1439824476 STIM_START
167 1 1443349880 STIM_END_RESP_START
167 1 1444216740 LICK
167 1 1444217280 REWARD_START
167 1 1444401232 LICK
167 1 1444548972 LICK
167 1 1444549908 RESP_END
167 1 1444230340 REWARD_END
168 1 1447617728 STIM_START
168 1 1450893124 STIM_END_RESP_START
168 1 1451727360 LICK
168 1 1451727900 REWARD_START
168 1 1451934104 LICK
168 1 1452093144 RESP_END
168 1 1451740972 REWARD_END
169 0 1456051048 STIM_START
169 0 1459326444 STIM_END_RESP_START
169 0 1460526460 RESP_END
170 0 1462301048 STIM_START
170 0 1465081036 LICK
170 0 1465971660 LICK
170 0 1466076468 STIM_END_RESP_START
170 0 1466149580 LICK
170 0 1466150120 TIMEOUT_START
170 0 1466378972 LICK
170 0 1466379508 TIMEOUT_START
170 0 1466540064 LICK
170 0 1466540596 TIMEOUT_START
170 0 1467276504 RESP_END
170 0 1473541156 TIMEOUT_END
171 1 1475448092 STIM_START
171 1 1479223544 STIM_END_RESP_START
171 1 1479644572 LICK
171 1 1479645108 REWARD_START
171 1 1479775284 LICK
171 1 1479831680 LICK
171 1 1479991512 LICK
171 1 1480148800 LICK
171 1 1480300472 LICK
171 1 1480423572 RESP_END
171 1 1479658184 REWARD_END
172 1 1484065468 STIM_START
172 1 1487590872 STIM_END_RESP_START
172 1 1487787096 LICK
172 1 1487787632 REWARD_START
172 1 1487975456 LICK
172 1 1488138072 LICK
172 1 1488296716 LICK
172 1 1488464052 LICK
172 1 1488790896 RESP_END
172 1 1487800708 REWARD_END
173 0 1491326700 STIM_START
173 0 1491551640 LICK
173 0 1491754452 LICK
173 0 1495102128 STIM_END_RESP_START
173 0 1496302144 RESP_END
174 0 1498421784 STIM_START
174 0 1502197232 STIM_END_RESP_START
174 0 1502666676 LICK
174 0 1502667216 TIMEOUT_START
174 0 1502870728 LICK
174 0 1502871264 TIMEOUT_START
174 0 1503397276 RESP_END
174 0 1509871832 TIMEOUT_END
175 0 1511815876 STIM_START
175 0 1515620876 LICK
175 0 1515841356 STIM_END_RESP_START
175 0 1516287672 LICK
175 0 1516288212 TIMEOUT_START
175 0 1517041392 RESP_END
175 0 1523288760 TIMEOUT_END
176 1 1525289056 STIM_START
176 1 1528564448 STIM_END_RESP_START
176 1 1528762108 LICK
176 1 1528762648 REWARD_START
176 1 1528956796 LICK
176 1 1529114212 LICK
176 1 1529250032 LICK
176 1 1529406068 LICK
176 1 1529764464 RESP_END
176 1 1528775728 REWARD_END
177 1 1531682096 STIM_START
177 1 1532017576 LICK
177 1 1532200508 LICK
177 1 1534957480 STIM_END_RESP_START
177 1 1535162128 LICK
177 1 1535162672 REWARD_START
177 1 1535341492 LICK
177 1 1535513676 LICK
177 1 1535667832 LICK
177 1 1536157524 RESP_END
177 1 1535175736 REWARD_END
178 1 1538852232 STIM_START
178 1 1539206556 LICK
178 1 1539419984 LICK
178 1 1542627676 STIM_END_RESP_START
178 1 1542706388 LICK
178 1 1542706924 REWARD_START
178 1 1542885896 LICK
178 1 1543054240 LICK
178 1 1543200972 LICK
178 1 1543523936 LICK
178 1 1543646508 LICK
178 1 1543827708 RESP_END
178 1 1542720004 REWARD_END
179 0 1547556568 STIM_START
179 0 1551332020 STIM_END_RESP_START
179 0 1552532036 RESP_END
180 0 1554492660 STIM_START
180 0 1557938336 LICK
180 0 1558497572 LICK
180 0 1558518108 STIM_END_RESP_START
180 0 1558709184 LICK
180 0 1558709720 TIMEOUT_START
180 0 1559019116 LICK
180 0 1559019660 TIMEOUT_START
180 0 1559718152 RESP_END
180 0 1566020216 TIMEOUT_END
181 0 1568087816 STIM_START
181 0 1571613220 STIM_END_RESP_START
181 0 1572813240 RESP_END
182 1 1574698876 STIM_START
182 1 1577974272 STIM_END_RESP_START
182 1 1578192456 LICK
182 1 1578192992 REWARD_START
182 1 1578378052 LICK
182 1 1578556732 LICK
182 1 1578682300 LICK
182 1 1579174292 RESP_END
182 1 1578206064 REWARD_END
183 1 1582628152 STIM_START
183 1 1586481716 LICK
183 1 1586653620 STIM_END_RESP_START
183 1 1586910640 LICK
183 1 1586911176 REWARD_START
183 1 1587088244 LICK
183 1 1587246320 LICK
183 1 1587386336 LICK
183 1 1587592300 LICK
183 1 1587853644 RESP_END
183 1 1586924256 REWARD_END
184 0 1590378420 STIM_START
184 0 1594153872 STIM_END_RESP_START
184 0 1595353888 RESP_END
185 0 1597445520 STIM_START
185 0 1601220968 STIM_END_RESP_START
185 0 1602102080 LICK
185 0 1602102620 TIMEOUT_START
185 0 1602306568 LICK
185 0 1602307108 TIMEOUT_START
185 0 1602420988 RESP_END
185 0 1609307656 TIMEOUT_END
186 1 1611117664 STIM_START
186 1 1614393056 STIM_END_RESP_START
186 1 1614625196 LICK
186 1 1614625732 REWARD_START
186 1 1614769720 LICK
186 1 1614958816 LICK
186 1 1615122672 LICK
186 1 1615593084 RESP_END
186 1 1614638808 REWARD_END
187 0 1618715860 STIM_START
187 0 1622491312 STIM_END_RESP_START
187 0 1622998672 LICK
187 0 1622999212 TIMEOUT_START
187 0 1623186744 LICK
187 0 1623187280 TIMEOUT_START
187 0 1623357828 LICK
187 0 1623358360 TIMEOUT_START
187 0 1623691340 RESP_END
187 0 1630358928 TIMEOUT_END
188 0 1632396068 STIM_START
188 0 1636421528 STIM_END_RESP_START
188 0 1637621544 RESP_END
189 1 1639396176 STIM_START
189 1 1643421632 STIM_END_RESP_START
189 1 1643614548 LICK
189 1 1643615080 REWARD_START
189 1 1643808436 LICK
189 1 1643956564 LICK
189 1 1644153288 LICK
189 1 1644549660 LICK
189 1 1644621652 RESP_END
189 1 1643628156 REWARD_END
190 1 1646740336 STIM_START
190 1 1649827960 LICK
190 1 1649992852 LICK
190 1 1650207864 LICK
190 1 1650359800 LICK
190 1 1650407316 LICK
190 1 1650515764 STIM_END_RESP_START
190 1 1650643732 LICK
190 1 1650644272 REWARD_START
190 1 1650854256 LICK
190 1 1651116136 LICK
190 1 1651286540 LICK
190 1 1651477152 LICK
190 1 1651715808 RESP_END
190 1 1650657352 REWARD_END
191 1 1654234520 STIM_START
191 1 1658009968 STIM_END_RESP_START
191 1 1658193248 LICK
191 1 1658193784 REWARD_START
191 1 1658370104 LICK
191 1 1658522596 LICK
191 1 1658699760 LICK
191 1 1658833248 LICK
191 1 1659209992 RESP_END
191 1 1658206860 REWARD_END
192 0 1661670704 STIM_START
192 0 1665196108 STIM_END_RESP_START
192 0 1665730880 LICK
192 0 1665731408 TIMEOUT_START
192 0 1665899968 LICK
192 0 1665900500 TIMEOUT_START
192 0 1666396132 RESP_END
192 0 1672901072 TIMEOUT_END
193 0 1674709804 STIM_START
193 0 1678024756 LICK
193 0 1678208484 LICK
193 0 1678735256 STIM_END_RESP_START
193 0 1678931224 LICK
193 0 1678931756 TIMEOUT_START
193 0 1679145196 LICK
193 0 1679145728 TIMEOUT_START
193 0 1679373592 LICK
193 0 1679374120 TIMEOUT_START
193 0 1679935288 RESP_END
193 0 1686374672 TIMEOUT_END
194 1 1688115928 STIM_START
194 1 1691641328 STIM_END_RESP_START
194 1 1691844580 LICK
194 1 1691845116 REWARD_START
194 1 1692006788 LICK
194 1 1692153208 LICK
194 1 1692307512 LICK
194 1 1692463488 LICK
194 1 1692841376 RESP_END
194 1 1691858196 REWARD_END
195 0 1695450068 STIM_START
195 0 1698975472 STIM_END_RESP_START
195 0 1700035364 LICK
195 0 1700035900 TIMEOUT_START
195 0 1700175500 RESP_END
195 0 1707036456 TIMEOUT_END
196 1 1708900240 STIM_START
196 1 1712925696 STIM_END_RESP_START
196 1 1713125112 LICK
196 1 1713125652 REWARD_START
196 1 1713282260 LICK
196 1 1713451548 LICK
196 1 1713608016 LICK
196 1 1714125712 RESP_END
196 1 1713138728 REWARD_END
197 1 1717134508 STIM_START
197 1 1717334112 LICK
197 1 1717531072 LICK
197 1 1718907596 LICK
197 1 1719589884 LICK
197 1 1719797144 LICK
197 1 1720712172 LICK
197 1 1720939532 LICK
197 1 1721159980 STIM_END_RESP_START
197 1 1721398668 LICK
197 1 1721399200 REWARD_START
197 1 1721605580 LICK
197 1 1721730296 LICK
197 1 1721884156 LICK
197 1 1722054456 LICK
197 1 1722210756 LICK
197 1 1722360016 RESP_END
197 1 1721412276 REWARD_END
198 0 1725457872 STIM_START
198 0 1729233320 STIM_END_RESP_START
198 0 1730433336 RESP_END
199 1 1732366940 STIM_START
199 1 1735383980 LICK
199 1 1736142384 STIM_END_RESP_START
199 1 1736349824 LICK
199 1 1736350356 REWARD_START
199 1 1736567628 LICK
199 1 1736711968 LICK
199 1 1736880820 LICK
199 1 1737038104 LICK
199 1 1737342400 RESP_END
199 1 1736363436 REWARD_END
200 1 1739792176 STIM_START
200 1 1743317580 STIM_END_RESP_START
200 1 1743740340 LICK
200 1 1743740872 REWARD_START
200 1 1743889864 LICK
200 1 1744099068 LICK
200 1 1744209124 LICK
200 1 1744517604 RESP_END
200 1 1743753952 REWARD_END
201 0 1747858392 STIM_START
201 0 1751633844 STIM_END_RESP_START
201 0 1752833860 RESP_END
202 0 1755081532 STIM_START
202 0 1758931476 LICK
202 0 1759106984 STIM_END_RESP_START
202 0 1759124212 LICK
202 0 1759124752 TIMEOUT_START
202 0 1760307008 RESP_END
202 0 1766125308 TIMEOUT_END
203 1 1768212632 STIM_START
203 1 1771738028 STIM_END_RESP_START
203 1 1772081768 LICK
203 1 1772082308 REWARD_START
203 1 1772237204 LICK
203 1 1772433332 LICK
203 1 1772571632 LICK
203 1 1772938044 RESP_END
203 1 1772095380 REWARD_END
204 0 1775652816 STIM_START
204 0 1779573604 LICK
204 0 1779678272 STIM_END_RESP_START
204 0 1780339352 LICK
204 0 1780339892 TIMEOUT_START
204 0 1780878288 RESP_END
204 0 1787340444 TIMEOUT_END
205 1 1789326988 STIM_START
205 1 1793352444 STIM_END_RESP_START
205 1 1793726844 LICK
205 1 1793727376 REWARD_START
205 1 1793917616 LICK
205 1 1794071956 LICK
205 1 1794239096 LICK
205 1 1794366792 LICK
205 1 1794523492 LICK
205 1 1794552476 RESP_END
205 1 1793740452 REWARD_END
206 0 1797296256 STIM_START
206 0 1801321712 STIM_END_RESP_START
206 0 1802521728 RESP_END
207 0 1804561424 STIM_START
207 0 1807836812 STIM_END_RESP_START
207 0 1808747148 LICK
207 0 1808747688 TIMEOUT_START
207 0 1808928728 LICK
207 0 1808929264 TIMEOUT_START
207 0 1809036848 RESP_END
207 0 1815929812 TIMEOUT_END
208 0 1817767544 STIM_START
208 0 1821042940 STIM_END_RESP_START
208 0 1822242956 RESP_END
209 1 1824317588 STIM_START
209 1 1827592980 STIM_END_RESP_START
209 1 1828248728 LICK
209 1 1828249260 REWARD_START
209 1 1828407144 LICK
209 1 1828456176 LICK
209 1 1828600484 LICK
209 1 1828752064 LICK
209 1 1828792996 RESP_END
209 1 1828262340 REWARD_END
210 1 1831335688 STIM_START
210 1 1834611092 STIM_END_RESP_START
210 1 1834905216 LICK
210 1 1834905756 REWARD_START
210 1 1835051612 LICK
210 1 1835241172 LICK
210 1 1835395216 LICK
210 1 1835811144 RESP_END
210 1 1834918832 REWARD_END
211 1 1838737848 STIM_START
211 1 1842763304 STIM_END_RESP_START
211 1 1842938404 LICK
211 1 1842938944 REWARD_START
211 1 1843082568 LICK
211 1 1843223464 LICK
211 1 1843388412 LICK
211 1 1843557752 LICK
211 1 1843704228 LICK
211 1 1843963348 RESP_END
211 1 1842952016 REWARD_END
212 0 1846050992 STIM_START
212 0 1849576388 STIM_END_RESP_START
212 0 1850776404 RESP_END
213 0 1852678140 STIM_START
213 0 1855953536 STIM_END_RESP_START
213 0 1857153556 RESP_END
214 1 1859259196 STIM_START
214 1 1862784600 STIM_END_RESP_START
214 1 1863209104 LICK
214 1 1863209636 REWARD_START
214 1 1863352676 LICK
214 1 1863530756 LICK
214 1 1863685396 LICK
214 1 1863984636 RESP_END
214 1 1863222712 REWARD_END
215 0 1866734332 STIM_START
215 0 1870759788 STIM_END_RESP_START
215 0 1871959804 RESP_END
216 0 1873791448 STIM_START
216 0 1877816908 STIM_END_RESP_START
216 0 1879016924 RESP_END
217 1 1881068588 STIM_START
217 1 1885094044 STIM_END_RESP_START
217 1 1885798936 LICK
217 1 1885799472 REWARD_START
217 1 1886001068 LICK
217 1 1886180604 LICK
217 1 1886294060 RESP_END
217 1 1885812544 REWARD_END
218 0 1889633988 STIM_START
218 0 1892909384 STIM_END_RESP_START
218 0 1894109400 RESP_END
219 1 1896131992 STIM_START
219 1 1900157448 STIM_END_RESP_START
219 1 1900387416 LICK
219 1 1900387952 REWARD_START
219 1 1900550312 LICK
219 1 1900702872 LICK
219 1 1900869728 LICK
219 1 1901031044 LICK
219 1 1901195952 LICK
219 1 1901357472 RESP_END
219 1 1900401032 REWARD_END
220 0 1904271320 STIM_START
220 0 1908046772 STIM_END_RESP_START
220 0 1908590728 LICK
220 0 1908591260 TIMEOUT_START
220 0 1908799452 LICK
220 0 1908799992 TIMEOUT_START
220 0 1909246800 RESP_END
220 0 1915800552 TIMEOUT_END
221 0 1918017484 STIM_START
221 0 1922042948 STIM_END_RESP_START
221 0 1923242996 RESP_END
222 1 1925065648 STIM_START
222 1 1928841100 STIM_END_RESP_START
222 1 1929088456 LICK
222 1 1929088988 REWARD_START
222 1 1929288876 LICK
222 1 1929436964 LICK
222 1 1929626592 LICK
222 1 1929773324 LICK
222 1 1930041140 RESP_END
222 1 1929102068 REWARD_END
223 0 1933819976 STIM_START
223 0 1937095368 STIM_END_RESP_START
223 0 1937981012 LICK
223 0 1937981552 TIMEOUT_START
223 0 1938151328 LICK
223 0 1938151868 TIMEOUT_START
223 0 1938295408 RESP_END
223 0 1945152424 TIMEOUT_END
224 1 1946939056 STIM_START
224 1 1950964512 STIM_END_RESP_START
224 1 1951158776 LICK
224 1 1951159316 REWARD_START
224 1 1951333688 LICK
224 1 1951482288 LICK
224 1 1951646900 LICK
224 1 1951812788 LICK
224 1 1952164524 RESP_END
224 1 1951172388 REWARD_END
225 0 1954845360 STIM_START
225 0 1958870816 STIM_END_RESP_START
225 0 1959118336 LICK
225 0 1959118876 TIMEOUT_START
225 0 1959296088 LICK
225 0 1959296620 TIMEOUT_START
225 0 1960070844 RESP_END
225 0 1966297192 TIMEOUT_END
226 0 1968228464 STIM_START
226 0 1972253920 STIM_END_RESP_START
226 0 1973453936 RESP_END
227 1 1975322580 STIM_START
227 1 1978847980 STIM_END_RESP_START
227 1 1979000368 LICK
227 1 1979000908 REWARD_START
227 1 1979190728 LICK
227 1 1979330244 LICK
227 1 1979485816 LICK
227 1 1979639480 LICK
227 1 1979818960 LICK
227 1 1980048024 RESP_END
227 1 1979013980 REWARD_END
228 0 1984197980 STIM_START
228 0 1987723384 STIM_END_RESP_START
228 0 1988363208 LICK
228 0 1988363744 TIMEOUT_START
228 0 1988543580 LICK
228 0 1988544116 TIMEOUT_START
228 0 1988726472 LICK
228 0 1988727012 TIMEOUT_START
228 0 1988923404 RESP_END
228 0 1995727568 TIMEOUT_END
229 0 1997545120 STIM_START
229 0 2001570576 STIM_END_RESP_START
229 0 2002770592 RESP_END
230 0 2004973312 STIM_START
230 0 2008248712 STIM_END_RESP_START
230 0 2009276604 LICK
230 0 2009277136 TIMEOUT_START
230 0 2009448732 RESP_END
230 0 2016277696 TIMEOUT_END
231 1 2018200416 STIM_START
231 1 2021475812 STIM_END_RESP_START
231 1 2021715096 LICK
231 1 2021715628 REWARD_START
231 1 2021920848 LICK
231 1 2022076444 LICK
231 1 2022219128 LICK
231 1 2022514988 LICK
231 1 2022675828 RESP_END
231 1 2021728708 REWARD_END
232 1 2024730408 STIM_START
232 1 2024825248 LICK
232 1 2024982692 LICK
232 1 2028005776 STIM_END_RESP_START
232 1 2028481876 LICK
232 1 2028482408 REWARD_START
232 1 2028651252 LICK
232 1 2028819212 LICK
232 1 2028986900 LICK
232 1 2029205788 RESP_END
232 1 2028495488 REWARD_END
233 0 2032339664 STIM_START
233 0 2035690660 LICK
233 0 2035862816 LICK
233 0 2036115084 STIM_END_RESP_START
233 0 2036922184 LICK
233 0 2036922720 TIMEOUT_START
233 0 2037315112 RESP_END
233 0 2043923276 TIMEOUT_END
234 1 2046087860 STIM_START
234 1 2049378152 LICK
234 1 2049541868 LICK
234 1 2050113344 STIM_END_RESP_START
234 1 2050292760 LICK
234 1 2050293292 REWARD_START
234 1 2050500652 LICK
234 1 2050650904 LICK
234 1 2050830920 LICK
234 1 2051313380 RESP_END
234 1 2050306372 REWARD_END
235 1 2054741224 STIM_START
235 1 2058016616 STIM_END_RESP_START
235 1 2058225936 LICK
235 1 2058226468 REWARD_START
235 1 2058399880 LICK
235 1 2058546256 LICK
235 1 2058708704 LICK
235 1 2059216648 RESP_END
235 1 2058239548 REWARD_END
236 1 2061695328 STIM_START
236 1 2065470776 STIM_END_RESP_START
236 1 2065660392 LICK
236 1 2065660924 REWARD_START
236 1 2065782768 LICK
236 1 2065955532 LICK
236 1 2066096764 LICK
236 1 2066670792 RESP_END
236 1 2065674004 REWARD_END
237 0 2069440560 STIM_START
237 0 2069677052 LICK
237 0 2069832960 LICK
237 0 2073215980 STIM_END_RESP_START
237 0 2074416000 RESP_END
238 0 2076584704 STIM_START
238 0 2080110108 STIM_END_RESP_START
238 0 2081310124 RESP_END
239 1 2083223760 STIM_START
239 1 2087249216 STIM_END_RESP_START
239 1 2087437956 LICK
239 1 2087438496 REWARD_START
239 1 2087623188 LICK
239 1 2087775020 LICK
239 1 2087943112 LICK
239 1 2088092000 LICK
239 1 2088237128 LICK
239 1 2088449268 RESP_END
239 1 2087451568 REWARD_END
240 0 2091326036 STIM_START
240 0 2094601436 STIM_END_RESP_START
240 0 2095443496 LICK
240 0 2095444036 TIMEOUT_START
240 0 2095613864 LICK
240 0 2095614404 TIMEOUT_START
240 0 2095801484 RESP_END
240 0 2102614972 TIMEOUT_END
241 0 2104401132 STIM_START
241 0 2108176580 STIM_END_RESP_START
241 0 2109376592 RESP_END
242 0 2111167180 STIM_START
242 0 2114942628 STIM_END_RESP_START
242 0 2116142644 RESP_END
243 1 2118196292 STIM_START
243 1 2121721688 STIM_END_RESP_START
243 1 2121801260 LICK
243 1 2121801796 REWARD_START
243 1 2122025248 LICK
243 1 2122173708 LICK
243 1 2122307068 LICK
243 1 2122468992 LICK
243 1 2122642472 LICK
243 1 2122921712 RESP_END
243 1 2121814868 REWARD_END
244 1 2125132392 STIM_START
244 1 2128407788 STIM_END_RESP_START
244 1 2128645568 LICK
244 1 2128646100 REWARD_START
244 1 2128813220 LICK
244 1 2128998180 LICK
244 1 2129125180 LICK
244 1 2129277316 LICK
244 1 2129423980 LICK
244 1 2129607808 RESP_END
244 1 2128659180 REWARD_END
245 1 2131765476 STIM_START
245 1 2135040864 STIM_END_RESP_START
245 1 2135292748 LICK
245 1 2135293288 REWARD_START
245 1 2135441696 LICK
245 1 2135638184 LICK
245 1 2135776944 LICK
245 1 2136240880 RESP_END
245 1 2135306348 REWARD_END
246 0 2139019676 STIM_START
246 0 2142295072 STIM_END_RESP_START
246 0 2142473464 LICK
246 0 2142473996 TIMEOUT_START
246 0 2142622668 LICK
246 0 2142623208 TIMEOUT_START
246 0 2142840812 LICK
246 0 2142841352 TIMEOUT_START
246 0 2143293148 LICK
246 0 2143293684 TIMEOUT_START
246 0 2143495092 RESP_END
246 0 2150294236 TIMEOUT_END
247 1 2152331728 STIM_START
247 1 2156107176 STIM_END_RESP_START
247 1 2156490988 LICK
247 1 2156491524 REWARD_START
247 1 2156657200 LICK
247 1 2156830336 LICK
247 1 2156992772 LICK
247 1 2157145584 LICK
247 1 2157307224 RESP_END
247 1 2156504600 REWARD_END
248 1 2160466012 STIM_START
248 1 2164241460 STIM_END_RESP_START
248 1 2164277716 LICK
248 1 2164278248 REWARD_START
248 1 2164448300 LICK
248 1 2164622772 LICK
248 1 2164785384 LICK
248 1 2165441504 RESP_END
248 1 2164291328 REWARD_END
249 0 2169650492 STIM_START
249 0 2173675948 STIM_END_RESP_START
249 0 2174875964 RESP_END
250 0 2176678600 STIM_START
250 0 2179953996 STIM_END_RESP_START
250 0 2180125912 LICK
250 0 2180126444 TIMEOUT_START
250 0 2180320420 LICK
250 0 2180320952 TIMEOUT_START
250 0 2181154008 RESP_END
250 0 2187321520 TIMEOUT_END
251 1 2189453640 STIM_START
251 1 2192957664 LICK
251 1 2192979068 STIM_END_RESP_START
251 1 2193158484 LICK
251 1 2193159020 REWARD_START
251 1 2193339504 LICK
251 1 2193524052 LICK
251 1 2193689780 LICK
251 1 2193836676 LICK
251 1 2194179088 RESP_END
251 1 2193172096 REWARD_END
252 0 2197775956 STIM_START
252 0 2199833004 LICK
252 0 2200028180 LICK
252 0 2200840960 LICK
252 0 2201028260 LICK
252 0 2201236104 LICK
252 0 2201801424 STIM_END_RESP_START
252 0 2202355416 LICK
252 0 2202355952 TIMEOUT_START
252 0 2203001448 RESP_END
252 0 2209356508 TIMEOUT_END
253 1 2211244096 STIM_START
253 1 2214769496 STIM_END_RESP_START
253 1 2214899540 LICK
253 1 2214900080 REWARD_START
253 1 2215097936 LICK
253 1 2215242432 LICK
253 1 2215411636 LICK
253 1 2215969520 RESP_END
253 1 2214913160 REWARD_END
254 0 2218865320 STIM_START
254 0 2222640772 STIM_END_RESP_START
254 0 2222985384 LICK
254 0 2222985916 TIMEOUT_START
254 0 2223190520 LICK
254 0 2223191056 TIMEOUT_START
254 0 2223840816 RESP_END
254 0 2230191612 TIMEOUT_END
255 0 2232385444 STIM_START
255 0 2235737364 LICK
255 0 2235910872 STIM_END_RESP_START
255 0 2235945204 LICK
255 0 2235945736 TIMEOUT_START
255 0 2236160168 LICK
255 0 2236160696 TIMEOUT_START
255 0 2236430264 LICK
255 0 2236430804 TIMEOUT_START
255 0 2237110896 RESP_END
255 0 2243431364 TIMEOUT_END
256 0 2245375564 STIM_START
256 0 2248634860 LICK
256 0 2248854496 LICK
256 0 2248900960 STIM_END_RESP_START
256 0 2249694120 LICK
256 0 2249694656 TIMEOUT_START
256 0 2249942612 LICK
256 0 2249943152 TIMEOUT_START
256 0 2250100988 RESP_END
256 0 2256943704 TIMEOUT_END
257 1 2258878664 STIM_START
257 1 2262643872 LICK
257 1 2262849016 LICK
257 1 2262904144 STIM_END_RESP_START
257 1 2264104160 RESP_END
258 0 2266667920 STIM_START
258 0 2270693384 STIM_END_RESP_START
258 0 2271105872 LICK
258 0 2271106408 TIMEOUT_START
258 0 2271315960 LICK
258 0 2271316496 TIMEOUT_START
258 0 2271893396 RESP_END
258 0 2278317068 TIMEOUT_END
259 1 2280290120 STIM_START
259 1 2283565520 STIM_END_RESP_START
259 1 2283829100 LICK
259 1 2283829640 REWARD_START
259 1 2284037140 LICK
259 1 2284765552 RESP_END
259 1 2283842720 REWARD_END
260 1 2288592404 STIM_START
260 1 2292117808 STIM_END_RESP_START
260 1 2292298128 LICK
260 1 2292298660 REWARD_START
260 1 2292441228 LICK
260 1 2292624376 LICK
260 1 2292792732 LICK
260 1 2292950216 LICK
260 1 2293081680 LICK
260 1 2293317852 RESP_END
260 1 2292311740 REWARD_END
261 0 2295264472 STIM_START
261 0 2299129608 LICK
261 0 2299272528 LICK
261 0 2299289936 STIM_END_RESP_START
261 0 2300489980 RESP_END
262 0 2302508636 STIM_START
262 0 2306284084 STIM_END_RESP_START
262 0 2307484100 RESP_END
263 1 2309661760 STIM_START
263 1 2313437208 STIM_END_RESP_START
263 1 2313700476 LICK
263 1 2313701008 REWARD_START
263 1 2313888484 LICK
263 1 2314054476 LICK
263 1 2314637232 RESP_END
263 1 2313714088 REWARD_END
264 0 2317828052 STIM_START
264 0 2318180052 LICK
264 0 2321853508 STIM_END_RESP_START
264 0 2322549008 LICK
264 0 2322549540 TIMEOUT_START
264 0 2322689548 LICK
264 0 2322690084 TIMEOUT_START
264 0 2323053540 RESP_END
264 0 2329690640 TIMEOUT_END
265 0 2331778264 STIM_START
265 0 2335095728 LICK
265 0 2335281376 LICK
265 0 2335303692 STIM_END_RESP_START
265 0 2336013272 LICK
265 0 2336013812 TIMEOUT_START
265 0 2336503716 RESP_END
265 0 2343014368 TIMEOUT_END
266 1 2344944380 STIM_START
266 1 2348469784 STIM_END_RESP_START
266 1 2348756984 LICK
266 1 2348757528 REWARD_START
266 1 2348948704 LICK
266 1 2349127080 LICK
266 1 2349253348 LICK
266 1 2349401928 LICK
266 1 2349562040 LICK
266 1 2349669812 RESP_END
266 1 2348770608 REWARD_END
267 1 2351712472 STIM_START
267 1 2354987864 STIM_END_RESP_START
267 1 2355138324 LICK
267 1 2355138868 REWARD_START
267 1 2355287080 LICK
267 1 2355479544 LICK
267 1 2355948224 LICK
267 1 2356135600 LICK
267 1 2356187908 RESP_END
267 1 2355151948 REWARD_END
268 0 2358187516 STIM_START
268 0 2361712924 STIM_END_RESP_START
268 0 2362912940 RESP_END
269 1 2364915540 STIM_START
269 1 2368190940 STIM_END_RESP_START
269 1 2368389800 LICK
269 1 2368390340 REWARD_START
269 1 2368605200 LICK
269 1 2368721880 LICK
269 1 2368863212 LICK
269 1 2369021096 LICK
269 1 2369390984 RESP_END
269 1 2368403412 REWARD_END
270 0 2372444760 STIM_START
270 0 2376470216 STIM_END_RESP_START
270 0 2377670232 RESP_END
271 0 2379824028 STIM_START
271 0 2383849488 STIM_END_RESP_START
271 0 2385049500 RESP_END
272 0 2386813032 STIM_START
272 0 2390088424 STIM_END_RESP_START
272 0 2391288440 RESP_END
273 1 2394539268 STIM_START
273 1 2398564728 STIM_END_RESP_START
273 1 2398768772 LICK
273 1 2398769312 REWARD_START
273 1 2398901728 LICK
273 1 2399080416 LICK
273 1 2399256340 LICK
273 1 2399764736 RESP_END
273 1 2398782388 REWARD_END
274 1 2401902496 STIM_START
274 1 2405177896 STIM_END_RESP_START
274 1 2405397996 LICK
274 1 2405398536 REWARD_START
274 1 2405562092 LICK
274 1 2405715008 LICK
274 1 2405870520 LICK
274 1 2406230076 LICK
274 1 2406372968 LICK
274 1 2406377912 RESP_END
274 1 2405411608 REWARD_END
275 1 2408234412 STIM_START
275 1 2409244344 LICK
275 1 2409433520 LICK
275 1 2412259868 STIM_END_RESP_START
275 1 2412416832 LICK
275 1 2412417372 REWARD_START
275 1 2412587728 LICK
275 1 2412747368 LICK
275 1 2412893872 LICK
275 1 2413087604 LICK
275 1 2413459888 RESP_END
275 1 2412430432 REWARD_END
276 0 2415897672 STIM_START
276 0 2419173064 STIM_END_RESP_START
276 0 2419522644 LICK
276 0 2419523176 TIMEOUT_START
276 0 2419661164 LICK
276 0 2419661696 TIMEOUT_START
276 0 2419711328 LICK
276 0 2419711864 TIMEOUT_START
276 0 2419909492 LICK
276 0 2419910032 TIMEOUT_START
276 0 2420373080 RESP_END
276 0 2426910600 TIMEOUT_END
277 0 2428701680 STIM_START
277 0 2432727148 STIM_END_RESP_START
277 0 2433927200 RESP_END
278 1 2435706832 STIM_START
278 1 2439232240 STIM_END_RESP_START
278 1 2439257928 LICK
278 1 2439258468 REWARD_START
278 1 2439489868 LICK
278 1 2439626344 LICK
278 1 2439782600 LICK
278 1 2440432264 RESP_END
278 1 2439271548 REWARD_END
279 0 2442911956 STIM_START
279 0 2446187348 STIM_END_RESP_START
279 0 2446658108 LICK
279 0 2446658648 TIMEOUT_START
279 0 2446848392 LICK
279 0 2446848924 TIMEOUT_START
279 0 2447387392 RESP_END
279 0 2453849496 TIMEOUT_END
280 0 2455921032 STIM_START
280 0 2459696484 STIM_END_RESP_START
280 0 2460296836 LICK
280 0 2460297376 TIMEOUT_START
280 0 2460522068 LICK
280 0 2460522608 TIMEOUT_START
280 0 2460896532 RESP_END
280 0 2467523164 TIMEOUT_END
281 1 2469332180 STIM_START
281 1 2472607572 STIM_END_RESP_START
281 1 2472813656 LICK
281 1 2472814192 REWARD_START
281 1 2473005008 LICK
281 1 2473182868 LICK
281 1 2473334404 LICK
281 1 2473495868 LICK
281 1 2473807616 RESP_END
281 1 2472827272 REWARD_END
282 1 2477251472 STIM_START
282 1 2478462484 LICK
282 1 2479192804 LICK
282 1 2480311464 LICK
282 1 2480877888 LICK
282 1 2481276952 STIM_END_RESP_START
282 1 2481563896 LICK
282 1 2481564428 REWARD_START
282 1 2481775412 LICK
282 1 2481930292 LICK
282 1 2482087636 LICK
282 1 2482232996 LICK
282 1 2482381468 LICK
282 1 2482476972 RESP_END
282 1 2481577508 REWARD_END
283 0 2484332528 STIM_START
283 0 2488357992 STIM_END_RESP_START
283 0 2489558044 RESP_END
284 0 2491320652 STIM_START
284 0 2494596044 STIM_END_RESP_START
284 0 2495796060 RESP_END
285 1 2497724648 STIM_START
285 1 2501750104 STIM_END_RESP_START
285 1 2502014576 LICK
285 1 2502015116 REWARD_START
285 1 2502205760 LICK
285 1 2502358532 LICK
285 1 2502566604 LICK
285 1 2502950128 RESP_END
285 1 2502028192 REWARD_END
286 1 2506064992 STIM_START
286 1 2510090452 STIM_END_RESP_START
286 1 2510338080 LICK
286 1 2510338616 REWARD_START
286 1 2510553044 LICK
286 1 2510684108 LICK
286 1 2510872672 LICK
286 1 2511049520 LICK
286 1 2511290476 RESP_END
286 1 2510351696 REWARD_END
287 0 2514843432 STIM_START
287 0 2518118832 STIM_END_RESP_START
287 0 2519318848 RESP_END
288 0 2521495488 STIM_START
288 0 2525270940 STIM_END_RESP_START
288 0 2525908288 LICK
288 0 2525908824 TIMEOUT_START
288 0 2526470968 RESP_END
288 0 2532909380 TIMEOUT_END
289 0 2535007604 STIM_START
289 0 2538783056 STIM_END_RESP_START
289 0 2539983072 RESP_END
290 1 2541810688 STIM_START
290 1 2545836152 STIM_END_RESP_START
290 1 2546555172 LICK
290 1 2546555708 REWARD_START
290 1 2546627320 LICK
290 1 2546787104 LICK
290 1 2546929060 LICK
290 1 2547036180 RESP_END
290 1 2546568788 REWARD_END
291 1 2548918820 STIM_START
291 1 2549101724 LICK
291 1 2549240532 LICK
291 1 2552194220 STIM_END_RESP_START
291 1 2552671416 LICK
291 1 2552671948 REWARD_START
291 1 2552882788 LICK
291 1 2553061800 LICK
291 1 2553196504 LICK
291 1 2553372788 LICK
291 1 2553394264 RESP_END
291 1 2552685032 REWARD_END
292 0 2556105968 STIM_START
292 0 2559881388 STIM_END_RESP_START
292 0 2561081404 RESP_END
293 1 2563298108 STIM_START
293 1 2567073556 STIM_END_RESP_START
293 1 2567311628 LICK
293 1 2567312160 REWARD_START
293 1 2567508324 LICK
293 1 2567679660 LICK
293 1 2567875960 LICK
293 1 2568078328 LICK
293 1 2568273588 RESP_END
293 1 2567325236 REWARD_END
294 1 2570133200 STIM_START
294 1 2570222692 LICK
294 1 2570385988 LICK
294 1 2573408580 STIM_END_RESP_START
294 1 2573892920 LICK
294 1 2573893456 REWARD_START
294 1 2574058204 LICK
294 1 2574252716 LICK
294 1 2574453920 LICK
294 1 2574608592 RESP_END
294 1 2573906532 REWARD_END
295 0 2578342540 STIM_START
295 0 2581617940 STIM_END_RESP_START
295 0 2582817956 RESP_END
296 0 2584802568 STIM_START
296 0 2588327972 STIM_END_RESP_START
296 0 2589528020 RESP_END
297 1 2591668620 STIM_START
297 1 2594944020 STIM_END_RESP_START
297 1 2595838940 LICK
297 1 2595839480 REWARD_START
297 1 2596010224 LICK
297 1 2596144056 RESP_END
297 1 2595852564 REWARD_END
298 1 2600152000 STIM_START
298 1 2603427396 STIM_END_RESP_START
298 1 2603848148 LICK
298 1 2603848684 REWARD_START
298 1 2604064800 LICK
298 1 2604270216 LICK
298 1 2604420188 LICK
298 1 2604627420 RESP_END
298 1 2603861760 REWARD_END
299 1 2607753184 STIM_START
299 1 2607932216 LICK
299 1 2608091200 LICK
299 1 2608297768 LICK
299 1 2611528600 STIM_END_RESP_START
299 1 2611759500 LICK
299 1 2611760032 REWARD_START
299 1 2611892788 LICK
299 1 2612071476 LICK
299 1 2612242500 LICK
299 1 2612728636 RESP_END
299 1 2611773112 REWARD_END
300 0 2614940344 STIM_START
300 0 2618965800 STIM_END_RESP_START
300 0 2620165816 RESP_END
301 0 2622154480 STIM_START
301 0 2625679884 STIM_END_RESP_START
301 0 2626879896 RESP_END
302 1 2628865576 STIM_START
302 1 2632641024 STIM_END_RESP_START
302 1 2632842688 LICK
302 1 2632843220 REWARD_START
302 1 2633011368 LICK
302 1 2633149776 LICK
302 1 2633307420 LICK
302 1 2633647512 LICK
302 1 2633841036 RESP_END
302 1 2632856296 REWARD_END
303 1 2635587616 STIM_START
303 1 2638212984 LICK
303 1 2638409700 LICK
303 1 2638862988 STIM_END_RESP_START
303 1 2639041664 LICK
303 1 2639042196 REWARD_START
303 1 2639245784 LICK
303 1 2639377652 LICK
303 1 2639547092 LICK
303 1 2639714232 LICK
303 1 2640063032 RESP_END
303 1 2639055276 REWARD_END
304 0 2642755744 STIM_START
304 0 2646384152 LICK
304 0 2646587048 LICK
304 0 2646781196 STIM_END_RESP_START
304 0 2647301216 LICK
304 0 2647301748 TIMEOUT_START
304 0 2647981212 RESP_END
304 0 2654302304 TIMEOUT_END
305 1 2656271896 STIM_START
305 1 2660297352 STIM_END_RESP_START
305 1 2660451200 LICK
305 1 2660451740 REWARD_START
305 1 2660619160 LICK
305 1 2660778240 LICK
305 1 2660943036 LICK
305 1 2661274296 LICK
305 1 2661437412 LICK
305 1 2661497372 RESP_END
305 1 2660464820 REWARD_END
306 1 2665176340 STIM_START
306 1 2668898540 LICK
306 1 2668951800 STIM_END_RESP_START
306 1 2669166212 LICK
306 1 2669166752 REWARD_START
306 1 2669387232 LICK
306 1 2669556800 LICK
306 1 2669723348 LICK
306 1 2669911964 LICK
306 1 2670075716 LICK
306 1 2670151816 RESP_END
306 1 2669179824 REWARD_END
307 0 2672993584 STIM_START
307 0 2676455080 LICK
307 0 2676519008 STIM_END_RESP_START
307 0 2676592200 LICK
307 0 2676592736 TIMEOUT_START
307 0 2676651428 LICK
307 0 2676651960 TIMEOUT_START
307 0 2677523568 LICK
307 0 2677524100 TIMEOUT_START
307 0 2677719056 RESP_END
307 0 2684524672 TIMEOUT_END
308 1 2686535748 STIM_START
308 1 2690561208 STIM_END_RESP_START
308 1 2691042088 LICK
308 1 2691042628 REWARD_START
308 1 2691248872 LICK
308 1 2691424532 LICK
308 1 2691573080 LICK
308 1 2691757476 LICK
308 1 2691761232 RESP_END
308 1 2691055688 REWARD_END
309 0 2695585180 STIM_START
309 0 2699360636 STIM_END_RESP_START
309 0 2700560652 RESP_END
310 1 2702300248 STIM_START
310 1 2705575640 STIM_END_RESP_START
310 1 2705846328 LICK
310 1 2705846860 REWARD_START
310 1 2706033176 LICK
310 1 2706185588 LICK
310 1 2706365056 LICK
310 1 2706556688 LICK
310 1 2706775660 RESP_END
310 1 2705859936 REWARD_END
311 0 2710296500 STIM_START
311 0 2713571896 STIM_END_RESP_START
311 0 2714475772 LICK
311 0 2714476304 TIMEOUT_START
311 0 2714653904 LICK
311 0 2714654436 TIMEOUT_START
311 0 2714771936 RESP_END
311 0 2721655000 TIMEOUT_END
312 0 2723613608 STIM_START
312 0 2727139012 STIM_END_RESP_START
312 0 2727161340 LICK
312 0 2727161876 TIMEOUT_START
312 0 2727327972 LICK
312 0 2727328504 TIMEOUT_START
312 0 2727632240 LICK
312 0 2727632768 TIMEOUT_START
312 0 2727826156 LICK
312 0 2727826696 TIMEOUT_START
312 0 2728056356 LICK
312 0 2728056892 TIMEOUT_START
312 0 2728339060 RESP_END
312 0 2735057440 TIMEOUT_END
313 0 2737140792 STIM_START
313 0 2740416184 STIM_END_RESP_START
313 0 2741616196 RESP_END
314 1 2743521840 STIM_START
314 1 2747547296 STIM_END_RESP_START
314 1 2747796876 LICK
314 1 2747797408 REWARD_START
314 1 2748006076 LICK
314 1 2748198600 LICK
314 1 2748359316 LICK
314 1 2748530044 LICK
314 1 2748747332 RESP_END
314 1 2747810488 REWARD_END
315 1 2750873988 STIM_START
315 1 2751064416 LICK
315 1 2751209864 LICK
315 1 2754257844 LICK
315 1 2754418304 LICK
315 1 2754493820 LICK
315 1 2754649424 STIM_END_RESP_START
315 1 2755657684 LICK
315 1 2755658224 REWARD_START
315 1 2755849468 RESP_END
315 1 2755671300 REWARD_END
316 1 2758335140 STIM_START
316 1 2758521648 LICK
316 1 2758685344 LICK
316 1 2761860544 STIM_END_RESP_START
316 1 2762098772 LICK
316 1 2762099304 REWARD_START
316 1 2762316708 LICK
316 1 2762471068 LICK
316 1 2762665588 LICK
316 1 2763060564 RESP_END
316 1 2762112384 REWARD_END
317 0 2764857260 STIM_START
317 0 2765064744 LICK
317 0 2765221760 LICK
317 0 2765267876 LICK
317 0 2768632684 STIM_END_RESP_START
317 0 2769832696 RESP_END
318 0 2772023340 STIM_START
318 0 2775798788 STIM_END_RESP_START
318 0 2776998800 RESP_END
319 1 2778784408 STIM_START
319 1 2782309812 STIM_END_RESP_START
319 1 2782805272 LICK
319 1 2782805808 REWARD_START
319 1 2782974992 LICK
319 1 2783170636 LICK
319 1 2783509844 RESP_END
319 1 2782818884 REWARD_END
320 1 2786887700 STIM_START
320 1 2790413096 STIM_END_RESP_START
320 1 2790653648 LICK
320 1 2790654184 REWARD_START
320 1 2790839016 LICK
320 1 2791024136 LICK
320 1 2791172020 LICK
320 1 2791613120 RESP_END
320 1 2790667260 REWARD_END
321 0 2794452908 STIM_START
321 0 2797728304 STIM_END_RESP_START
321 0 2798928320 RESP_END
322 1 2800901956 STIM_START
322 1 2804677404 STIM_END_RESP_START
322 1 2804862508 LICK
322 1 2804863052 REWARD_START
322 1 2805048948 LICK
322 1 2805198960 LICK
322 1 2805357024 LICK
322 1 2805877416 RESP_END
322 1 2804876124 REWARD_END
323 1 2808232112 STIM_START
323 1 2812257568 STIM_END_RESP_START
323 1 2812438064 LICK
323 1 2812438604 REWARD_START
323 1 2812631336 LICK
323 1 2812793920 LICK
323 1 2813457592 RESP_END
323 1 2812451676 REWARD_END
324 1 2815583288 STIM_START
324 1 2815803596 LICK
324 1 2815948704 LICK
324 1 2818858684 STIM_END_RESP_START
324 1 2819074004 LICK
324 1 2819074540 REWARD_START
324 1 2819255012 LICK
324 1 2819417324 LICK
324 1 2819605552 LICK
324 1 2820058708 RESP_END
324 1 2819087620 REWARD_END
325 0 2824484680 STIM_START
325 0 2827760080 STIM_END_RESP_START
325 0 2828011768 LICK
325 0 2828012300 TIMEOUT_START
325 0 2828176216 LICK
325 0 2828176756 TIMEOUT_START
325 0 2828716332 LICK
325 0 2828716864 TIMEOUT_START
325 0 2828960108 RESP_END
325 0 2835717436 TIMEOUT_END
326 1 2837465776 STIM_START
326 1 2841491232 STIM_END_RESP_START
326 1 2841865692 LICK
326 1 2841866224 REWARD_START
326 1 2842018600 LICK
326 1 2842193600 LICK
326 1 2842337900 LICK
326 1 2842691280 RESP_END
326 1 2841879304 REWARD_END
327 0 2845411032 STIM_START
327 0 2848686432 STIM_END_RESP_START
327 0 2849886448 RESP_END
328 1 2851935020 STIM_START
328 1 2855821508 LICK
328 1 2855960496 STIM_END_RESP_START
328 1 2856012024 LICK
328 1 2856012556 REWARD_START
328 1 2856222776 LICK
328 1 2856399260 LICK
328 1 2856578616 LICK
328 1 2857160516 RESP_END
328 1 2856025636 REWARD_END
329 0 2859621272 STIM_START
329 0 2862896672 STIM_END_RESP_START
329 0 2864096688 RESP_END
330 0 2866295328 STIM_START
330 0 2869570688 STIM_END_RESP_START
330 0 2870770740 RESP_END
331 1 2872778344 STIM_START
331 1 2876303752 STIM_END_RESP_START
331 1 2876798916 LICK
331 1 2876799460 REWARD_START
331 1 2876962868 LICK
331 1 2877192928 LICK
331 1 2877340928 LICK
331 1 2877503788 RESP_END
331 1 2876812540 REWARD_END
332 1 2879667456 STIM_START
332 1 2883077580 LICK
332 1 2883254316 LICK
332 1 2883430000 LICK
332 1 2883692916 STIM_END_RESP_START
332 1 2883725320 LICK
332 1 2883725848 REWARD_START
332 1 2883787464 LICK
332 1 2883962236 LICK
332 1 2884149892 LICK
332 1 2884892956 RESP_END
332 1 2883738928 REWARD_END
333 0 2887673764 STIM_START
333 0 2891699228 STIM_END_RESP_START
333 0 2891824524 LICK
333 0 2891825056 TIMEOUT_START
333 0 2892070484 LICK
333 0 2892071024 TIMEOUT_START
333 0 2892226460 LICK
333 0 2892226996 TIMEOUT_START
333 0 2892285732 LICK
333 0 2892286268 TIMEOUT_START
333 0 2892899276 RESP_END
333 0 2899286828 TIMEOUT_END
334 1 2901521924 STIM_START
334 1 2905297372 STIM_END_RESP_START
334 1 2905540752 LICK
334 1 2905541288 REWARD_START
334 1 2905729412 LICK
334 1 2905884784 LICK
334 1 2906073840 LICK
334 1 2906429904 LICK
334 1 2906497392 RESP_END
334 1 2905554368 REWARD_END
335 1 2908678056 STIM_START
335 1 2908968180 LICK
335 1 2909173576 LICK
335 1 2911953444 STIM_END_RESP_START
335 1 2912174416 LICK
335 1 2912174948 REWARD_START
335 1 2912333408 LICK
335 1 2912524296 LICK
335 1 2912688972 LICK
335 1 2913153488 RESP_END
335 1 2912188028 REWARD_END
336 0 2915998228 STIM_START
336 0 2919244428 LICK
336 0 2919430940 LICK
336 0 2919523632 STIM_END_RESP_START
336 0 2920294756 LICK
336 0 2920295288 TIMEOUT_START
336 0 2920350300 LICK
336 0 2920350840 TIMEOUT_START
336 0 2920497228 LICK
336 0 2920497760 TIMEOUT_START
336 0 2920723648 RESP_END
336 0 2927498324 TIMEOUT_END
337 0 2946586052 STIM_START
337 0 2950611508 STIM_END_RESP_START
337 0 2951811524 RESP_END
338 0 2953701176 STIM_START
338 0 2957476624 STIM_END_RESP_START
338 0 2958676640 RESP_END
339 1 2960829336 STIM_START
339 1 2964854800 STIM_END_RESP_START
339 1 2965444700 LICK
339 1 2965445236 REWARD_START
339 1 2965625976 LICK
339 1 2965754924 LICK
339 1 2965929176 LICK
339 1 2966054840 RESP_END
339 1 2965458316 REWARD_END
340 1 2967818428 STIM_START
340 1 2971843884 STIM_END_RESP_START
340 1 2971952828 LICK
340 1 2971953368 REWARD_START
340 1 2972144824 LICK
340 1 2972291568 LICK
340 1 2972467228 LICK
340 1 2973043900 RESP_END
340 1 2971966444 REWARD_END
341 1 2975033620 STIM_START
341 1 2978697924 LICK
341 1 2978885852 LICK
341 1 2979039220 LICK
341 1 2979059072 STIM_END_RESP_START
341 1 2979093260 LICK
341 1 2979093800 REWARD_START
341 1 2979359712 LICK
341 1 2979472844 LICK
341 1 2979664492 LICK
341 1 2980259088 RESP_END
341 1 2979106880 REWARD_END
342 0 2982214748 STIM_START
342 0 2985490136 STIM_END_RESP_START
342 0 2986690156 RESP_END
343 1 2990090976 STIM_START
343 1 2993616376 STIM_END_RESP_START
343 1 2993829680 LICK
343 1 2993830220 REWARD_START
343 1 2994021848 LICK
343 1 2994175060 LICK
343 1 2994348884 LICK
343 1 2994816396 RESP_END
343 1 2993843284 REWARD_END
344 0 2996818088 STIM_START
344 0 3000593536 STIM_END_RESP_START
344 0 3001793588 RESP_END
345 1 3003933232 STIM_START
345 1 3007708684 STIM_END_RESP_START
345 1 3008908700 RESP_END
346 0 3010638232 STIM_START
346 0 3013913632 STIM_END_RESP_START
346 0 3015113680 RESP_END
347 0 3017200352 STIM_START
347 0 3021225808 STIM_END_RESP_START
347 0 3022425824 RESP_END
348 1 3024276456 STIM_START
348 1 3027801860 STIM_END_RESP_START
348 1 3029001876 RESP_END
349 1 3030893488 STIM_START
349 1 3034918952 STIM_END_RESP_START
349 1 3036118964 RESP_END
350 0 3038079688 STIM_START
350 0 3041605096 STIM_END_RESP_START
350 0 3042805112 RESP_END
351 0 3044923760 STIM_START
351 0 3048199152 STIM_END_RESP_START
351 0 3049399168 RESP_END
352 1 3051273788 STIM_START
352 1 3055049240 STIM_END_RESP_START
352 1 3056249256 RESP_END
353 0 3058364844 STIM_START
353 0 3061640244 STIM_END_RESP_START
353 0 3062840252 RESP_END
354 1 3064657840 STIM_START
354 1 3067933236 STIM_END_RESP_START
354 1 3069133252 RESP_END
355 0 3071174940 STIM_START
355 0 3075200404 STIM_END_RESP_START
USER_EXIT