001 1 0004970080 STIM_START
001 1 0008995564 STIM_END_RESP_START
001 1 0009826876 LICK
001 1 0009827268 REWARD_START
001 1 0009996188 LICK
001 1 0010195584 RESP_END
001 1 0009840196 REWARD_END
002 1 0039758768 STIM_START
002 1 0043534224 STIM_END_RESP_START
002 1 0043770788 LICK
002 1 0043771232 REWARD_START
002 1 0043937876 LICK
002 1 0044207456 LICK
002 1 0044412508 LICK
002 1 0044605384 LICK
002 1 0044734240 RESP_END
002 1 0043784204 REWARD_END
003 0 0051291632 STIM_START
003 0 0051439020 LICK
003 0 0055013320 LICK
003 0 0055067072 STIM_END_RESP_START
003 0 0055729344 LICK
003 0 0055729780 TIMEOUT_START
003 0 0056267096 RESP_END
003 0 0062730236 TIMEOUT_END
004 0 0064485780 STIM_START
004 0 0067761180 STIM_END_RESP_START
004 0 0068961228 RESP_END
005 0 0071164880 STIM_START
005 0 0074690292 STIM_END_RESP_START
005 0 0075890308 RESP_END
006 1 0077838008 STIM_START
006 1 0081363416 STIM_END_RESP_START
006 1 0082424864 LICK
006 1 0082425300 REWARD_START
006 1 0082563456 RESP_END
006 1 0082438276 REWARD_END
007 0 0085983308 STIM_START
007 0 0090008808 STIM_END_RESP_START
007 0 0091127208 LICK
007 0 0091127648 TIMEOUT_START
007 0 0091208848 RESP_END
007 0 0098128112 TIMEOUT_END
008 0 0100266600 STIM_START
008 0 0101686464 LICK
008 0 0101797524 LICK
008 0 0101931896 LICK
008 0 0102221608 LICK
008 0 0102390160 LICK
008 0 0102634676 LICK
008 0 0103000420 LICK
008 0 0103205496 LICK
008 0 0103759288 LICK
008 0 0104292072 STIM_END_RESP_START
008 0 0105001076 LICK
008 0 0105001556 TIMEOUT_START
008 0 0105188332 LICK
008 0 0105188820 TIMEOUT_START
008 0 0105427492 LICK
008 0 0105427980 TIMEOUT_START
008 0 0105492104 RESP_END
008 0 0112428472 TIMEOUT_END
009 0 0116121196 STIM_START
009 0 0118448740 LICK
009 0 0118559532 LICK
009 0 0119491700 LICK
009 0 0120146672 STIM_END_RESP_START
009 0 0120148432 LICK
009 0 0120148924 TIMEOUT_START
009 0 0120631632 LICK
009 0 0120632116 TIMEOUT_START
009 0 0121346704 RESP_END
009 0 0127632616 TIMEOUT_END
010 1 0135768400 STIM_START
010 1 0137831172 LICK
010 1 0137893876 LICK
010 1 0139543844 STIM_END_RESP_START
010 1 0140743880 RESP_END
011 1 0150528804 STIM_START
011 1 0153804184 STIM_END_RESP_START
011 1 0154024912 LICK
011 1 0154025400 REWARD_START
011 1 0154211692 LICK
011 1 0154386512 LICK
011 1 0154563136 LICK
011 1 0154768064 LICK
011 1 0155004204 RESP_END
011 1 0154038404 REWARD_END
012 0 0156929836 STIM_START
012 0 0156985492 LICK
012 0 0160205220 STIM_END_RESP_START
012 0 0161405252 RESP_END
013 0 0163332868 STIM_START
013 0 0166858292 STIM_END_RESP_START
013 0 0168058328 RESP_END
014 1 0170735084 STIM_START
014 1 0174260508 STIM_END_RESP_START
014 1 0174474312 LICK
014 1 0174474796 REWARD_START
014 1 0174747244 LICK
014 1 0174895432 LICK
014 1 0175109680 LICK
014 1 0175460540 RESP_END
014 1 0174487820 REWARD_END
015 1 0178578376 STIM_START
015 1 0178705540 LICK
015 1 0182603872 STIM_END_RESP_START
015 1 0182789172 LICK
015 1 0182789656 REWARD_START
015 1 0182952664 LICK
015 1 0183128508 LICK
015 1 0183295384 LICK
015 1 0183803900 RESP_END
015 1 0182802660 REWARD_END
016 0 0186660716 STIM_START
016 0 0186686640 LICK
016 0 0190186148 STIM_END_RESP_START
016 0 0191386180 RESP_END
017 1 0193140816 STIM_START
017 1 0197166292 STIM_END_RESP_START
017 1 0197580292 LICK
017 1 0197580776 REWARD_START
017 1 0197809756 LICK
017 1 0197969332 LICK
017 1 0198179212 LICK
017 1 0198366332 RESP_END
017 1 0197593800 REWARD_END
018 1 0201919196 STIM_START
018 1 0202039636 LICK
018 1 0205694656 STIM_END_RESP_START
018 1 0205911328 LICK
018 1 0205911812 REWARD_START
018 1 0206090200 LICK
018 1 0206282188 LICK
018 1 0206450176 LICK
018 1 0206633804 LICK
018 1 0206894668 RESP_END
018 1 0205924836 REWARD_END
019 0 0210389620 STIM_START
019 0 0213915044 STIM_END_RESP_START
019 0 0215115080 RESP_END
020 1 0217274680 STIM_START
020 1 0221050112 STIM_END_RESP_START
020 1 0221426960 LICK
020 1 0221427448 REWARD_START
020 1 0221590652 LICK
020 1 0221799700 LICK
020 1 0222018040 LICK
020 1 0222201452 LICK
020 1 0222250140 RESP_END
020 1 0221440472 REWARD_END
USER_EXIT