001 1 0005878700 STIM_START
001 1 0009154084 STIM_END_RESP_START
001 1 0010075996 LICK
001 1 0010076440 REWARD_START
001 1 0010282764 LICK
001 1 0010354124 RESP_END
001 1 0010089404 REWARD_END
002 0 0022043284 STIM_START
002 0 0024430724 LICK
002 0 0025450200 LICK
002 0 0025619300 LICK
002 0 0025818732 STIM_END_RESP_START
002 0 0026116200 LICK
002 0 0026116636 TIMEOUT_START
002 0 0026518968 LICK
002 0 0026519404 TIMEOUT_START
002 0 0026741208 LICK
002 0 0026741644 TIMEOUT_START
002 0 0027018752 RESP_END
002 0 0033742096 TIMEOUT_END
003 0 0037848868 STIM_START
003 0 0039545336 LICK
003 0 0039733836 LICK
003 0 0039928556 LICK
003 0 0040249652 LICK
003 0 0040543348 LICK
003 0 0040943040 LICK
003 0 0041124244 STIM_END_RESP_START
003 0 0041198820 LICK
003 0 0041199256 TIMEOUT_START
003 0 0041465736 LICK
003 0 0041466176 TIMEOUT_START
003 0 0041734044 LICK
003 0 0041734488 TIMEOUT_START
003 0 0042007800 LICK
003 0 0042008236 TIMEOUT_START
003 0 0042324272 RESP_END
003 0 0049008688 TIMEOUT_END
004 1 0050778036 STIM_START
004 1 0052015608 LICK
004 1 0052226988 LICK
004 1 0052654956 LICK
004 1 0052842476 LICK
004 1 0053278780 LICK
004 1 0053332060 LICK
004 1 0054149620 LICK
004 1 0054350612 LICK
004 1 0054553476 STIM_END_RESP_START
004 1 0054840580 LICK
004 1 0054841016 REWARD_START
004 1 0055121140 LICK
004 1 0055330864 LICK
004 1 0055499332 LICK
004 1 0055676820 LICK
004 1 0055753516 RESP_END
004 1 0054853992 REWARD_END
005 0 0058379236 STIM_START
005 0 0058513672 LICK
005 0 0058651988 LICK
005 0 0061654632 STIM_END_RESP_START
005 0 0062854660 RESP_END
006 1 0064815312 STIM_START
006 1 0066133452 LICK
006 1 0066314040 LICK
006 1 0066498696 LICK
006 1 0066778420 LICK
006 1 0066961168 LICK
006 1 0067022660 LICK
006 1 0067877432 LICK
006 1 0068178424 LICK
006 1 0068321424 LICK
006 1 0068588256 LICK
006 1 0068840776 STIM_END_RESP_START
006 1 0070040800 RESP_END
007 1 0073265740 STIM_START
007 1 0073515176 LICK
007 1 0073719656 LICK
007 1 0076541144 STIM_END_RESP_START
007 1 0076811320 LICK
007 1 0076811760 REWARD_START
007 1 0076951112 LICK
007 1 0077136636 LICK
007 1 0077277916 LICK
007 1 0077423200 LICK
007 1 0077741168 RESP_END
007 1 0076824732 REWARD_END
008 1 0080995976 STIM_START
008 1 0084521384 STIM_END_RESP_START
008 1 0084877012 LICK
008 1 0084877456 REWARD_START
008 1 0085003216 LICK
008 1 0085183992 LICK
008 1 0085353208 LICK
008 1 0085693776 LICK
008 1 0085721400 RESP_END
008 1 0084890424 REWARD_END
009 0 0088499224 STIM_START
009 0 0089433416 LICK
009 0 0092137328 LICK
009 0 0092274664 STIM_END_RESP_START
009 0 0092297548 LICK
009 0 0092297984 TIMEOUT_START
009 0 0093474680 RESP_END
009 0 0099298436 TIMEOUT_END
010 1 0131711212 STIM_START
010 1 0135486684 STIM_END_RESP_START
010 1 0136070624 LICK
010 1 0136071108 REWARD_START
010 1 0136238024 LICK
010 1 0136374728 LICK
010 1 0136523724 LICK
010 1 0136686708 RESP_END
010 1 0136084128 REWARD_END
011 0 0138652352 STIM_START
011 0 0138710436 LICK
011 0 0142177788 STIM_END_RESP_START
011 0 0142513116 LICK
011 0 0142513604 TIMEOUT_START
011 0 0142691632 LICK
011 0 0142692116 TIMEOUT_START
011 0 0143359260 LICK
011 0 0143359748 TIMEOUT_START
011 0 0143377800 RESP_END
011 0 0150360256 TIMEOUT_END
012 0 0154113860 STIM_START
012 0 0157560096 LICK
012 0 0157639264 STIM_END_RESP_START
012 0 0157741520 LICK
012 0 0157742004 TIMEOUT_START
012 0 0158488560 LICK
012 0 0158489048 TIMEOUT_START
012 0 0158839292 RESP_END
012 0 0165489560 TIMEOUT_END
013 1 0167919140 STIM_START
013 1 0171194520 STIM_END_RESP_START
013 1 0171610436 LICK
013 1 0171610920 REWARD_START
013 1 0171792728 LICK
013 1 0171957440 LICK
013 1 0172110096 LICK
013 1 0172394552 RESP_END
013 1 0171623944 REWARD_END
014 0 0174300180 STIM_START
014 0 0174321512 LICK
014 0 0175488896 LICK
014 0 0175664268 LICK
014 0 0178075628 STIM_END_RESP_START
014 0 0179190300 LICK
014 0 0179190792 TIMEOUT_START
014 0 0179275660 RESP_END
014 0 0186191292 TIMEOUT_END
015 1 0188143484 STIM_START
015 1 0191668908 STIM_END_RESP_START
015 1 0191876284 LICK
015 1 0191876768 REWARD_START
015 1 0192019804 LICK
015 1 0192172000 LICK
015 1 0192298856 LICK
015 1 0192474888 LICK
015 1 0192868924 RESP_END
015 1 0191889792 REWARD_END
016 0 0196447824 STIM_START
016 0 0200473304 STIM_END_RESP_START
016 0 0201673336 RESP_END
017 0 0203418940 STIM_START
017 0 0204408024 LICK
017 0 0204507128 LICK
017 0 0204628232 LICK
017 0 0204720576 LICK
017 0 0205078164 LICK
017 0 0205192948 LICK
017 0 0205481716 LICK
017 0 0205591680 LICK
017 0 0205699476 LICK
017 0 0206213244 LICK
017 0 0206334464 LICK
017 0 0206884720 LICK
017 0 0207194392 STIM_END_RESP_START
017 0 0207225828 LICK
017 0 0207226316 TIMEOUT_START
017 0 0207600016 LICK
017 0 0207600500 TIMEOUT_START
017 0 0207627016 LICK
017 0 0207627508 TIMEOUT_START
017 0 0207753884 LICK
017 0 0207754376 TIMEOUT_START
017 0 0208394424 RESP_END
017 0 0214754880 TIMEOUT_END
018 1 0217205196 STIM_START
018 1 0221230676 STIM_END_RESP_START
018 1 0221497536 LICK
018 1 0221498024 REWARD_START
018 1 0221681160 LICK
018 1 0221849436 LICK
018 1 0222012784 LICK
018 1 0222430704 RESP_END
018 1 0221511044 REWARD_END
019 0 0224299324 STIM_START
019 0 0224479636 LICK
019 0 0224618988 LICK
019 0 0228074768 STIM_END_RESP_START
019 0 0229274800 RESP_END
020 0 0231418540 STIM_START
020 0 0235194012 STIM_END_RESP_START
020 0 0236394048 RESP_END
021 1 0238500704 STIM_START
021 1 0242276136 STIM_END_RESP_START
021 1 0243469384 LICK
021 1 0243469868 REWARD_START
021 1 0243482932 RESP_END
021 1 0243482888 REWARD_END
022 0 0246256964 STIM_START
022 0 0247537580 LICK
022 0 0247749276 LICK
022 0 0248601764 LICK
022 0 0248832912 LICK
022 0 0249312348 LICK
022 0 0250032408 STIM_END_RESP_START
022 0 0251232440 RESP_END
023 0 0254004232 STIM_START
023 0 0257279644 STIM_END_RESP_START
023 0 0258479680 RESP_END
024 1 0260523300 STIM_START
024 1 0263798712 STIM_END_RESP_START
024 1 0264998748 RESP_END
025 0 0267246396 STIM_START
025 0 0267485480 LICK
025 0 0267632536 LICK
025 0 0270521792 STIM_END_RESP_START
025 0 0271721824 RESP_END
026 0 0273666424 STIM_START
026 0 0276941840 STIM_END_RESP_START
026 0 0278141868 RESP_END
027 0 0280197520 STIM_START
027 0 0283722944 STIM_END_RESP_START
027 0 0284922980 RESP_END
028 1 0286727532 STIM_START
028 1 0287327616 LICK
028 1 0287550752 LICK
028 1 0287703700 LICK
028 1 0287811044 LICK
028 1 0288318308 LICK
028 1 0290503008 STIM_END_RESP_START
028 1 0290781220 LICK
028 1 0290781708 REWARD_START
028 1 0290930256 LICK
028 1 0291091956 LICK
028 1 0291231232 LICK
028 1 0291703052 RESP_END
028 1 0290794732 REWARD_END
029 0 0296344132 STIM_START
029 0 0296738644 LICK
029 0 0300369620 STIM_END_RESP_START
029 0 0301569652 RESP_END
030 1 0303699336 STIM_START
030 1 0307474768 STIM_END_RESP_START
030 1 0307675344 LICK
030 1 0307675832 REWARD_START
030 1 0307836996 LICK
030 1 0308016260 LICK
030 1 0308162320 LICK
030 1 0308674792 RESP_END
030 1 0307688856 REWARD_END
031 0 0310573412 STIM_START
031 0 0310752864 LICK
031 0 0314098820 STIM_END_RESP_START
031 0 0315298856 RESP_END
032 0 0317325560 STIM_START
032 0 0321100992 STIM_END_RESP_START
032 0 0321816600 LICK
032 0 0321817084 TIMEOUT_START
032 0 0321997720 LICK
032 0 0321998208 TIMEOUT_START
032 0 0322301016 RESP_END
032 0 0328998716 TIMEOUT_END
033 1 0331203776 STIM_START
033 1 0334479188 STIM_END_RESP_START
033 1 0334677548 LICK
033 1 0334678040 REWARD_START
033 1 0334799100 LICK
033 1 0334974280 LICK
033 1 0335108524 LICK
033 1 0335244884 LICK
033 1 0335679216 RESP_END
033 1 0334691056 REWARD_END
034 0 0338928076 STIM_START
034 0 0339144052 LICK
034 0 0339281228 LICK
034 0 0342203476 STIM_END_RESP_START
034 0 0343403504 RESP_END
035 0 0346747336 STIM_START
035 0 0350522808 STIM_END_RESP_START
035 0 0350993092 LICK
035 0 0350993584 TIMEOUT_START
035 0 0351166008 LICK
035 0 0351166500 TIMEOUT_START
035 0 0351722840 RESP_END
035 0 0358167008 TIMEOUT_END
036 1 0360168568 STIM_START
036 1 0363443980 STIM_END_RESP_START
036 1 0363680244 LICK
036 1 0363680728 REWARD_START
036 1 0363850796 LICK
036 1 0364013964 LICK
036 1 0364167404 LICK
036 1 0364644020 RESP_END
036 1 0363693752 REWARD_END
037 1 0368245884 STIM_START
037 1 0368283532 LICK
037 1 0371771312 STIM_END_RESP_START
037 1 0371938652 LICK
037 1 0371939136 REWARD_START
037 1 0372144176 LICK
037 1 0372287068 LICK
037 1 0372440328 LICK
037 1 0372597712 LICK
037 1 0372784732 LICK
037 1 0372971336 RESP_END
037 1 0371952160 REWARD_END
038 1 0375095980 STIM_START
038 1 0378621408 STIM_END_RESP_START
038 1 0379775180 LICK
038 1 0379775664 REWARD_START
038 1 0379821432 RESP_END
038 1 0379788692 REWARD_END
039 0 0384043480 STIM_START
039 0 0384386772 LICK
039 0 0387568916 STIM_END_RESP_START
039 0 0387839060 LICK
039 0 0387839548 TIMEOUT_START
039 0 0388015172 LICK
039 0 0388015656 TIMEOUT_START
039 0 0388227932 LICK
039 0 0388228424 TIMEOUT_START
039 0 0388768948 RESP_END
039 0 0395228928 TIMEOUT_END
040 0 0397287608 STIM_START
040 0 0400874100 LICK
040 0 0401050688 LICK
040 0 0401063072 STIM_END_RESP_START
040 0 0401263288 LICK
040 0 0401263776 TIMEOUT_START
040 0 0402263096 RESP_END
040 0 0408264272 TIMEOUT_END
041 1 0410363740 STIM_START
041 1 0413889164 STIM_END_RESP_START
041 1 0414239804 LICK
041 1 0414240292 REWARD_START
041 1 0414406312 LICK
041 1 0414574580 LICK
041 1 0414739924 LICK
041 1 0415089180 RESP_END
041 1 0414253312 REWARD_END
042 0 0420235368 STIM_START
042 0 0423245660 LICK
042 0 0423423656 LICK
042 0 0423591664 LICK
042 0 0424010816 STIM_END_RESP_START
042 0 0425103640 LICK
042 0 0425104124 TIMEOUT_START
042 0 0425210860 RESP_END
042 0 0432104632 TIMEOUT_END
043 0 0434168608 STIM_START
043 0 0437443988 STIM_END_RESP_START
043 0 0438644024 RESP_END
044 1 0440684632 STIM_START
044 1 0444460064 STIM_END_RESP_START
044 1 0444853180 LICK
044 1 0444853672 REWARD_START
044 1 0445033928 LICK
044 1 0445191316 LICK
044 1 0445355312 LICK
044 1 0445660112 RESP_END
044 1 0444866696 REWARD_END
045 1 0450683276 STIM_START
045 1 0454624088 LICK
045 1 0454708748 STIM_END_RESP_START
045 1 0454902020 LICK
045 1 0454902504 REWARD_START
045 1 0455115140 LICK
045 1 0455300744 LICK
045 1 0455449860 LICK
045 1 0455908792 RESP_END
045 1 0454915528 REWARD_END
046 0 0459008608 STIM_START
046 0 0462784076 STIM_END_RESP_START
046 0 0463984112 RESP_END
047 0 0465998800 STIM_START
047 0 0470024284 STIM_END_RESP_START
047 0 0470116776 LICK
047 0 0470117264 TIMEOUT_START
047 0 0470323776 LICK
047 0 0470324268 TIMEOUT_START
047 0 0470497180 LICK
047 0 0470497672 TIMEOUT_START
047 0 0471224312 RESP_END
047 0 0477498184 TIMEOUT_END
048 1 0479705044 STIM_START
048 1 0482980428 STIM_END_RESP_START
048 1 0483186864 LICK
048 1 0483187352 REWARD_START
048 1 0483401152 LICK
048 1 0483673128 LICK
048 1 0483830180 LICK
048 1 0484045892 LICK
048 1 0484180452 RESP_END
048 1 0483200376 REWARD_END
049 0 0486159084 STIM_START
049 0 0489684512 STIM_END_RESP_START
049 0 0490884548 RESP_END
050 1 0492797232 STIM_START
050 1 0496072608 STIM_END_RESP_START
050 1 0496662072 LICK
050 1 0496662560 REWARD_START
050 1 0496833364 LICK
050 1 0497005424 LICK
050 1 0497153744 LICK
050 1 0497272648 RESP_END
050 1 0496675576 REWARD_END
051 0 0499958348 STIM_START
051 0 0500137796 LICK
051 0 0500311948 LICK
051 0 0503733800 STIM_END_RESP_START
051 0 0504933832 RESP_END
052 0 0506815432 STIM_START
052 0 0510840920 STIM_END_RESP_START
052 0 0511947920 LICK
052 0 0511948408 TIMEOUT_START
052 0 0512040936 RESP_END
052 0 0518948924 TIMEOUT_END
053 0 0520789748 STIM_START
053 0 0524815228 STIM_END_RESP_START
053 0 0525710060 LICK
053 0 0525710548 TIMEOUT_START
053 0 0525946096 LICK
053 0 0525946576 TIMEOUT_START
053 0 0526015264 RESP_END
053 0 0532947092 TIMEOUT_END
USER_EXIT