001 1 5 6 0008753012 STIM_START
001 1 5 6 0011945448 LICK
001 1 5 6 0012778508 STIM_END_RESP_START
001 1 5 6 0012965784 LICK
001 1 5 6 0012966224 REWARD_START
001 1 5 6 0013121612 LICK
001 1 5 6 0013608152 LICK
001 1 5 6 0013978540 RESP_END
001 1 5 6 0012979192 REWARD_END
002 2 2 8 0018967688 STIM_START
002 2 2 8 0022093064 STIM_END_RESP_START
002 2 2 8 0023293080 RESP_END
003 1 5 8 0025109752 STIM_START
003 1 5 8 0029135232 STIM_END_RESP_START
003 1 5 8 0029492992 LICK
003 1 5 8 0029493432 REWARD_START
003 1 5 8 0029643272 LICK
003 1 5 8 0030215232 LICK
003 1 5 8 0030335260 RESP_END
003 1 5 8 0029506400 REWARD_END
004 1 3 6 0033606080 STIM_START
004 1 3 6 0033701204 LICK
004 1 3 6 0033892328 LICK
004 1 3 6 0036881460 STIM_END_RESP_START
004 1 3 6 0037054380 LICK
004 1 3 6 0037054824 REWARD_START
004 1 3 6 0037195020 LICK
004 1 3 6 0037371964 LICK
004 1 3 6 0037914784 LICK
004 1 3 6 0038081488 RESP_END
004 1 3 6 0037067796 REWARD_END
005 0 1 4 0041319312 STIM_START
005 0 1 4 0041683028 LICK
005 0 1 4 0044394688 STIM_END_RESP_START
005 0 1 4 0045594708 RESP_END
006 1 1 2 0047308336 STIM_START
006 1 1 2 0050383684 STIM_END_RESP_START
006 1 1 2 0050776108 LICK
006 1 1 2 0050776548 REWARD_START
006 1 1 2 0050935044 LICK
006 1 1 2 0051183472 LICK
006 1 1 2 0051318748 LICK
006 1 1 2 0051583720 RESP_END
006 1 1 2 0050789524 REWARD_END
007 0 1 5 0054915524 STIM_START
007 0 1 5 0057990908 STIM_END_RESP_START
007 0 1 5 0059190928 RESP_END
008 0 4 10 0060917484 STIM_START
008 0 4 10 0064442908 STIM_END_RESP_START
008 0 4 10 0065642928 RESP_END
009 0 1 1 0067350572 STIM_START
009 0 1 1 0070425916 STIM_END_RESP_START
009 0 1 1 0071625936 RESP_END
010 1 3 3 0073760616 STIM_START
010 1 3 3 0077036004 STIM_END_RESP_START
010 1 3 3 0077265392 LICK
010 1 3 3 0077265832 REWARD_START
010 1 3 3 0077442208 LICK
010 1 3 3 0077947236 LICK
010 1 3 3 0078236032 RESP_END
010 1 3 3 0077278808 REWARD_END
011 1 4 1 0080963776 STIM_START
011 1 4 1 0084489188 STIM_END_RESP_START
011 1 4 1 0084655084 LICK
011 1 4 1 0084655528 REWARD_START
011 1 4 1 0084796604 LICK
011 1 4 1 0085333120 LICK
011 1 4 1 0085689212 RESP_END
011 1 4 1 0084668484 REWARD_END
012 2 4 4 0087769868 STIM_START
012 2 4 4 0091295288 STIM_END_RESP_START
012 2 4 4 0091450064 LICK
012 2 4 4 0091450508 REWARD_START
012 2 4 4 0091618728 LICK
012 2 4 4 0091963716 LICK
012 2 4 4 0092487160 LICK
012 2 4 4 0092495324 RESP_END
012 2 4 4 0091463476 REWARD_END
013 0 3 5 0095861172 STIM_START
013 0 3 5 0096155468 LICK
013 0 3 5 0099136548 STIM_END_RESP_START
013 0 3 5 0099472488 LICK
013 0 3 5 0099472924 TIMEOUT_START
013 0 3 5 0099633284 LICK
013 0 3 5 0099633720 TIMEOUT_START
013 0 3 5 0100336568 RESP_END
013 0 3 5 0106634156 TIMEOUT_END
014 0 1 1 0108326248 STIM_START
014 0 1 1 0111401608 STIM_END_RESP_START
014 0 1 1 0112412844 LICK
014 0 1 1 0112413324 TIMEOUT_START
014 0 1 1 0112601648 RESP_END
014 0 1 1 0119413812 TIMEOUT_END
015 2 3 1 0121124308 STIM_START
015 2 3 1 0124399712 STIM_END_RESP_START
015 2 3 1 0124605020 LICK
015 2 3 1 0124605508 REWARD_START
015 2 3 1 0124752104 LICK
015 2 3 1 0125280636 LICK
015 2 3 1 0125599764 RESP_END
015 2 3 1 0124618524 REWARD_END
016 0 5 3 0128147416 STIM_START
016 0 5 3 0132172912 STIM_END_RESP_START
016 0 5 3 0132441476 LICK
016 0 5 3 0132441956 TIMEOUT_START
016 0 5 3 0132586060 LICK
016 0 5 3 0132586548 TIMEOUT_START
016 0 5 3 0132783232 LICK
016 0 5 3 0132783716 TIMEOUT_START
016 0 5 3 0132818688 LICK
016 0 5 3 0132819176 TIMEOUT_START
016 0 5 3 0133372964 RESP_END
016 0 5 3 0139819656 TIMEOUT_END
017 2 5 9 0141555608 STIM_START
017 2 5 9 0145566160 LICK
017 2 5 9 0145581108 STIM_END_RESP_START
017 2 5 9 0145721428 LICK
017 2 5 9 0145721916 REWARD_START
017 2 5 9 0146781124 RESP_END
017 2 5 9 0145734936 REWARD_END
018 0 2 5 0148473712 STIM_START
018 0 2 5 0151599112 STIM_END_RESP_START
018 0 2 5 0152799144 RESP_END
019 1 3 3 0154506724 STIM_START
019 1 3 3 0157782132 STIM_END_RESP_START
019 1 3 3 0158093812 LICK
019 1 3 3 0158094296 REWARD_START
019 1 3 3 0158622516 LICK
019 1 3 3 0158982188 RESP_END
019 1 3 3 0158107316 REWARD_END
020 1 2 8 0161514816 STIM_START
020 1 2 8 0164640208 STIM_END_RESP_START
020 1 2 8 0164893844 LICK
020 1 2 8 0164894328 REWARD_START
020 1 2 8 0165015836 LICK
020 1 2 8 0165537532 LICK
020 1 2 8 0165729396 LICK
020 1 2 8 0165840236 RESP_END
020 1 2 8 0164907348 REWARD_END
021 0 4 5 0168891052 STIM_START
021 0 4 5 0172416488 STIM_END_RESP_START
021 0 4 5 0173616524 RESP_END
022 2 1 10 0175324084 STIM_START
022 2 1 10 0178399452 STIM_END_RESP_START
022 2 1 10 0178902068 LICK
022 2 1 10 0178902552 REWARD_START
022 2 1 10 0179046956 LICK
022 2 1 10 0179364012 LICK
022 2 1 10 0179599468 RESP_END
022 2 1 10 0178915576 REWARD_END
023 2 3 8 0182882300 STIM_START
023 2 3 8 0186157708 STIM_END_RESP_START
023 2 3 8 0186306216 LICK
023 2 3 8 0186306704 REWARD_START
023 2 3 8 0186470500 LICK
023 2 3 8 0186823112 LICK
023 2 3 8 0186995448 LICK
023 2 3 8 0187357740 RESP_END
023 2 3 8 0186319720 REWARD_END
024 1 5 5 0190616592 STIM_START
024 1 5 5 0190949728 LICK
024 1 5 5 0194642044 STIM_END_RESP_START
024 1 5 5 0194901832 LICK
024 1 5 5 0194902324 REWARD_START
024 1 5 5 0195050080 LICK
024 1 5 5 0195360960 LICK
024 1 5 5 0195842092 RESP_END
024 1 5 5 0194915344 REWARD_END
025 0 1 4 0197823764 STIM_START
025 0 1 4 0197963628 LICK
025 0 1 4 0198100712 LICK
025 0 1 4 0200899140 STIM_END_RESP_START
025 0 1 4 0202099176 RESP_END
026 0 4 7 0203828724 STIM_START
026 0 4 7 0206429240 LICK
026 0 4 7 0207354136 STIM_END_RESP_START
026 0 4 7 0207630124 LICK
026 0 4 7 0207630612 TIMEOUT_START
026 0 4 7 0208554160 RESP_END
026 0 4 7 0214631092 TIMEOUT_END
027 0 5 4 0216368716 STIM_START
027 0 5 4 0220394212 STIM_END_RESP_START
027 0 5 4 0220745932 LICK
027 0 5 4 0220746416 TIMEOUT_START
027 0 5 4 0220904112 LICK
027 0 5 4 0220904600 TIMEOUT_START
027 0 5 4 0221594256 RESP_END
027 0 5 4 0227905084 TIMEOUT_END
028 2 5 10 0229649928 STIM_START
028 2 5 10 0233250436 LICK
028 2 5 10 0233390588 LICK
028 2 5 10 0233675400 STIM_END_RESP_START
028 2 5 10 0233947192 LICK
028 2 5 10 0233947680 REWARD_START
028 2 5 10 0233986428 LICK
028 2 5 10 0234653796 LICK
028 2 5 10 0234875424 RESP_END
028 2 5 10 0233960700 REWARD_END
029 0 2 2 0237077124 STIM_START
029 0 2 2 0240202516 STIM_END_RESP_START
029 0 2 2 0240728504 LICK
029 0 2 2 0240728984 TIMEOUT_START
029 0 2 2 0240886860 LICK
029 0 2 2 0240887344 TIMEOUT_START
029 0 2 2 0241402544 RESP_END
029 0 2 2 0247887836 TIMEOUT_END
030 0 4 1 0249614120 STIM_START
030 0 4 1 0253139556 STIM_END_RESP_START
030 0 4 1 0253294860 LICK
030 0 4 1 0253295344 TIMEOUT_START
030 0 4 1 0254339588 RESP_END
030 0 4 1 0260295832 TIMEOUT_END
031 0 3 2 0266433884 STIM_START
031 0 3 2 0269709284 STIM_END_RESP_START
031 0 3 2 0270909316 RESP_END
032 1 3 9 0272626876 STIM_START
032 1 3 9 0275902276 STIM_END_RESP_START
032 1 3 9 0276629856 LICK
032 1 3 9 0276630340 REWARD_START
032 1 3 9 0276826248 LICK
032 1 3 9 0277102304 RESP_END
032 1 3 9 0276643360 REWARD_END
033 0 2 4 0279795132 STIM_START
033 0 2 4 0282920492 STIM_END_RESP_START
033 0 2 4 0283922452 LICK
033 0 2 4 0283922936 TIMEOUT_START
033 0 2 4 0284071992 LICK
033 0 2 4 0284072480 TIMEOUT_START
033 0 2 4 0284120524 RESP_END
033 0 2 4 0291072964 TIMEOUT_END
034 1 5 5 0292817184 STIM_START
034 1 5 5 0296842648 STIM_END_RESP_START
034 1 5 5 0297008792 LICK
034 1 5 5 0297009280 REWARD_START
034 1 5 5 0297204884 LICK
034 1 5 5 0297714140 LICK
034 1 5 5 0298042688 RESP_END
034 1 5 5 0297022296 REWARD_END
035 0 3 2 0299852332 STIM_START
035 0 3 2 0303127700 STIM_END_RESP_START
035 0 3 2 0303259012 LICK
035 0 3 2 0303259496 TIMEOUT_START
035 0 3 2 0303408832 LICK
035 0 3 2 0303409324 TIMEOUT_START
035 0 3 2 0303596604 LICK
035 0 3 2 0303597092 TIMEOUT_START
035 0 3 2 0304327736 RESP_END
035 0 3 2 0310597576 TIMEOUT_END
036 0 1 9 0312301280 STIM_START
036 0 1 9 0315376652 STIM_END_RESP_START
036 0 1 9 0316576684 RESP_END
037 2 5 7 0318324276 STIM_START
037 2 5 7 0322349736 STIM_END_RESP_START
037 2 5 7 0323549772 RESP_END
038 1 1 3 0325254416 STIM_START
038 1 1 3 0328329780 STIM_END_RESP_START
038 1 1 3 0328729984 LICK
038 1 1 3 0328730468 REWARD_START
038 1 1 3 0329318652 LICK
038 1 1 3 0329529804 RESP_END
038 1 1 3 0328743488 REWARD_END
039 1 5 7 0331749464 STIM_START
039 1 5 7 0335774960 STIM_END_RESP_START
039 1 5 7 0335963480 LICK
039 1 5 7 0335963964 REWARD_START
039 1 5 7 0336112748 LICK
039 1 5 7 0336636356 LICK
039 1 5 7 0336974988 RESP_END
039 1 5 7 0335976984 REWARD_END
040 0 5 7 0338725616 STIM_START
040 0 5 7 0342751108 STIM_END_RESP_START
040 0 5 7 0343002684 LICK
040 0 5 7 0343003176 TIMEOUT_START
040 0 5 7 0343151756 LICK
040 0 5 7 0343152244 TIMEOUT_START
040 0 5 7 0343348960 LICK
040 0 5 7 0343349448 TIMEOUT_START
040 0 5 7 0343951140 RESP_END
040 0 5 7 0350349932 TIMEOUT_END
041 1 4 2 0352067744 STIM_START
041 1 4 2 0355593172 STIM_END_RESP_START
041 1 4 2 0355797384 LICK
041 1 4 2 0355797868 REWARD_START
041 1 4 2 0355936016 LICK
041 1 4 2 0356447880 LICK
041 1 4 2 0356793208 RESP_END
041 1 4 2 0355810892 REWARD_END
042 0 3 4 0358510860 STIM_START
042 0 3 4 0361786260 STIM_END_RESP_START
042 0 3 4 0362986296 RESP_END
043 0 5 2 0364726820 STIM_START
043 0 5 2 0368752316 STIM_END_RESP_START
043 0 5 2 0369952352 RESP_END
044 1 4 7 0377698868 STIM_START
044 1 4 7 0381224304 STIM_END_RESP_START
044 1 4 7 0382424344 RESP_END
045 0 1 9 0384126932 STIM_START
045 0 1 9 0387202300 STIM_END_RESP_START
045 0 1 9 0388402336 RESP_END
046 1 3 10 0390123960 STIM_START
046 1 3 10 0393399332 STIM_END_RESP_START
046 1 3 10 0394599364 RESP_END
047 1 4 8 0396326892 STIM_START
047 1 4 8 0399852328 STIM_END_RESP_START
047 1 4 8 0401052364 RESP_END
048 1 1 9 0406180472 STIM_START
048 1 1 9 0409255836 STIM_END_RESP_START
048 1 1 9 0409638044 LICK
048 1 1 9 0409638528 REWARD_START
048 1 1 9 0409802456 LICK
048 1 1 9 0410440052 LICK
048 1 1 9 0410455848 RESP_END
048 1 1 9 0409651544 REWARD_END
049 0 4 5 0415776076 STIM_START
049 0 4 5 0419301484 STIM_END_RESP_START
049 0 4 5 0420501520 RESP_END
050 0 5 10 0422236116 STIM_START
050 0 5 10 0426261580 STIM_END_RESP_START
050 0 5 10 0427461608 RESP_END
051 2 3 9 0429174224 STIM_START
051 2 3 9 0432449632 STIM_END_RESP_START
051 2 3 9 0433649660 RESP_END
052 0 5 6 0435396212 STIM_START
052 0 5 6 0439421668 STIM_END_RESP_START
052 0 5 6 0440621704 RESP_END
053 1 5 1 0442366392 STIM_START
053 1 5 1 0446391852 STIM_END_RESP_START
053 1 5 1 0446804988 LICK
053 1 5 1 0446805480 REWARD_START
053 1 5 1 0446984524 LICK
053 1 5 1 0447516648 LICK
053 1 5 1 0447591880 RESP_END
053 1 5 1 0446818484 REWARD_END
054 0 1 5 0449305488 STIM_START
054 0 1 5 0452380856 STIM_END_RESP_START
054 0 1 5 0453580892 RESP_END
055 1 1 8 0456591696 STIM_START
055 1 1 8 0459667060 STIM_END_RESP_START
055 1 1 8 0459858752 LICK
055 1 1 8 0459859244 REWARD_START
055 1 1 8 0460009492 LICK
055 1 1 8 0460555340 LICK
055 1 1 8 0460867108 RESP_END
055 1 1 8 0459872264 REWARD_END
056 0 4 2 0463750848 STIM_START
056 0 4 2 0467276284 STIM_END_RESP_START
056 0 4 2 0468289480 LICK
056 0 4 2 0468289968 TIMEOUT_START
056 0 4 2 0468476308 RESP_END
056 0 4 2 0475290456 TIMEOUT_END
057 1 2 3 0477001012 STIM_START
057 1 2 3 0480126364 STIM_END_RESP_START
057 1 2 3 0480465232 LICK
057 1 2 3 0480465720 REWARD_START
057 1 2 3 0480656524 LICK
057 1 2 3 0481190212 LICK
057 1 2 3 0481326380 RESP_END
057 1 2 3 0480478740 REWARD_END
058 0 3 5 0483501100 STIM_START
058 0 3 5 0486776500 STIM_END_RESP_START
058 0 3 5 0487801252 LICK
058 0 3 5 0487801736 TIMEOUT_START
058 0 3 5 0487944112 LICK
058 0 3 5 0487944604 TIMEOUT_START
058 0 3 5 0487976536 RESP_END
058 0 3 5 0494945084 TIMEOUT_END
059 0 4 4 0496658188 STIM_START
059 0 4 4 0500183592 STIM_END_RESP_START
059 0 4 4 0500724392 LICK
059 0 4 4 0500724884 TIMEOUT_START
059 0 4 4 0500867904 LICK
059 0 4 4 0500868392 TIMEOUT_START
059 0 4 4 0501383612 RESP_END
059 0 4 4 0507868876 TIMEOUT_END
060 2 1 2 0509579284 STIM_START
060 2 1 2 0510407924 LICK
060 2 1 2 0512584672 LICK
060 2 1 2 0512654644 STIM_END_RESP_START
060 2 1 2 0512865964 LICK
060 2 1 2 0512866452 REWARD_START
060 2 1 2 0513854672 RESP_END
060 2 1 2 0512879468 REWARD_END
061 1 2 1 0515564220 STIM_START
061 1 2 1 0518689572 STIM_END_RESP_START
061 1 2 1 0519112452 LICK
061 1 2 1 0519112944 REWARD_START
061 1 2 1 0519637236 LICK
061 1 2 1 0519889600 RESP_END
061 1 2 1 0519125964 REWARD_END
062 0 2 8 0523177492 STIM_START
062 0 2 8 0526302848 STIM_END_RESP_START
062 0 2 8 0527502884 RESP_END
063 1 4 8 0529221496 STIM_START
063 1 4 8 0532746932 STIM_END_RESP_START
063 1 4 8 0532970884 LICK
063 1 4 8 0532971368 REWARD_START
063 1 4 8 0533113220 LICK
063 1 4 8 0533658932 LICK
063 1 4 8 0533946948 RESP_END
063 1 4 8 0532984388 REWARD_END
064 0 5 9 0536994704 STIM_START
064 0 5 9 0538569352 LICK
064 0 5 9 0539784028 LICK
064 0 5 9 0539875400 LICK
064 0 5 9 0540047900 LICK
064 0 5 9 0540149396 LICK
064 0 5 9 0540280424 LICK
064 0 5 9 0540388888 LICK
064 0 5 9 0540681876 LICK
064 0 5 9 0540858196 LICK
064 0 5 9 0541020152 STIM_END_RESP_START
064 0 5 9 0541905656 LICK
064 0 5 9 0541906148 TIMEOUT_START
064 0 5 9 0542220200 RESP_END
064 0 5 9 0548906632 TIMEOUT_END
065 1 2 3 0550618884 STIM_START
065 1 2 3 0553517996 LICK
065 1 2 3 0553664580 LICK
065 1 2 3 0553744268 STIM_END_RESP_START
065 1 2 3 0553892404 LICK
065 1 2 3 0553892892 REWARD_START
065 1 2 3 0554094376 LICK
065 1 2 3 0554470604 LICK
065 1 2 3 0554641132 LICK
065 1 2 3 0554944300 RESP_END
065 1 2 3 0553905908 REWARD_END
066 1 2 6 0557156980 STIM_START
066 1 2 6 0560282376 STIM_END_RESP_START
066 1 2 6 0560456128 LICK
066 1 2 6 0560456612 REWARD_START
066 1 2 6 0560606640 LICK
066 1 2 6 0561129120 LICK
066 1 2 6 0561482420 RESP_END
066 1 2 6 0560469636 REWARD_END
067 0 5 9 0565208248 STIM_START
067 0 5 9 0568609152 LICK
067 0 5 9 0568829720 LICK
067 0 5 9 0569233720 STIM_END_RESP_START
067 0 5 9 0570433756 RESP_END
068 0 2 6 0572144440 STIM_START
068 0 2 6 0575269836 STIM_END_RESP_START
068 0 2 6 0576072100 LICK
068 0 2 6 0576072584 TIMEOUT_START
068 0 2 6 0576469884 RESP_END
068 0 2 6 0583073076 TIMEOUT_END
069 0 2 7 0584775472 STIM_START
069 0 2 7 0587900868 STIM_END_RESP_START
069 0 2 7 0589100904 RESP_END
070 2 2 5 0590933440 STIM_START
070 2 2 5 0594058796 STIM_END_RESP_START
070 2 2 5 0594482380 LICK
070 2 2 5 0594482868 REWARD_START
070 2 2 5 0595258820 RESP_END
070 2 2 5 0594495888 REWARD_END
071 2 5 6 0597007404 STIM_START
071 2 5 6 0597636800 LICK
071 2 5 6 0601032892 STIM_END_RESP_START
071 2 5 6 0601312384 LICK
071 2 5 6 0601312868 REWARD_START
071 2 5 6 0601926688 LICK
071 2 5 6 0602232940 RESP_END
071 2 5 6 0601325892 REWARD_END
072 2 5 8 0604708676 STIM_START
072 2 5 8 0605080168 LICK
072 2 5 8 0605270628 LICK
072 2 5 8 0605484628 LICK
072 2 5 8 0608734128 STIM_END_RESP_START
072 2 5 8 0608962772 LICK
072 2 5 8 0608963256 REWARD_START
072 2 5 8 0609142168 LICK
072 2 5 8 0609483944 LICK
072 2 5 8 0609833272 LICK
072 2 5 8 0609934148 RESP_END
072 2 5 8 0608976280 REWARD_END
073 0 3 3 0612568960 STIM_START
073 0 3 3 0612978156 LICK
073 0 3 3 0615844372 STIM_END_RESP_START
073 0 3 3 0617044408 RESP_END
074 1 4 1 0618772928 STIM_START
074 1 4 1 0622298364 STIM_END_RESP_START
074 1 4 1 0622692888 LICK
074 1 4 1 0622693380 REWARD_START
074 1 4 1 0622906380 LICK
074 1 4 1 0623302728 LICK
074 1 4 1 0623498396 RESP_END
074 1 4 1 0622706400 REWARD_END
075 0 5 7 0625227996 STIM_START
075 0 5 7 0629253452 STIM_END_RESP_START
075 0 5 7 0630453488 RESP_END
076 1 5 10 0632204108 STIM_START
076 1 5 10 0636229564 STIM_END_RESP_START
076 1 5 10 0636628404 LICK
076 1 5 10 0636628888 REWARD_START
076 1 5 10 0636792060 LICK
076 1 5 10 0637362780 LICK
076 1 5 10 0637429580 RESP_END
076 1 5 10 0636641912 REWARD_END
077 0 1 5 0640434476 STIM_START
077 0 1 5 0643509840 STIM_END_RESP_START
077 0 1 5 0644709876 RESP_END
078 0 2 6 0646415452 STIM_START
078 0 2 6 0649540844 STIM_END_RESP_START
078 0 2 6 0650740880 RESP_END
079 1 2 3 0652582424 STIM_START
079 1 2 3 0655707816 STIM_END_RESP_START
079 1 2 3 0656111708 LICK
079 1 2 3 0656112196 REWARD_START
079 1 2 3 0656295124 LICK
079 1 2 3 0656887224 LICK
079 1 2 3 0656907864 RESP_END
079 1 2 3 0656125216 REWARD_END
080 1 4 1 0659749608 STIM_START
080 1 4 1 0663275016 STIM_END_RESP_START
080 1 4 1 0663656432 LICK
080 1 4 1 0663656924 REWARD_START
080 1 4 1 0663835072 LICK
080 1 4 1 0664399316 LICK
080 1 4 1 0664475032 RESP_END
080 1 4 1 0663669948 REWARD_END
081 1 3 8 0666188612 STIM_START
081 1 3 8 0669464020 STIM_END_RESP_START
081 1 3 8 0669816356 LICK
081 1 3 8 0669816844 REWARD_START
081 1 3 8 0670011612 LICK
081 1 3 8 0670581776 LICK
081 1 3 8 0670664068 RESP_END
081 1 3 8 0669829860 REWARD_END
082 0 5 4 0672406664 STIM_START
082 0 5 4 0676432160 STIM_END_RESP_START
082 0 5 4 0677632196 RESP_END
083 1 5 6 0679375788 STIM_START
083 1 5 6 0683401252 STIM_END_RESP_START
083 1 5 6 0683701464 LICK
083 1 5 6 0683701948 REWARD_START
083 1 5 6 0683889960 LICK
083 1 5 6 0684265448 LICK
083 1 5 6 0684601268 RESP_END
083 1 5 6 0683714972 REWARD_END
084 1 2 9 0686596932 STIM_START
084 1 2 9 0689722324 STIM_END_RESP_START
084 1 2 9 0690129948 LICK
084 1 2 9 0690130432 REWARD_START
084 1 2 9 0690292952 LICK
084 1 2 9 0690678420 LICK
084 1 2 9 0690922340 RESP_END
084 1 2 9 0690143456 REWARD_END
085 1 2 6 0692982980 STIM_START
085 1 2 6 0696108336 STIM_END_RESP_START
085 1 2 6 0696414300 LICK
085 1 2 6 0696414784 REWARD_START
085 1 2 6 0696580128 LICK
085 1 2 6 0697128932 LICK
085 1 2 6 0697308384 RESP_END
085 1 2 6 0696427804 REWARD_END
086 0 4 7 0699777044 STIM_START
086 0 4 7 0703302476 STIM_END_RESP_START
086 0 4 7 0704502516 RESP_END
087 1 1 8 0706204180 STIM_START
087 1 1 8 0709279544 STIM_END_RESP_START
087 1 1 8 0709683760 LICK
087 1 1 8 0709684252 REWARD_START
087 1 1 8 0709845380 LICK
087 1 1 8 0710456296 LICK
087 1 1 8 0710479572 RESP_END
087 1 1 8 0709697268 REWARD_END
088 0 1 9 0712177076 STIM_START
088 0 1 9 0715252452 STIM_END_RESP_START
088 0 1 9 0715683128 LICK
088 0 1 9 0715683612 TIMEOUT_START
088 0 1 9 0715841304 LICK
088 0 1 9 0715841792 TIMEOUT_START
088 0 1 9 0716004416 LICK
088 0 1 9 0716004900 TIMEOUT_START
088 0 1 9 0716196360 LICK
088 0 1 9 0716196844 TIMEOUT_START
088 0 1 9 0716452492 RESP_END
088 0 1 9 0723197336 TIMEOUT_END
089 1 4 5 0724922176 STIM_START
089 1 4 5 0728447572 STIM_END_RESP_START
089 1 4 5 0728884652 LICK
089 1 4 5 0728885136 REWARD_START
089 1 4 5 0729081248 LICK
089 1 4 5 0729492764 LICK
089 1 4 5 0729647600 RESP_END
089 1 4 5 0728898160 REWARD_END
090 2 2 8 0731577276 STIM_START
090 2 2 8 0734702640 STIM_END_RESP_START
090 2 2 8 0735036804 LICK
090 2 2 8 0735037288 REWARD_START
090 2 2 8 0735238628 LICK
090 2 2 8 0735438804 LICK
090 2 2 8 0735902676 RESP_END
090 2 2 8 0735050312 REWARD_END
091 1 5 8 0739213520 STIM_START
091 1 5 8 0743238980 STIM_END_RESP_START
091 1 5 8 0743555108 LICK
091 1 5 8 0743555596 REWARD_START
091 1 5 8 0743723080 LICK
091 1 5 8 0744439024 RESP_END
091 1 5 8 0743568620 REWARD_END
092 0 1 3 0749005028 STIM_START
092 0 1 3 0751977916 LICK
092 0 1 3 0752080404 STIM_END_RESP_START
092 0 1 3 0752154876 LICK
092 0 1 3 0752155364 TIMEOUT_START
092 0 1 3 0752359604 LICK
092 0 1 3 0752360088 TIMEOUT_START
092 0 1 3 0753280444 RESP_END
092 0 1 3 0759360580 TIMEOUT_END
093 1 2 3 0761063984 STIM_START
093 1 2 3 0764189380 STIM_END_RESP_START
093 1 2 3 0764540988 LICK
093 1 2 3 0764541472 REWARD_START
093 1 2 3 0764722164 LICK
093 1 2 3 0765289444 LICK
093 1 2 3 0765389396 RESP_END
093 1 2 3 0764554480 REWARD_END
094 1 5 3 0767132984 STIM_START
094 1 5 3 0771158440 STIM_END_RESP_START
094 1 5 3 0771383064 LICK
094 1 5 3 0771383552 REWARD_START
094 1 5 3 0771505536 LICK
094 1 5 3 0771830804 LICK
094 1 5 3 0772358460 RESP_END
094 1 5 3 0771396572 REWARD_END
095 2 3 1 0774077132 STIM_START
095 2 3 1 0777352500 STIM_END_RESP_START
095 2 3 1 0777704460 LICK
095 2 3 1 0777704944 REWARD_START
095 2 3 1 0777855468 LICK
095 2 3 1 0778410416 LICK
095 2 3 1 0778552544 RESP_END
095 2 3 1 0777717972 REWARD_END
096 0 5 2 0780290096 STIM_START
096 0 5 2 0780407704 LICK
096 0 5 2 0783670000 LICK
096 0 5 2 0783821948 LICK
096 0 5 2 0784040380 LICK
096 0 5 2 0784229232 LICK
096 0 5 2 0784315548 STIM_END_RESP_START
096 0 5 2 0785515596 RESP_END
097 1 3 2 0787239236 STIM_START
097 1 3 2 0790514636 STIM_END_RESP_START
097 1 3 2 0790703044 LICK
097 1 3 2 0790703536 REWARD_START
097 1 3 2 0790830496 LICK
097 1 3 2 0791177632 LICK
097 1 3 2 0791543720 LICK
097 1 3 2 0791714680 RESP_END
097 1 3 2 0790716544 REWARD_END
098 1 2 10 0793444268 STIM_START
098 1 2 10 0796569636 STIM_END_RESP_START
098 1 2 10 0796946708 LICK
098 1 2 10 0796947192 REWARD_START
098 1 2 10 0797131832 LICK
098 1 2 10 0797768328 LICK
098 1 2 10 0797769680 RESP_END
098 1 2 10 0796960216 REWARD_END
099 0 2 1 0799491268 STIM_START
099 0 2 1 0802616632 STIM_END_RESP_START
099 0 2 1 0803816672 RESP_END
100 1 2 4 0805534184 STIM_START
100 1 2 4 0808659540 STIM_END_RESP_START
100 1 2 4 0809035728 LICK
100 1 2 4 0809036220 REWARD_START
100 1 2 4 0809252152 LICK
100 1 2 4 0809647044 LICK
100 1 2 4 0809859580 RESP_END
100 1 2 4 0809049244 REWARD_END
101 1 5 3 0811609192 STIM_START
101 1 5 3 0815634652 STIM_END_RESP_START
101 1 5 3 0815698968 LICK
101 1 5 3 0815699456 REWARD_START
101 1 5 3 0815894136 LICK
101 1 5 3 0816834668 RESP_END
101 1 5 3 0815712480 REWARD_END
102 2 5 7 0819113428 STIM_START
102 2 5 7 0822640884 LICK
102 2 5 7 0822798072 LICK
102 2 5 7 0823138900 STIM_END_RESP_START
102 2 5 7 0823393076 LICK
102 2 5 7 0823393568 REWARD_START
102 2 5 7 0823633660 LICK
102 2 5 7 0824170188 LICK
102 2 5 7 0824338928 RESP_END
102 2 5 7 0823406580 REWARD_END
103 0 5 5 0826361624 STIM_START
103 0 5 5 0826713668 LICK
103 0 5 5 0830387088 STIM_END_RESP_START
103 0 5 5 0831587124 RESP_END
104 0 4 1 0833312716 STIM_START
104 0 4 1 0836838156 STIM_END_RESP_START
104 0 4 1 0837677468 LICK
104 0 4 1 0837677956 TIMEOUT_START
104 0 4 1 0837854148 LICK
104 0 4 1 0837854644 TIMEOUT_START
104 0 4 1 0838038196 RESP_END
104 0 4 1 0844855132 TIMEOUT_END
105 0 2 9 0846558868 STIM_START
105 0 2 9 0849684220 STIM_END_RESP_START
105 0 2 9 0850884256 RESP_END
106 2 4 10 0852612852 STIM_START
106 2 4 10 0856138248 STIM_END_RESP_START
106 2 4 10 0857182544 LICK
106 2 4 10 0857183032 REWARD_START
106 2 4 10 0857338284 RESP_END
106 2 4 10 0857196056 REWARD_END
107 2 3 9 0860079080 STIM_START
107 2 3 9 0863354488 STIM_END_RESP_START
107 2 3 9 0863616492 LICK
107 2 3 9 0863616976 REWARD_START
107 2 3 9 0863753568 LICK
107 2 3 9 0864261116 LICK
107 2 3 9 0864554524 RESP_END
107 2 3 9 0863629996 REWARD_END
108 1 2 8 0866270088 STIM_START
108 1 2 8 0869395440 STIM_END_RESP_START
108 1 2 8 0869785860 LICK
108 1 2 8 0869786344 REWARD_START
108 1 2 8 0869939180 LICK
108 1 2 8 0870494232 LICK
108 1 2 8 0870595460 RESP_END
108 1 2 8 0869799364 REWARD_END
109 0 2 3 0872298016 STIM_START
109 0 2 3 0875423368 STIM_END_RESP_START
109 0 2 3 0876623408 RESP_END
110 0 5 6 0878371044 STIM_START
110 0 5 6 0882396500 STIM_END_RESP_START
110 0 5 6 0883596540 RESP_END
111 0 3 3 0885314148 STIM_START
111 0 3 3 0888589556 STIM_END_RESP_START
111 0 3 3 0889789592 RESP_END
112 2 4 9 0891518160 STIM_START
112 2 4 9 0895043596 STIM_END_RESP_START
112 2 4 9 0895499496 LICK
112 2 4 9 0895499984 REWARD_START
112 2 4 9 0895682992 LICK
112 2 4 9 0896185452 LICK
112 2 4 9 0896243628 RESP_END
112 2 4 9 0895513008 REWARD_END
113 0 5 3 0897980200 STIM_START
113 0 5 3 0902005660 STIM_END_RESP_START
113 0 5 3 0903205696 RESP_END
114 0 2 7 0904912328 STIM_START
114 0 2 7 0908037680 STIM_END_RESP_START
114 0 2 7 0909237720 RESP_END
115 2 2 5 0910952304 STIM_START
115 2 2 5 0914077660 STIM_END_RESP_START
115 2 2 5 0915277700 RESP_END
116 0 5 6 0917025256 STIM_START
116 0 5 6 0921050756 STIM_END_RESP_START
116 0 5 6 0922250796 RESP_END
117 0 5 2 0923993420 STIM_START
117 0 5 2 0928018876 STIM_END_RESP_START
117 0 5 2 0929218912 RESP_END
118 1 2 9 0930920544 STIM_START
118 1 2 9 0934045900 STIM_END_RESP_START
118 1 2 9 0935204984 LICK
118 1 2 9 0935205468 REWARD_START
118 1 2 9 0935245944 RESP_END
118 1 2 9 0935218492 REWARD_END
119 2 3 5 0937918676 STIM_START
119 2 3 5 0941194080 STIM_END_RESP_START
119 2 3 5 0942394120 RESP_END
120 1 4 8 0944124684 STIM_START
120 1 4 8 0947650080 STIM_END_RESP_START
120 1 4 8 0948459664 LICK
120 1 4 8 0948460148 REWARD_START
120 1 4 8 0948647908 LICK
120 1 4 8 0948850112 RESP_END
120 1 4 8 0948473172 REWARD_END
121 0 2 8 0951320800 STIM_START
121 0 2 8 0954446156 STIM_END_RESP_START
121 0 2 8 0955646192 RESP_END
122 1 5 5 0957383848 STIM_START
122 1 5 5 0961409308 STIM_END_RESP_START
122 1 5 5 0961800508 LICK
122 1 5 5 0961800992 REWARD_START
122 1 5 5 0961965204 LICK
122 1 5 5 0962488464 LICK
122 1 5 5 0962609352 RESP_END
122 1 5 5 0961814016 REWARD_END
123 0 5 6 0964973092 STIM_START
123 0 5 6 0968998588 STIM_END_RESP_START
123 0 5 6 0970198624 RESP_END
124 0 4 3 0971922172 STIM_START
124 0 4 3 0975447572 STIM_END_RESP_START
124 0 4 3 0976647612 RESP_END
125 2 5 6 0978388260 STIM_START
125 2 5 6 0982413720 STIM_END_RESP_START
125 2 5 6 0982699104 LICK
125 2 5 6 0982699592 REWARD_START
125 2 5 6 0982853584 LICK
125 2 5 6 0983395884 LICK
125 2 5 6 0983613748 RESP_END
125 2 5 6 0982712616 REWARD_END
126 1 3 1 0985959436 STIM_START
126 1 3 1 0989234796 STIM_END_RESP_START
126 1 3 1 0989588700 LICK
126 1 3 1 0989589188 REWARD_START
126 1 3 1 0989760136 LICK
126 1 3 1 0990380436 LICK
126 1 3 1 0990434824 RESP_END
126 1 3 1 0989602212 REWARD_END
127 1 1 6 0992146412 STIM_START
127 1 1 6 0995221784 STIM_END_RESP_START
127 1 1 6 0995465268 LICK
127 1 1 6 0995465752 REWARD_START
127 1 1 6 0995614108 LICK
127 1 1 6 0996133064 LICK
127 1 1 6 0996421800 RESP_END
127 1 1 6 0995478776 REWARD_END
128 0 5 10 0998162408 STIM_START
128 0 5 10 1002005292 LICK
128 0 5 10 1002187892 STIM_END_RESP_START
128 0 5 10 1002203296 LICK
128 0 5 10 1002203828 TIMEOUT_START
128 0 5 10 1002396136 LICK
128 0 5 10 1002396668 TIMEOUT_START
128 0 5 10 1003387928 RESP_END
128 0 5 10 1009397212 TIMEOUT_END
129 2 4 5 1011113536 STIM_START
129 2 4 5 1014638952 STIM_END_RESP_START
129 2 4 5 1015000144 LICK
129 2 4 5 1015000676 REWARD_START
129 2 4 5 1015210240 LICK
129 2 4 5 1015793316 LICK
129 2 4 5 1015838988 RESP_END
129 2 4 5 1015013752 REWARD_END
130 0 4 2 1017741556 STIM_START
130 0 4 2 1021266976 STIM_END_RESP_START
130 0 4 2 1022467028 RESP_END
131 0 3 3 1024177616 STIM_START
131 0 3 3 1027452996 STIM_END_RESP_START
131 0 3 3 1028258924 LICK
131 0 3 3 1028259456 TIMEOUT_START
131 0 3 3 1028421496 LICK
131 0 3 3 1028422032 TIMEOUT_START
131 0 3 3 1028623128 LICK
131 0 3 3 1028623664 TIMEOUT_START
131 0 3 3 1028653040 RESP_END
131 0 3 3 1035624204 TIMEOUT_END
132 2 1 9 1037336780 STIM_START
132 2 1 9 1040412160 STIM_END_RESP_START
132 2 1 9 1040751576 LICK
132 2 1 9 1040752116 REWARD_START
132 2 1 9 1040972900 LICK
132 2 1 9 1041491108 LICK
132 2 1 9 1041612204 RESP_END
132 2 1 9 1040765192 REWARD_END
133 1 3 4 1043340736 STIM_START
133 1 3 4 1046616120 STIM_END_RESP_START
133 1 3 4 1046819948 LICK
133 1 3 4 1046820480 REWARD_START
133 1 3 4 1046965600 LICK
133 1 3 4 1047510896 LICK
133 1 3 4 1047816168 RESP_END
133 1 3 4 1046833556 REWARD_END
134 2 4 4 1050228828 STIM_START
134 2 4 4 1052190008 LICK
134 2 4 4 1052346240 LICK
134 2 4 4 1052540880 LICK
134 2 4 4 1053754256 STIM_END_RESP_START
134 2 4 4 1054328428 LICK
134 2 4 4 1054328964 REWARD_START
134 2 4 4 1054793304 LICK
134 2 4 4 1054954272 RESP_END
134 2 4 4 1054342032 REWARD_END
135 0 1 10 1056693888 STIM_START
135 0 1 10 1059769268 STIM_END_RESP_START
135 0 1 10 1060969280 RESP_END
136 1 4 3 1062692872 STIM_START
136 1 4 3 1066218280 STIM_END_RESP_START
136 1 4 3 1066424160 LICK
136 1 4 3 1066424696 REWARD_START
136 1 4 3 1066706464 LICK
136 1 4 3 1067226336 LICK
136 1 4 3 1067418324 RESP_END
136 1 4 3 1066437756 REWARD_END
137 2 5 4 1070491128 STIM_START
137 2 5 4 1074516600 STIM_END_RESP_START
137 2 5 4 1074936000 LICK
137 2 5 4 1074936528 REWARD_START
137 2 5 4 1075116304 LICK
137 2 5 4 1075487516 LICK
137 2 5 4 1075716640 RESP_END
137 2 5 4 1074949608 REWARD_END
138 0 4 10 1077437248 STIM_START
138 0 4 10 1080946928 LICK
138 0 4 10 1080962680 STIM_END_RESP_START
138 0 4 10 1081140580 LICK
138 0 4 10 1081141108 TIMEOUT_START
138 0 4 10 1081325820 LICK
138 0 4 10 1081326356 TIMEOUT_START
138 0 4 10 1082162704 RESP_END
138 0 4 10 1088326900 TIMEOUT_END
139 0 3 9 1090040320 STIM_START
139 0 3 9 1093315704 STIM_END_RESP_START
139 0 3 9 1094515756 RESP_END
140 2 5 7 1096262296 STIM_START
140 2 5 7 1100287768 STIM_END_RESP_START
140 2 5 7 1100742820 LICK
140 2 5 7 1100743352 REWARD_START
140 2 5 7 1100952564 LICK
140 2 5 7 1101487788 RESP_END
140 2 5 7 1100756432 REWARD_END
141 1 5 6 1104447668 STIM_START
141 1 5 6 1108383316 LICK
141 1 5 6 1108473136 STIM_END_RESP_START
141 1 5 6 1108557520 LICK
141 1 5 6 1108558056 REWARD_START
141 1 5 6 1108736872 LICK
141 1 5 6 1109099660 LICK
141 1 5 6 1109439192 LICK
141 1 5 6 1109673176 RESP_END
141 1 5 6 1108571128 REWARD_END
142 1 3 8 1111387736 STIM_START
142 1 3 8 1111830692 LICK
142 1 3 8 1114663132 STIM_END_RESP_START
142 1 3 8 1114810748 LICK
142 1 3 8 1114811280 REWARD_START
142 1 3 8 1114955124 LICK
142 1 3 8 1115291872 LICK
142 1 3 8 1115464500 LICK
142 1 3 8 1115863156 RESP_END
142 1 3 8 1114824356 REWARD_END
143 0 5 7 1117613736 STIM_START
143 0 5 7 1121639208 STIM_END_RESP_START
143 0 5 7 1121812892 LICK
143 0 5 7 1121813420 TIMEOUT_START
143 0 5 7 1121971296 LICK
143 0 5 7 1121971828 TIMEOUT_START
143 0 5 7 1122149744 LICK
143 0 5 7 1122150276 TIMEOUT_START
143 0 5 7 1122839232 RESP_END
143 0 5 7 1129150824 TIMEOUT_END
144 2 2 2 1130857932 STIM_START
144 2 2 2 1133983304 STIM_END_RESP_START
144 2 2 2 1135183316 RESP_END
145 0 3 10 1136898884 STIM_START
145 0 3 10 1140174268 STIM_END_RESP_START
145 0 3 10 1141374284 RESP_END
146 1 5 7 1143116872 STIM_START
146 1 5 7 1147142344 STIM_END_RESP_START
146 1 5 7 1147498836 LICK
146 1 5 7 1147499368 REWARD_START
146 1 5 7 1147695904 LICK
146 1 5 7 1148270852 LICK
146 1 5 7 1148342384 RESP_END
146 1 5 7 1147512444 REWARD_END
147 0 4 10 1150396060 STIM_START
147 0 4 10 1150749108 LICK
147 0 4 10 1153921488 STIM_END_RESP_START
147 0 4 10 1155121504 RESP_END
148 0 1 2 1156829136 STIM_START
148 0 1 2 1159904520 STIM_END_RESP_START
148 0 1 2 1161104536 RESP_END
149 2 3 7 1163464220 STIM_START
149 2 3 7 1166739604 STIM_END_RESP_START
149 2 3 7 1167571080 LICK
149 2 3 7 1167571612 REWARD_START
149 2 3 7 1167760708 LICK
149 2 3 7 1167939636 RESP_END
149 2 3 7 1167584688 REWARD_END
150 1 4 10 1171589524 STIM_START
150 1 4 10 1175114948 STIM_END_RESP_START
150 1 4 10 1175118500 LICK
150 1 4 10 1175119040 REWARD_START
150 1 4 10 1175250100 LICK
150 1 4 10 1175580864 LICK
150 1 4 10 1176314976 RESP_END
150 1 4 10 1175132112 REWARD_END
151 1 3 7 1178028524 STIM_START
151 1 3 7 1181284048 LICK
151 1 3 7 1181303920 STIM_END_RESP_START
151 1 3 7 1181435020 LICK
151 1 3 7 1181435556 REWARD_START
151 1 3 7 1181607060 LICK
151 1 3 7 1181783032 LICK
151 1 3 7 1181961968 LICK
151 1 3 7 1182417020 LICK
151 1 3 7 1182503948 RESP_END
151 1 3 7 1181448632 REWARD_END
152 0 5 3 1184242556 STIM_START
152 0 5 3 1184610544 LICK
152 0 5 3 1187471880 LICK
152 0 5 3 1187634880 LICK
152 0 5 3 1187814800 LICK
152 0 5 3 1188012524 LICK
152 0 5 3 1188268040 STIM_END_RESP_START
152 0 5 3 1188950832 LICK
152 0 5 3 1188951368 TIMEOUT_START
152 0 5 3 1189468072 RESP_END
152 0 5 3 1195951908 TIMEOUT_END
153 0 1 6 1197650720 STIM_START
153 0 1 6 1200726108 STIM_END_RESP_START
153 0 1 6 1201926160 RESP_END
154 1 3 7 1203643728 STIM_START
154 1 3 7 1206919108 STIM_END_RESP_START
154 1 3 7 1207268084 LICK
154 1 3 7 1207268620 REWARD_START
154 1 3 7 1207460760 LICK
154 1 3 7 1207853428 LICK
154 1 3 7 1208119128 RESP_END
154 1 3 7 1207281700 REWARD_END
155 1 5 1 1210582872 STIM_START
155 1 5 1 1210914344 LICK
155 1 5 1 1214008716 LICK
155 1 5 1 1214198356 LICK
155 1 5 1 1214608324 STIM_END_RESP_START
155 1 5 1 1214855212 LICK
155 1 5 1 1214855744 REWARD_START
155 1 5 1 1214985196 LICK
155 1 5 1 1215703208 LICK
155 1 5 1 1215808356 RESP_END
155 1 5 1 1214868824 REWARD_END
156 0 2 4 1217518924 STIM_START
156 0 2 4 1220644296 STIM_END_RESP_START
156 0 2 4 1221467104 LICK
156 0 2 4 1221467644 TIMEOUT_START
156 0 2 4 1221623048 LICK
156 0 2 4 1221623576 TIMEOUT_START
156 0 2 4 1221808980 LICK
156 0 2 4 1221809516 TIMEOUT_START
156 0 2 4 1221844328 RESP_END
156 0 2 4 1228810060 TIMEOUT_END
157 1 2 2 1230514032 STIM_START
157 1 2 2 1233639400 STIM_END_RESP_START
157 1 2 2 1233839864 LICK
157 1 2 2 1233840404 REWARD_START
157 1 2 2 1233981624 LICK
157 1 2 2 1234316664 LICK
157 1 2 2 1234839436 RESP_END
157 1 2 2 1233853480 REWARD_END
158 0 4 3 1237149124 STIM_START
158 0 4 3 1237159396 LICK
158 0 4 3 1240339672 LICK
158 0 4 3 1240516568 LICK
158 0 4 3 1240674536 STIM_END_RESP_START
158 0 4 3 1241237792 LICK
158 0 4 3 1241238324 TIMEOUT_START
158 0 4 3 1241420856 LICK
158 0 4 3 1241421388 TIMEOUT_START
158 0 4 3 1241874572 RESP_END
158 0 4 3 1248421936 TIMEOUT_END
159 0 2 1 1250133212 STIM_START
159 0 2 1 1253258584 STIM_END_RESP_START
159 0 2 1 1253881236 LICK
159 0 2 1 1253881768 TIMEOUT_START
159 0 2 1 1254045288 LICK
159 0 2 1 1254045828 TIMEOUT_START
159 0 2 1 1254458600 RESP_END
159 0 2 1 1261046372 TIMEOUT_END
160 1 5 3 1271174616 STIM_START
160 1 5 3 1275200088 STIM_END_RESP_START
160 1 5 3 1276400104 RESP_END
161 1 4 5 1278125740 STIM_START
161 1 4 5 1278144592 LICK
161 1 4 5 1281651132 STIM_END_RESP_START
161 1 4 5 1281879852 LICK
161 1 4 5 1281880388 REWARD_START
161 1 4 5 1282027868 LICK
161 1 4 5 1282528832 LICK
161 1 4 5 1282851156 RESP_END
161 1 4 5 1281893468 REWARD_END
162 2 4 7 1286097004 STIM_START
162 2 4 7 1289622412 STIM_END_RESP_START
162 2 4 7 1290822428 RESP_END
163 0 5 2 1292561064 STIM_START
163 0 5 2 1296586540 STIM_END_RESP_START
163 0 5 2 1297786556 RESP_END
164 0 1 9 1299488180 STIM_START
164 0 1 9 1302563560 STIM_END_RESP_START
164 0 1 9 1303763572 RESP_END
165 1 2 5 1305478160 STIM_START
165 1 2 5 1308603532 STIM_END_RESP_START
165 1 2 5 1308956416 LICK
165 1 2 5 1308956956 REWARD_START
165 1 2 5 1309150724 LICK
165 1 2 5 1309702548 LICK
165 1 2 5 1309803572 RESP_END
165 1 2 5 1308970036 REWARD_END
166 0 2 7 1311775192 STIM_START
166 0 2 7 1314900564 STIM_END_RESP_START
166 0 2 7 1316100576 RESP_END
167 0 4 6 1317817140 STIM_START
167 0 4 6 1321342552 STIM_END_RESP_START
167 0 4 6 1322542568 RESP_END
168 0 3 6 1324262220 STIM_START
168 0 3 6 1327537604 STIM_END_RESP_START
168 0 3 6 1328737620 RESP_END
169 1 3 1 1331790408 STIM_START
169 1 3 1 1335065792 STIM_END_RESP_START
169 1 3 1 1335442072 LICK
169 1 3 1 1335442608 REWARD_START
169 1 3 1 1335633312 LICK
169 1 3 1 1336118620 LICK
169 1 3 1 1336265820 RESP_END
169 1 3 1 1335455680 REWARD_END
170 1 1 5 1337983380 STIM_START
170 1 1 5 1341058760 STIM_END_RESP_START
170 1 1 5 1341505172 LICK
170 1 1 5 1341505708 REWARD_START
170 1 1 5 1341673952 LICK
170 1 1 5 1342211444 LICK
170 1 1 5 1342258780 RESP_END
170 1 1 5 1341518780 REWARD_END
171 0 3 5 1343980396 STIM_START
171 0 3 5 1347255780 STIM_END_RESP_START
171 0 3 5 1347452772 LICK
171 0 3 5 1347453308 TIMEOUT_START
171 0 3 5 1347593604 LICK
171 0 3 5 1347594132 TIMEOUT_START
171 0 3 5 1347763048 LICK
171 0 3 5 1347763584 TIMEOUT_START
171 0 3 5 1347963232 LICK
171 0 3 5 1347963760 TIMEOUT_START
171 0 3 5 1348455816 RESP_END
171 0 3 5 1354964304 TIMEOUT_END
172 0 5 6 1356711448 STIM_START
172 0 5 6 1360736924 STIM_END_RESP_START
172 0 5 6 1361936936 RESP_END
173 0 5 8 1363678544 STIM_START
173 0 5 8 1367704016 STIM_END_RESP_START
173 0 5 8 1368904032 RESP_END
174 1 2 1 1370612716 STIM_START
174 1 2 1 1373738092 STIM_END_RESP_START
174 1 2 1 1374397652 LICK
174 1 2 1 1374398188 REWARD_START
174 1 2 1 1374639940 LICK
174 1 2 1 1374788736 LICK
174 1 2 1 1374938144 RESP_END
174 1 2 1 1374411264 REWARD_END
175 2 4 10 1377109712 STIM_START
175 2 4 10 1380635124 STIM_END_RESP_START
175 2 4 10 1380809936 LICK
175 2 4 10 1380810468 REWARD_START
175 2 4 10 1380958088 LICK
175 2 4 10 1381465144 LICK
175 2 4 10 1381835168 RESP_END
175 2 4 10 1380823544 REWARD_END
176 1 2 5 1384928976 STIM_START
176 1 2 5 1388054348 STIM_END_RESP_START
176 1 2 5 1388240056 LICK
176 1 2 5 1388240588 REWARD_START
176 1 2 5 1388379576 LICK
176 1 2 5 1388730004 LICK
176 1 2 5 1389103732 LICK
176 1 2 5 1389254396 RESP_END
176 1 2 5 1388253664 REWARD_END
177 0 4 1 1390981004 STIM_START
177 0 4 1 1394506420 STIM_END_RESP_START
177 0 4 1 1394783548 LICK
177 0 4 1 1394784080 TIMEOUT_START
177 0 4 1 1395339884 LICK
177 0 4 1 1395340420 TIMEOUT_START
177 0 4 1 1395508256 LICK
177 0 4 1 1395508788 TIMEOUT_START
177 0 4 1 1395706460 RESP_END
177 0 4 1 1402509340 TIMEOUT_END
178 2 1 6 1404216144 STIM_START
178 2 1 6 1407291488 STIM_END_RESP_START
178 2 1 6 1408491544 RESP_END
179 2 1 5 1410199084 STIM_START
179 2 1 5 1413274460 STIM_END_RESP_START
179 2 1 5 1413797540 LICK
179 2 1 5 1413798076 REWARD_START
179 2 1 5 1413974220 LICK
179 2 1 5 1414327548 LICK
179 2 1 5 1414474488 RESP_END
179 2 1 5 1413811148 REWARD_END
180 2 2 8 1417022176 STIM_START
180 2 2 8 1420147548 STIM_END_RESP_START
180 2 2 8 1420188600 LICK
180 2 2 8 1420189140 REWARD_START
180 2 2 8 1420382752 LICK
180 2 2 8 1420725740 LICK
180 2 2 8 1421347592 RESP_END
180 2 2 8 1420202216 REWARD_END
181 0 1 10 1423359260 STIM_START
181 0 1 10 1426415204 LICK
181 0 1 10 1426434608 STIM_END_RESP_START
181 0 1 10 1426561064 LICK
181 0 1 10 1426561592 TIMEOUT_START
181 0 1 10 1426745948 LICK
181 0 1 10 1426746484 TIMEOUT_START
181 0 1 10 1427634632 RESP_END
181 0 1 10 1433747024 TIMEOUT_END
182 0 4 9 1435474180 STIM_START
182 0 4 9 1438955836 LICK
182 0 4 9 1438999600 STIM_END_RESP_START
182 0 4 9 1439134908 LICK
182 0 4 9 1439135440 TIMEOUT_START
182 0 4 9 1440199620 RESP_END
182 0 4 9 1446135984 TIMEOUT_END
183 0 4 6 1447862204 STIM_START
183 0 4 6 1451387616 STIM_END_RESP_START
183 0 4 6 1452587632 RESP_END
184 1 1 8 1454293296 STIM_START
184 1 1 8 1457368676 STIM_END_RESP_START
184 1 1 8 1457726248 LICK
184 1 1 8 1457726788 REWARD_START
184 1 1 8 1457909548 LICK
184 1 1 8 1458568724 RESP_END
184 1 1 8 1457739868 REWARD_END
185 0 1 9 1460357256 STIM_START
185 0 1 9 1461114336 LICK
185 0 1 9 1463432600 STIM_END_RESP_START
185 0 1 9 1464306060 LICK
185 0 1 9 1464306592 TIMEOUT_START
185 0 1 9 1464461452 LICK
185 0 1 9 1464461984 TIMEOUT_START
185 0 1 9 1464632616 RESP_END
185 0 1 9 1471462532 TIMEOUT_END
186 2 1 3 1473161308 STIM_START
186 2 1 3 1476236684 STIM_END_RESP_START
186 2 1 3 1476745468 LICK
186 2 1 3 1476746000 REWARD_START
186 2 1 3 1477436708 RESP_END
186 2 1 3 1476759076 REWARD_END
187 0 4 10 1479168268 STIM_START
187 0 4 10 1482693680 STIM_END_RESP_START
187 0 4 10 1483893728 RESP_END
188 0 4 7 1485618288 STIM_START
188 0 4 7 1489143696 STIM_END_RESP_START
188 0 4 7 1490343712 RESP_END
189 0 1 9 1492057368 STIM_START
189 0 1 9 1495132744 STIM_END_RESP_START
189 0 1 9 1496332760 RESP_END
190 1 3 9 1498050320 STIM_START
190 1 3 9 1501325704 STIM_END_RESP_START
190 1 3 9 1501996456 LICK
190 1 3 9 1501996992 REWARD_START
190 1 3 9 1502525744 RESP_END
190 1 3 9 1502010072 REWARD_END
191 0 2 7 1504232332 STIM_START
191 0 2 7 1507357712 STIM_END_RESP_START
191 0 2 7 1507883852 LICK
191 0 2 7 1507884388 TIMEOUT_START
191 0 2 7 1508512992 LICK
191 0 2 7 1508513524 TIMEOUT_START
191 0 2 7 1508557740 RESP_END
191 0 2 7 1515514072 TIMEOUT_END
192 1 4 6 1517241448 STIM_START
192 1 4 6 1520766860 STIM_END_RESP_START
192 1 4 6 1521966876 RESP_END
193 0 3 10 1524705740 STIM_START
193 0 3 10 1525095900 LICK
193 0 3 10 1527981120 STIM_END_RESP_START
193 0 3 10 1528815088 LICK
193 0 3 10 1528815628 TIMEOUT_START
193 0 3 10 1529181148 RESP_END
193 0 3 10 1535816168 TIMEOUT_END
194 0 1 1 1537526716 STIM_START
194 0 1 1 1540602064 STIM_END_RESP_START
194 0 1 1 1541802080 RESP_END
195 2 4 7 1543529640 STIM_START
195 2 4 7 1547055048 STIM_END_RESP_START
195 2 4 7 1547538964 LICK
195 2 4 7 1547539504 REWARD_START
195 2 4 7 1547714944 LICK
195 2 4 7 1548255088 RESP_END
195 2 4 7 1547552572 REWARD_END
196 1 2 7 1550024720 STIM_START
196 1 2 7 1553150092 STIM_END_RESP_START
196 1 2 7 1553380888 LICK
196 1 2 7 1553381424 REWARD_START
196 1 2 7 1553694496 LICK
196 1 2 7 1554208384 LICK
196 1 2 7 1554350144 RESP_END
196 1 2 7 1553394500 REWARD_END
197 1 3 10 1556067756 STIM_START
197 1 3 10 1559343144 STIM_END_RESP_START
197 1 3 10 1559580192 LICK
197 1 3 10 1559580732 REWARD_START
197 1 3 10 1559910368 LICK
197 1 3 10 1560543184 RESP_END
197 1 3 10 1559593804 REWARD_END
198 0 1 10 1563532904 STIM_START
198 0 1 10 1566608284 STIM_END_RESP_START
198 0 1 10 1567020980 LICK
198 0 1 10 1567021516 TIMEOUT_START
198 0 1 10 1567355824 LICK
198 0 1 10 1567356364 TIMEOUT_START
198 0 1 10 1567555320 LICK
198 0 1 10 1567555860 TIMEOUT_START
198 0 1 10 1567808308 RESP_END
198 0 1 10 1574556404 TIMEOUT_END
199 2 4 3 1578069280 STIM_START
199 2 4 3 1581594692 STIM_END_RESP_START
199 2 4 3 1582794740 RESP_END
200 2 4 10 1584525272 STIM_START
200 2 4 10 1588050688 STIM_END_RESP_START
200 2 4 10 1589250704 RESP_END
201 1 1 3 1590956300 STIM_START
201 1 1 3 1594031680 STIM_END_RESP_START
201 1 1 3 1595231696 RESP_END
202 0 4 9 1596955268 STIM_START
202 0 4 9 1600480684 STIM_END_RESP_START
202 0 4 9 1601680736 RESP_END
203 0 2 3 1603392332 STIM_START
203 0 2 3 1606517704 STIM_END_RESP_START
203 0 2 3 1607717716 RESP_END
204 0 5 4 1609454304 STIM_START
204 0 5 4 1613479776 STIM_END_RESP_START
204 0 5 4 1614679792 RESP_END
205 2 3 9 1616391436 STIM_START
205 2 3 9 1619666816 STIM_END_RESP_START
205 2 3 9 1620866828 RESP_END
206 1 2 6 1622582436 STIM_START
206 1 2 6 1625707808 STIM_END_RESP_START
206 1 2 6 1626907820 RESP_END
207 2 4 7 1628628448 STIM_START
207 2 4 7 1628751592 LICK
207 2 4 7 1632153864 STIM_END_RESP_START
207 2 4 7 1633015940 LICK
207 2 4 7 1633016472 REWARD_START
207 2 4 7 1633153072 LICK
207 2 4 7 1633353908 RESP_END
207 2 4 7 1633029552 REWARD_END
208 0 3 5 1639616196 STIM_START
208 0 3 5 1642891580 STIM_END_RESP_START
208 0 3 5 1644091592 RESP_END
209 0 2 5 1645792184 STIM_START
209 0 2 5 1648917560 STIM_END_RESP_START
209 0 2 5 1650117604 RESP_END
210 1 5 7 1651869164 STIM_START
210 1 5 7 1655894636 STIM_END_RESP_START
210 1 5 7 1657094652 RESP_END
211 1 4 10 1658820292 STIM_START
211 1 4 10 1662345708 STIM_END_RESP_START
211 1 4 10 1663545724 RESP_END
212 1 4 3 1665267312 STIM_START
212 1 4 3 1668792728 STIM_END_RESP_START
212 1 4 3 1669992744 RESP_END
213 0 1 2 1671698424 STIM_START
213 0 1 2 1674773812 STIM_END_RESP_START
213 0 1 2 1675973824 RESP_END
214 1 1 2 1682764132 STIM_START
214 1 1 2 1685839508 STIM_END_RESP_START
214 1 1 2 1687039524 RESP_END
215 0 1 6 1688747112 STIM_START
215 0 1 6 1688760440 LICK
215 0 1 6 1691822444 STIM_END_RESP_START
215 0 1 6 1693022492 RESP_END
216 1 4 9 1701331072 STIM_START
216 1 4 9 1701338640 LICK
216 1 4 9 1701506292 LICK
216 1 4 9 1702530448 LICK
216 1 4 9 1703776016 LICK
216 1 4 9 1703812468 LICK
216 1 4 9 1704856476 STIM_END_RESP_START
216 1 4 9 1705056356 LICK
216 1 4 9 1705056884 REWARD_START
216 1 4 9 1705263788 LICK
216 1 4 9 1705391164 LICK
216 1 4 9 1705525832 LICK
216 1 4 9 1705678128 LICK
216 1 4 9 1705787128 LICK
216 1 4 9 1705943016 LICK
216 1 4 9 1706056492 RESP_END
216 1 4 9 1705069960 REWARD_END
217 1 3 10 1712835904 STIM_START
217 1 3 10 1716111284 STIM_END_RESP_START
217 1 3 10 1716298028 LICK
217 1 3 10 1716298560 REWARD_START
217 1 3 10 1716478564 LICK
217 1 3 10 1716578320 LICK
217 1 3 10 1716722368 LICK
217 1 3 10 1716881376 LICK
217 1 3 10 1717311300 RESP_END
217 1 3 10 1716311640 REWARD_END
218 1 5 7 1720845220 STIM_START
218 1 5 7 1724219124 LICK
218 1 5 7 1724362888 LICK
218 1 5 7 1724546640 LICK
218 1 5 7 1724870708 STIM_END_RESP_START
218 1 5 7 1725019312 LICK
218 1 5 7 1725019844 REWARD_START
218 1 5 7 1725196212 LICK
218 1 5 7 1725349924 LICK
218 1 5 7 1725496496 LICK
218 1 5 7 1726070720 RESP_END
218 1 5 7 1725032920 REWARD_END
219 0 2 6 1732297076 STIM_START
219 0 2 6 1735422444 STIM_END_RESP_START
219 0 2 6 1736622460 RESP_END
220 0 1 10 1738334052 STIM_START
220 0 1 10 1741409436 STIM_END_RESP_START
220 0 1 10 1742436644 LICK
220 0 1 10 1742437172 TIMEOUT_START
220 0 1 10 1742609484 RESP_END
220 0 1 10 1749437716 TIMEOUT_END
221 2 5 4 1751184136 STIM_START
221 2 5 4 1753863068 LICK
221 2 5 4 1755209616 STIM_END_RESP_START
221 2 5 4 1756409628 RESP_END
222 1 2 4 1758125256 STIM_START
222 1 2 4 1761250628 STIM_END_RESP_START
222 1 2 4 1761458836 LICK
222 1 2 4 1761459376 REWARD_START
222 1 2 4 1761652952 LICK
222 1 2 4 1761868104 LICK
222 1 2 4 1762351792 LICK
222 1 2 4 1762450668 RESP_END
222 1 2 4 1761472444 REWARD_END
223 1 5 2 1764515244 STIM_START
223 1 5 2 1768540716 STIM_END_RESP_START
223 1 5 2 1768820360 LICK
223 1 5 2 1768820896 REWARD_START
223 1 5 2 1768986380 LICK
223 1 5 2 1769464184 LICK
223 1 5 2 1769740744 RESP_END
223 1 5 2 1768833968 REWARD_END
224 0 2 2 1771456400 STIM_START
224 0 2 2 1774581772 STIM_END_RESP_START
224 0 2 2 1775277380 LICK
224 0 2 2 1775277912 TIMEOUT_START
224 0 2 2 1775620956 LICK
224 0 2 2 1775621492 TIMEOUT_START
224 0 2 2 1775781800 RESP_END
224 0 2 2 1782622032 TIMEOUT_END
225 1 3 9 1784334496 STIM_START
225 1 3 9 1787609872 STIM_END_RESP_START
225 1 3 9 1788014784 LICK
225 1 3 9 1788015316 REWARD_START
225 1 3 9 1788168940 LICK
225 1 3 9 1788564544 LICK
225 1 3 9 1788809888 RESP_END
225 1 3 9 1788028392 REWARD_END
226 2 3 7 1790534460 STIM_START
226 2 3 7 1793809844 STIM_END_RESP_START
226 2 3 7 1794049460 LICK
226 2 3 7 1794049988 REWARD_START
226 2 3 7 1794193176 LICK
226 2 3 7 1794709188 LICK
226 2 3 7 1795009860 RESP_END
226 2 3 7 1794063064 REWARD_END
227 0 1 7 1796706496 STIM_START
227 0 1 7 1799781876 STIM_END_RESP_START
227 0 1 7 1800534568 LICK
227 0 1 7 1800535104 TIMEOUT_START
227 0 1 7 1800689112 LICK
227 0 1 7 1800689644 TIMEOUT_START
227 0 1 7 1800873124 LICK
227 0 1 7 1800873656 TIMEOUT_START
227 0 1 7 1800981924 RESP_END
227 0 1 7 1807874204 TIMEOUT_END
228 0 1 6 1809585584 STIM_START
228 0 1 6 1812660968 STIM_END_RESP_START
228 0 1 6 1813860980 RESP_END
229 1 2 9 1815574580 STIM_START
229 1 2 9 1818699952 STIM_END_RESP_START
229 1 2 9 1819899968 RESP_END
230 0 2 9 1821613488 STIM_START
230 0 2 9 1824738860 STIM_END_RESP_START
230 0 2 9 1825256804 LICK
230 0 2 9 1825257332 TIMEOUT_START
230 0 2 9 1825446768 LICK
230 0 2 9 1825447304 TIMEOUT_START
230 0 2 9 1825938888 RESP_END
230 0 2 9 1832447840 TIMEOUT_END
231 1 5 6 1834193576 STIM_START
231 1 5 6 1836927260 LICK
231 1 5 6 1837622052 LICK
231 1 5 6 1837828192 LICK
231 1 5 6 1837953312 LICK
231 1 5 6 1838131316 LICK
231 1 5 6 1838219056 STIM_END_RESP_START
231 1 5 6 1838516676 LICK
231 1 5 6 1838517208 REWARD_START
231 1 5 6 1838972912 LICK
231 1 5 6 1839419076 RESP_END
231 1 5 6 1838530284 REWARD_END
232 0 1 1 1850265132 STIM_START
232 0 1 1 1850338672 LICK
232 0 1 1 1850518000 LICK
232 0 1 1 1850676932 LICK
232 0 1 1 1850866592 LICK
232 0 1 1 1851028968 LICK
232 0 1 1 1851904996 LICK
232 0 1 1 1852038444 LICK
232 0 1 1 1852313644 LICK
232 0 1 1 1852418880 LICK
232 0 1 1 1852624768 LICK
232 0 1 1 1852726212 LICK
232 0 1 1 1852872208 LICK
232 0 1 1 1853031860 LICK
232 0 1 1 1853340488 STIM_END_RESP_START
232 0 1 1 1854203304 LICK
232 0 1 1 1854203836 TIMEOUT_START
232 0 1 1 1854293080 LICK
232 0 1 1 1854293612 TIMEOUT_START
232 0 1 1 1854449272 LICK
232 0 1 1 1854449812 TIMEOUT_START
232 0 1 1 1854540500 RESP_END
232 0 1 1 1861450352 TIMEOUT_END
233 1 4 1 1864528384 STIM_START
233 1 4 1 1868053796 STIM_END_RESP_START
233 1 4 1 1869253812 RESP_END
234 1 1 6 1870952428 STIM_START
234 1 1 6 1874027776 STIM_END_RESP_START
234 1 1 6 1875227792 RESP_END
235 0 4 8 1876951412 STIM_START
235 0 4 8 1880476824 STIM_END_RESP_START
235 0 4 8 1881676840 RESP_END
236 0 1 1 1892625896 STIM_START
236 0 1 1 1895701276 STIM_END_RESP_START
236 0 1 1 1896901292 RESP_END
237 2 4 2 1898628872 STIM_START
237 2 4 2 1899392100 LICK
237 2 4 2 1902154284 STIM_END_RESP_START
237 2 4 2 1903354300 RESP_END
238 0 2 1 1905071912 STIM_START
238 0 2 1 1908197284 STIM_END_RESP_START
238 0 2 1 1909397300 RESP_END
239 1 1 3 1911105836 STIM_START
239 1 1 3 1914181216 STIM_END_RESP_START
239 1 1 3 1915381232 RESP_END
240 1 4 9 1917111864 STIM_START
240 1 4 9 1920637280 STIM_END_RESP_START
240 1 4 9 1921837296 RESP_END
241 0 4 8 1927416496 STIM_START
241 0 4 8 1930941908 STIM_END_RESP_START
241 0 4 8 1932141928 RESP_END
242 1 2 6 1933850500 STIM_START
242 1 2 6 1936975868 STIM_END_RESP_START
242 1 2 6 1938134540 LICK
242 1 2 6 1938135080 REWARD_START
242 1 2 6 1938175884 RESP_END
242 1 2 6 1938148152 REWARD_END
243 1 1 7 1946061472 STIM_START
243 1 1 7 1949136824 STIM_END_RESP_START
243 1 1 7 1950336840 RESP_END
244 0 1 2 1952046440 STIM_START
244 0 1 2 1955121820 STIM_END_RESP_START
244 0 1 2 1956321836 RESP_END
245 2 5 10 1958066412 STIM_START
245 2 5 10 1962091888 STIM_END_RESP_START
245 2 5 10 1963291904 RESP_END
246 0 3 2 1965001532 STIM_START
246 0 3 2 1968276920 STIM_END_RESP_START
246 0 3 2 1968951096 LICK
246 0 3 2 1968951632 TIMEOUT_START
246 0 3 2 1969476960 RESP_END
246 0 3 2 1975952172 TIMEOUT_END
247 1 2 7 1979503812 STIM_START
247 1 2 7 1979667940 LICK
247 1 2 7 1979835536 LICK
247 1 2 7 1982629200 STIM_END_RESP_START
247 1 2 7 1982732312 LICK
247 1 2 7 1982732848 REWARD_START
247 1 2 7 1982913812 LICK
247 1 2 7 1983048924 LICK
247 1 2 7 1983191840 LICK
247 1 2 7 1983344004 LICK
247 1 2 7 1983829212 RESP_END
247 1 2 7 1982745924 REWARD_END
248 1 3 8 1988934356 STIM_START
248 1 3 8 1992209744 STIM_END_RESP_START
248 1 3 8 1992341180 LICK
248 1 3 8 1992341716 REWARD_START
248 1 3 8 1992452236 LICK
248 1 3 8 1992599788 LICK
248 1 3 8 1993409776 RESP_END
248 1 3 8 1992354788 REWARD_END
249 0 2 5 1995454344 STIM_START
249 0 2 5 1995796900 LICK
249 0 2 5 1998579720 STIM_END_RESP_START
249 0 2 5 1998929884 LICK
249 0 2 5 1998930420 TIMEOUT_START
249 0 2 5 1999099132 LICK
249 0 2 5 1999099664 TIMEOUT_START
249 0 2 5 1999779732 RESP_END
249 0 2 5 2006100208 TIMEOUT_END
250 1 5 8 2007842364 STIM_START
250 1 5 8 2011549292 LICK
250 1 5 8 2011704176 LICK
250 1 5 8 2011867824 STIM_END_RESP_START
250 1 5 8 2012051028 LICK
250 1 5 8 2012051568 REWARD_START
250 1 5 8 2012217700 LICK
250 1 5 8 2012378496 LICK
250 1 5 8 2012519852 LICK
250 1 5 8 2012838232 LICK
250 1 5 8 2012999692 LICK
250 1 5 8 2013067844 RESP_END
250 1 5 8 2012064640 REWARD_END
251 0 3 8 2015670608 STIM_START
251 0 3 8 2018945988 STIM_END_RESP_START
251 0 3 8 2019307828 LICK
251 0 3 8 2019308360 TIMEOUT_START
251 0 3 8 2019460168 LICK
251 0 3 8 2019460696 TIMEOUT_START
251 0 3 8 2020146012 RESP_END
251 0 3 8 2026461244 TIMEOUT_END
252 0 2 10 2031447164 STIM_START
252 0 2 10 2033970788 LICK
252 0 2 10 2034127960 LICK
252 0 2 10 2034335704 LICK
252 0 2 10 2034572516 STIM_END_RESP_START
252 0 2 10 2035584892 LICK
252 0 2 10 2035585432 TIMEOUT_START
252 0 2 10 2035769860 LICK
252 0 2 10 2035770396 TIMEOUT_START
252 0 2 10 2035772528 RESP_END
252 0 2 10 2042770940 TIMEOUT_END
253 1 5 6 2044521268 STIM_START
253 1 5 6 2047989288 LICK
253 1 5 6 2048546760 STIM_END_RESP_START
253 1 5 6 2048934848 LICK
253 1 5 6 2048935384 REWARD_START
253 1 5 6 2049102876 LICK
253 1 5 6 2049746788 RESP_END
253 1 5 6 2048948444 REWARD_END
254 0 2 3 2051725388 STIM_START
254 0 2 3 2054850756 STIM_END_RESP_START
254 0 2 3 2056050772 RESP_END
255 0 1 10 2057767388 STIM_START
255 0 1 10 2060842768 STIM_END_RESP_START
255 0 1 10 2061269844 LICK
255 0 1 10 2061270380 TIMEOUT_START
255 0 1 10 2061658156 LICK
255 0 1 10 2061658688 TIMEOUT_START
255 0 1 10 2062042800 RESP_END
255 0 1 10 2068659236 TIMEOUT_END
256 2 3 3 2070378464 STIM_START
256 2 3 3 2073653852 STIM_END_RESP_START
256 2 3 3 2074235544 LICK
256 2 3 3 2074236084 REWARD_START
256 2 3 3 2074454964 LICK
256 2 3 3 2074853892 RESP_END
256 2 3 3 2074249156 REWARD_END
257 0 4 3 2077673616 STIM_START
257 0 4 3 2081199024 STIM_END_RESP_START
257 0 4 3 2081591388 LICK
257 0 4 3 2081591916 TIMEOUT_START
257 0 4 3 2081749884 LICK
257 0 4 3 2081750424 TIMEOUT_START
257 0 4 3 2081954296 LICK
257 0 4 3 2081954832 TIMEOUT_START
257 0 4 3 2082399044 RESP_END
257 0 4 3 2088955376 TIMEOUT_END
258 1 3 8 2090672716 STIM_START
258 1 3 8 2093948104 STIM_END_RESP_START
258 1 3 8 2094316296 LICK
258 1 3 8 2094316836 REWARD_START
258 1 3 8 2094458112 LICK
258 1 3 8 2094929992 LICK
258 1 3 8 2095148128 RESP_END
258 1 3 8 2094329916 REWARD_END
259 2 4 7 2096883744 STIM_START
259 2 4 7 2100409152 STIM_END_RESP_START
259 2 4 7 2100521204 LICK
259 2 4 7 2100521732 REWARD_START
259 2 4 7 2100705796 LICK
259 2 4 7 2101214984 LICK
259 2 4 7 2101609200 RESP_END
259 2 4 7 2100534808 REWARD_END
260 0 4 3 2103329780 STIM_START
260 0 4 3 2106046388 LICK
260 0 4 3 2106212676 LICK
260 0 4 3 2106413284 LICK
260 0 4 3 2106855204 STIM_END_RESP_START
260 0 4 3 2108055220 RESP_END
261 1 3 2 2109773772 STIM_START
261 1 3 2 2113049156 STIM_END_RESP_START
261 1 3 2 2113239624 LICK
261 1 3 2 2113240160 REWARD_START
261 1 3 2 2113366412 LICK
261 1 3 2 2113553512 LICK
261 1 3 2 2114021840 LICK
261 1 3 2 2114249196 RESP_END
261 1 3 2 2113253232 REWARD_END
262 1 5 9 2115998784 STIM_START
262 1 5 9 2120024260 STIM_END_RESP_START
262 1 5 9 2120043664 LICK
262 1 5 9 2120044196 REWARD_START
262 1 5 9 2120190740 LICK
262 1 5 9 2120651728 LICK
262 1 5 9 2121224284 RESP_END
262 1 5 9 2120057272 REWARD_END
263 0 2 5 2122937916 STIM_START
263 0 2 5 2126063288 STIM_END_RESP_START
263 0 2 5 2126899972 LICK
263 0 2 5 2126900512 TIMEOUT_START
263 0 2 5 2127058352 LICK
263 0 2 5 2127058884 TIMEOUT_START
263 0 2 5 2127236964 LICK
263 0 2 5 2127237500 TIMEOUT_START
263 0 2 5 2127263320 RESP_END
263 0 2 5 2134238044 TIMEOUT_END
264 1 5 7 2135986020 STIM_START
264 1 5 7 2140011500 STIM_END_RESP_START
264 1 5 7 2140191864 LICK
264 1 5 7 2140192392 REWARD_START
264 1 5 7 2140371980 LICK
264 1 5 7 2140919832 LICK
264 1 5 7 2141211532 RESP_END
264 1 5 7 2140205468 REWARD_END
265 2 5 6 2142954172 STIM_START
265 2 5 6 2146153336 LICK
265 2 5 6 2146317140 LICK
265 2 5 6 2146482420 LICK
265 2 5 6 2146979656 STIM_END_RESP_START
265 2 5 6 2148179668 RESP_END
266 1 1 2 2149891236 STIM_START
266 1 1 2 2152778460 LICK
266 1 1 2 2152966616 STIM_END_RESP_START
266 1 1 2 2152967456 LICK
266 1 1 2 2152967992 REWARD_START
266 1 1 2 2153126780 LICK
266 1 1 2 2153321808 LICK
266 1 1 2 2153475492 LICK
266 1 1 2 2154166632 RESP_END
266 1 1 2 2152981060 REWARD_END
267 0 2 3 2156602344 STIM_START
267 0 2 3 2159727720 STIM_END_RESP_START
267 0 2 3 2160434528 LICK
267 0 2 3 2160435060 TIMEOUT_START
267 0 2 3 2160601632 LICK
267 0 2 3 2160602172 TIMEOUT_START
267 0 2 3 2160927752 RESP_END
267 0 2 3 2167602708 TIMEOUT_END
268 1 2 5 2171654752 STIM_START
268 1 2 5 2174780120 STIM_END_RESP_START
268 1 2 5 2175342036 LICK
268 1 2 5 2175342572 REWARD_START
268 1 2 5 2175511644 LICK
268 1 2 5 2175980152 RESP_END
268 1 2 5 2175355648 REWARD_END
269 1 1 7 2177749708 STIM_START
269 1 1 7 2180825088 STIM_END_RESP_START
269 1 1 7 2181157416 LICK
269 1 1 7 2181157952 REWARD_START
269 1 1 7 2181287964 LICK
269 1 1 7 2181791352 LICK
269 1 1 7 2182025100 RESP_END
269 1 1 7 2181171024 REWARD_END
270 1 2 5 2183738700 STIM_START
270 1 2 5 2186864068 STIM_END_RESP_START
270 1 2 5 2187046956 LICK
270 1 2 5 2187047488 REWARD_START
270 1 2 5 2187185616 LICK
270 1 2 5 2187371692 LICK
270 1 2 5 2187843112 LICK
270 1 2 5 2188064084 RESP_END
270 1 2 5 2187060568 REWARD_END
271 0 1 4 2189773676 STIM_START
271 0 1 4 2192195876 LICK
271 0 1 4 2192363792 LICK
271 0 1 4 2192849044 STIM_END_RESP_START
271 0 1 4 2194049096 RESP_END
272 1 2 6 2195748616 STIM_START
272 1 2 6 2198873988 STIM_END_RESP_START
272 1 2 6 2199261100 LICK
272 1 2 6 2199261644 REWARD_START
272 1 2 6 2199386552 LICK
272 1 2 6 2199722296 LICK
272 1 2 6 2200074012 RESP_END
272 1 2 6 2199274704 REWARD_END
273 0 1 2 2201786580 STIM_START
273 0 1 2 2204861960 STIM_END_RESP_START
273 0 1 2 2206032240 LICK
273 0 1 2 2206032772 TIMEOUT_START
273 0 1 2 2206062000 RESP_END
273 0 1 2 2213033308 TIMEOUT_END
274 1 3 3 2214752664 STIM_START
274 1 3 3 2218028060 STIM_END_RESP_START
274 1 3 3 2219228108 RESP_END
275 0 1 9 2220933712 STIM_START
275 0 1 9 2224009088 STIM_END_RESP_START
275 0 1 9 2225209104 RESP_END
276 1 1 10 2226915648 STIM_START
276 1 1 10 2229991032 STIM_END_RESP_START
276 1 1 10 2231191048 RESP_END
277 0 5 9 2238321456 STIM_START
277 0 5 9 2242346932 STIM_END_RESP_START
277 0 5 9 2243546948 RESP_END
278 1 1 10 2245249544 STIM_START
278 1 1 10 2248324920 STIM_END_RESP_START
278 1 1 10 2249524936 RESP_END
279 0 3 6 2251243488 STIM_START
279 0 3 6 2254518872 STIM_END_RESP_START
279 0 3 6 2255718888 RESP_END
280 2 3 2 2261594152 STIM_START
280 2 3 2 2264869532 STIM_END_RESP_START
280 2 3 2 2265080352 LICK
280 2 3 2 2265080892 REWARD_START
280 2 3 2 2265215120 LICK
280 2 3 2 2265854624 LICK
280 2 3 2 2266069568 RESP_END
280 2 3 2 2265093964 REWARD_END
281 0 2 7 2267788200 STIM_START
281 0 2 7 2270913576 STIM_END_RESP_START
281 0 2 7 2272113628 RESP_END
282 2 5 6 2273865244 STIM_START
282 2 5 6 2277890720 STIM_END_RESP_START
282 2 5 6 2279090736 RESP_END
283 1 4 5 2280812280 STIM_START
283 1 4 5 2284337692 STIM_END_RESP_START
283 1 4 5 2284547940 LICK
283 1 4 5 2284548480 REWARD_START
283 1 4 5 2284686352 LICK
283 1 4 5 2285124164 LICK
283 1 4 5 2285537728 RESP_END
283 1 4 5 2284561556 REWARD_END
284 0 1 5 2287239316 STIM_START
284 0 1 5 2290314696 STIM_END_RESP_START
284 0 1 5 2291400588 LICK
284 0 1 5 2291401128 TIMEOUT_START
284 0 1 5 2291514736 RESP_END
284 0 1 5 2298401664 TIMEOUT_END
285 0 5 3 2300147400 STIM_START
285 0 5 3 2304172876 STIM_END_RESP_START
285 0 5 3 2305372892 RESP_END
286 1 1 4 2307075484 STIM_START
286 1 1 4 2310150860 STIM_END_RESP_START
286 1 1 4 2310535736 LICK
286 1 1 4 2310536272 REWARD_START
286 1 1 4 2310686400 LICK
286 1 1 4 2311176488 LICK
286 1 1 4 2311350884 RESP_END
286 1 1 4 2310549344 REWARD_END
287 2 2 6 2313060456 STIM_START
287 2 2 6 2316185828 STIM_END_RESP_START
287 2 2 6 2317385844 RESP_END
288 1 3 8 2319108472 STIM_START
288 1 3 8 2322383852 STIM_END_RESP_START
288 1 3 8 2322990916 LICK
288 1 3 8 2322991456 REWARD_START
288 1 3 8 2323135392 LICK
288 1 3 8 2323307768 LICK
288 1 3 8 2323583884 RESP_END
288 1 3 8 2323004516 REWARD_END
289 0 5 9 2325362500 STIM_START
289 0 5 9 2325558616 LICK
289 0 5 9 2329387952 STIM_END_RESP_START
289 0 5 9 2330587972 RESP_END
290 1 1 2 2332297576 STIM_START
290 1 1 2 2335372956 STIM_END_RESP_START
290 1 1 2 2335719980 LICK
290 1 1 2 2335720520 REWARD_START
290 1 1 2 2335884244 LICK
290 1 1 2 2336040108 LICK
290 1 1 2 2336572992 RESP_END
290 1 1 2 2335733592 REWARD_END
291 0 4 9 2338938684 STIM_START
291 0 4 9 2342464100 STIM_END_RESP_START
291 0 4 9 2342528100 LICK
291 0 4 9 2342528632 TIMEOUT_START
291 0 4 9 2342691832 LICK
291 0 4 9 2342692372 TIMEOUT_START
291 0 4 9 2342865604 LICK
291 0 4 9 2342866144 TIMEOUT_START
291 0 4 9 2343019140 LICK
291 0 4 9 2343019680 TIMEOUT_START
291 0 4 9 2343234292 LICK
291 0 4 9 2343234828 TIMEOUT_START
291 0 4 9 2343664128 RESP_END
291 0 4 9 2350235372 TIMEOUT_END
292 1 5 1 2351974772 STIM_START
292 1 5 1 2354677880 LICK
292 1 5 1 2355045588 LICK
292 1 5 1 2356000236 STIM_END_RESP_START
292 1 5 1 2357200252 RESP_END
293 1 3 6 2358916836 STIM_START
293 1 3 6 2362192220 STIM_END_RESP_START
293 1 3 6 2362926088 LICK
293 1 3 6 2362926620 REWARD_START
293 1 3 6 2363128676 LICK
293 1 3 6 2363392240 RESP_END
293 1 3 6 2362939696 REWARD_END
294 2 4 7 2366444056 STIM_START
294 2 4 7 2369758964 LICK
294 2 4 7 2369921896 LICK
294 2 4 7 2369969464 STIM_END_RESP_START
294 2 4 7 2370090744 LICK
294 2 4 7 2370091284 REWARD_START
294 2 4 7 2370260252 LICK
294 2 4 7 2370835304 LICK
294 2 4 7 2371169496 RESP_END
294 2 4 7 2370104360 REWARD_END
295 0 2 9 2372884104 STIM_START
295 0 2 9 2375860196 LICK
295 0 2 9 2376009468 STIM_END_RESP_START
295 0 2 9 2376029148 LICK
295 0 2 9 2376029684 TIMEOUT_START
295 0 2 9 2377209480 RESP_END
295 0 2 9 2383030224 TIMEOUT_END
296 1 4 1 2384756016 STIM_START
296 1 4 1 2388161868 LICK
296 1 4 1 2388281432 STIM_END_RESP_START
296 1 4 1 2388340052 LICK
296 1 4 1 2388340584 REWARD_START
296 1 4 1 2388397088 LICK
296 1 4 1 2388563116 LICK
296 1 4 1 2389481460 RESP_END
296 1 4 1 2388353664 REWARD_END
297 0 5 4 2392394272 STIM_START
297 0 5 4 2394912276 LICK
297 0 5 4 2395098728 LICK
297 0 5 4 2396419748 STIM_END_RESP_START
297 0 5 4 2397619764 RESP_END
298 0 5 4 2399365384 STIM_START
298 0 5 4 2403390860 STIM_END_RESP_START
298 0 5 4 2403759368 LICK
298 0 5 4 2403759900 TIMEOUT_START
298 0 5 4 2404590908 RESP_END
298 0 5 4 2410760452 TIMEOUT_END
299 1 1 2 2412464500 STIM_START
299 1 1 2 2415539840 STIM_END_RESP_START
299 1 1 2 2415938360 LICK
299 1 1 2 2415938900 REWARD_START
299 1 1 2 2416073576 LICK
299 1 1 2 2416509348 LICK
299 1 1 2 2416739880 RESP_END
299 1 1 2 2415951980 REWARD_END
300 0 1 9 2419105556 STIM_START
300 0 1 9 2422180940 STIM_END_RESP_START
300 0 1 9 2422932516 LICK
300 0 1 9 2422933048 TIMEOUT_START
300 0 1 9 2423095516 LICK
300 0 1 9 2423096048 TIMEOUT_START
300 0 1 9 2423380956 RESP_END
300 0 1 9 2430096592 TIMEOUT_END
301 1 4 7 2432044628 STIM_START
301 1 4 7 2433287172 LICK
301 1 4 7 2433451944 LICK
301 1 4 7 2433965404 LICK
301 1 4 7 2434227656 LICK
301 1 4 7 2435194252 LICK
301 1 4 7 2435345080 LICK
301 1 4 7 2435490568 LICK
301 1 4 7 2435570056 STIM_END_RESP_START
301 1 4 7 2435634912 LICK
301 1 4 7 2435635452 REWARD_START
301 1 4 7 2436728008 LICK
301 1 4 7 2436770100 RESP_END
301 1 4 7 2435648528 REWARD_END
302 2 2 5 2451391664 STIM_START
302 2 2 5 2451780652 LICK
302 2 2 5 2452206856 LICK
302 2 2 5 2452383972 LICK
302 2 2 5 2452675888 LICK
302 2 2 5 2453034848 LICK
302 2 2 5 2453626760 LICK
302 2 2 5 2454226916 LICK
302 2 2 5 2454517040 STIM_END_RESP_START
302 2 2 5 2454680752 LICK
302 2 2 5 2454681284 REWARD_START
302 2 2 5 2454784928 LICK
302 2 2 5 2455185584 LICK
302 2 2 5 2455717088 RESP_END
302 2 2 5 2454694364 REWARD_END
303 2 2 10 2459975048 STIM_START
303 2 2 10 2460516816 LICK
303 2 2 10 2460653052 LICK
303 2 2 10 2461046376 LICK
303 2 2 10 2461188916 LICK
303 2 2 10 2462001384 LICK
303 2 2 10 2462115680 LICK
303 2 2 10 2462238876 LICK
303 2 2 10 2462388624 LICK
303 2 2 10 2462533356 LICK
303 2 2 10 2462685288 LICK
303 2 2 10 2463100408 STIM_END_RESP_START
303 2 2 10 2463932488 LICK
303 2 2 10 2463933024 REWARD_START
303 2 2 10 2464300456 RESP_END
303 2 2 10 2463946104 REWARD_END
304 0 1 5 2472414004 STIM_START
304 0 1 5 2472612056 LICK
304 0 1 5 2472769092 LICK
304 0 1 5 2473421956 LICK
304 0 1 5 2473499832 LICK
304 0 1 5 2473545528 LICK
304 0 1 5 2473946012 LICK
304 0 1 5 2474535152 LICK
304 0 1 5 2475106404 LICK
304 0 1 5 2475184264 LICK
304 0 1 5 2475489360 STIM_END_RESP_START
304 0 1 5 2475933892 LICK
304 0 1 5 2475934424 TIMEOUT_START
304 0 1 5 2476602416 LICK
304 0 1 5 2476602948 TIMEOUT_START
304 0 1 5 2476689404 RESP_END
304 0 1 5 2483603500 TIMEOUT_END
305 1 2 4 2485314148 STIM_START
305 1 2 4 2488439528 STIM_END_RESP_START
305 1 2 4 2489639544 RESP_END
306 0 2 9 2491352108 STIM_START
306 0 2 9 2494477480 STIM_END_RESP_START
306 0 2 9 2495677496 RESP_END
307 0 3 4 2497398064 STIM_START
307 0 3 4 2500673440 STIM_END_RESP_START
307 0 3 4 2501873456 RESP_END
308 1 1 8 2508860856 STIM_START
308 1 1 8 2511936236 STIM_END_RESP_START
308 1 1 8 2512216936 LICK
308 1 1 8 2512217476 REWARD_START
308 1 1 8 2512368992 LICK
308 1 1 8 2512667492 LICK
308 1 1 8 2512811748 LICK
308 1 1 8 2513136264 RESP_END
308 1 1 8 2512230540 REWARD_END
309 1 1 9 2519373552 STIM_START
309 1 1 9 2522448936 STIM_END_RESP_START
309 1 1 9 2523032184 LICK
309 1 1 9 2523032728 REWARD_START
309 1 1 9 2523241924 LICK
309 1 1 9 2523550620 LICK
309 1 1 9 2523648976 RESP_END
309 1 1 9 2523045800 REWARD_END
310 0 1 5 2526253652 STIM_START
310 0 1 5 2529329032 STIM_END_RESP_START
310 0 1 5 2530529048 RESP_END
311 1 4 8 2532256584 STIM_START
311 1 4 8 2535782000 STIM_END_RESP_START
311 1 4 8 2536303804 LICK
311 1 4 8 2536304336 REWARD_START
311 1 4 8 2536439452 LICK
311 1 4 8 2536592924 LICK
311 1 4 8 2536982036 RESP_END
311 1 4 8 2536317416 REWARD_END
312 0 4 3 2538705692 STIM_START
312 0 4 3 2542231104 STIM_END_RESP_START
312 0 4 3 2543431124 RESP_END
313 0 5 6 2545173740 STIM_START
313 0 5 6 2549199216 STIM_END_RESP_START
313 0 5 6 2550399232 RESP_END
314 1 5 6 2552144856 STIM_START
314 1 5 6 2556170340 STIM_END_RESP_START
314 1 5 6 2556617544 LICK
314 1 5 6 2556618088 REWARD_START
314 1 5 6 2556759732 LICK
314 1 5 6 2557370364 RESP_END
314 1 5 6 2556631168 REWARD_END
315 1 2 5 2559085956 STIM_START
315 1 2 5 2562211332 STIM_END_RESP_START
315 1 2 5 2562631164 LICK
315 1 2 5 2562631704 REWARD_START
315 1 2 5 2562785956 LICK
315 1 2 5 2563411376 RESP_END
315 1 2 5 2562644772 REWARD_END
316 0 2 5 2567097236 STIM_START
316 0 2 5 2570222616 STIM_END_RESP_START
316 0 2 5 2570822048 LICK
316 0 2 5 2570822580 TIMEOUT_START
316 0 2 5 2571422624 RESP_END
316 0 2 5 2577823120 TIMEOUT_END
317 0 3 10 2579533240 STIM_START
317 0 3 10 2582808624 STIM_END_RESP_START
317 0 3 10 2584008672 RESP_END
318 0 3 3 2585727260 STIM_START
318 0 3 3 2589002640 STIM_END_RESP_START
318 0 3 3 2589837332 LICK
318 0 3 3 2589837868 TIMEOUT_START
318 0 3 3 2589993908 LICK
318 0 3 3 2589994448 TIMEOUT_START
318 0 3 3 2590202688 RESP_END
318 0 3 3 2596994988 TIMEOUT_END
319 1 3 8 2598716364 STIM_START
319 1 3 8 2601991748 STIM_END_RESP_START
319 1 3 8 2602386848 LICK
319 1 3 8 2602387380 REWARD_START
319 1 3 8 2602576544 LICK
319 1 3 8 2602907404 LICK
319 1 3 8 2603191796 RESP_END
319 1 3 8 2602400460 REWARD_END
320 2 3 9 2605298452 STIM_START
320 2 3 9 2608573840 STIM_END_RESP_START
320 2 3 9 2609773856 RESP_END
321 0 2 3 2611481380 STIM_START
321 0 2 3 2614606752 STIM_END_RESP_START
321 0 2 3 2615806768 RESP_END
322 0 3 6 2617530436 STIM_START
322 0 3 6 2620805816 STIM_END_RESP_START
322 0 3 6 2622005832 RESP_END
323 0 1 8 2624789592 STIM_START
323 0 1 8 2627864972 STIM_END_RESP_START
323 0 1 8 2629064988 RESP_END
324 1 4 9 2630793556 STIM_START
324 1 4 9 2634318968 STIM_END_RESP_START
324 1 4 9 2634520496 LICK
324 1 4 9 2634521036 REWARD_START
324 1 4 9 2634673660 LICK
324 1 4 9 2635519024 RESP_END
324 1 4 9 2634534116 REWARD_END
325 2 1 9 2638269696 STIM_START
325 2 1 9 2641345072 STIM_END_RESP_START
325 2 1 9 2642545088 RESP_END
326 1 3 7 2644263708 STIM_START
326 1 3 7 2647539092 STIM_END_RESP_START
326 1 3 7 2648082040 LICK
326 1 3 7 2648082576 REWARD_START
326 1 3 7 2648292832 LICK
326 1 3 7 2648739128 RESP_END
326 1 3 7 2648095644 REWARD_END
327 0 1 2 2650548760 STIM_START
327 0 1 2 2653624140 STIM_END_RESP_START
327 0 1 2 2654824156 RESP_END
328 2 4 8 2656550700 STIM_START
328 2 4 8 2660076112 STIM_END_RESP_START
328 2 4 8 2661276128 RESP_END
329 0 1 5 2663237812 STIM_START
329 0 1 5 2666313188 STIM_END_RESP_START
329 0 1 5 2667513204 RESP_END
330 2 1 6 2669217736 STIM_START
330 2 1 6 2672293080 STIM_END_RESP_START
330 2 1 6 2673493100 RESP_END
331 1 3 8 2675205692 STIM_START
331 1 3 8 2678481076 STIM_END_RESP_START
331 1 3 8 2679681092 RESP_END
332 1 5 3 2681431712 STIM_START
332 1 5 3 2685457188 STIM_END_RESP_START
332 1 5 3 2685998420 LICK
332 1 5 3 2685998952 REWARD_START
332 1 5 3 2686199924 LICK
332 1 5 3 2686657212 RESP_END
332 1 5 3 2686012028 REWARD_END
333 0 5 8 2688406828 STIM_START
333 0 5 8 2692432300 STIM_END_RESP_START
333 0 5 8 2693632316 RESP_END
334 2 1 1 2695341972 STIM_START
334 2 1 1 2698417356 STIM_END_RESP_START
334 2 1 1 2699617372 RESP_END
335 1 4 8 2701347888 STIM_START
335 1 4 8 2704873296 STIM_END_RESP_START
335 1 4 8 2705403508 LICK
335 1 4 8 2705404048 REWARD_START
335 1 4 8 2706073316 RESP_END
335 1 4 8 2705417120 REWARD_END
336 1 3 8 2707787928 STIM_START
336 1 3 8 2711063304 STIM_END_RESP_START
336 1 3 8 2711630188 LICK
336 1 3 8 2711630720 REWARD_START
336 1 3 8 2712263316 RESP_END
336 1 3 8 2711643796 REWARD_END
337 0 4 5 2715427220 STIM_START
337 0 4 5 2715786980 LICK
337 0 4 5 2718952636 STIM_END_RESP_START
337 0 4 5 2720152652 RESP_END
338 0 4 9 2721880244 STIM_START
338 0 4 9 2725405668 STIM_END_RESP_START
338 0 4 9 2725411708 LICK
338 0 4 9 2725412252 TIMEOUT_START
338 0 4 9 2725586604 LICK
338 0 4 9 2725587144 TIMEOUT_START
338 0 4 9 2726605712 RESP_END
338 0 4 9 2732587684 TIMEOUT_END
339 1 2 6 2734296212 STIM_START
339 1 2 6 2737421580 STIM_END_RESP_START
339 1 2 6 2738209708 LICK
339 1 2 6 2738210248 REWARD_START
339 1 2 6 2738356476 LICK
339 1 2 6 2738621620 RESP_END
339 1 2 6 2738223308 REWARD_END
340 2 2 8 2741438408 STIM_START
340 2 2 8 2744563784 STIM_END_RESP_START
340 2 2 8 2745763832 RESP_END
341 1 5 6 2747514388 STIM_START
341 1 5 6 2751539864 STIM_END_RESP_START
341 1 5 6 2752052620 LICK
341 1 5 6 2752053152 REWARD_START
341 1 5 6 2752411820 LICK
341 1 5 6 2752739912 RESP_END
341 1 5 6 2752066228 REWARD_END
342 0 5 9 2754938596 STIM_START
342 0 5 9 2758964068 STIM_END_RESP_START
342 0 5 9 2759028636 LICK
342 0 5 9 2759029176 TIMEOUT_START
342 0 5 9 2759210988 LICK
342 0 5 9 2759211528 TIMEOUT_START
342 0 5 9 2760164104 RESP_END
342 0 5 9 2766212072 TIMEOUT_END
343 0 5 10 2767948684 STIM_START
343 0 5 10 2771974164 STIM_END_RESP_START
343 0 5 10 2773174176 RESP_END
344 0 1 1 2774884776 STIM_START
344 0 1 1 2777960156 STIM_END_RESP_START
344 0 1 1 2779160172 RESP_END
345 1 2 1 2780874800 STIM_START
345 1 2 1 2784000172 STIM_END_RESP_START
345 1 2 1 2784440436 LICK
345 1 2 1 2784440968 REWARD_START
345 1 2 1 2784606400 LICK
345 1 2 1 2784948016 LICK
345 1 2 1 2785200192 RESP_END
345 1 2 1 2784454048 REWARD_END
346 1 2 5 2788778072 STIM_START
346 1 2 5 2791903444 STIM_END_RESP_START
346 1 2 5 2792145976 LICK
346 1 2 5 2792146512 REWARD_START
346 1 2 5 2792293816 LICK
346 1 2 5 2792630112 LICK
346 1 2 5 2793103464 RESP_END
346 1 2 5 2792159588 REWARD_END
347 1 5 6 2794863008 STIM_START
347 1 5 6 2798888484 STIM_END_RESP_START
347 1 5 6 2799235512 LICK
347 1 5 6 2799236044 REWARD_START
347 1 5 6 2799414792 LICK
347 1 5 6 2799605512 LICK
347 1 5 6 2800088496 RESP_END
347 1 5 6 2799249124 REWARD_END
348 0 2 3 2801796124 STIM_START
348 0 2 3 2804921492 STIM_END_RESP_START
348 0 2 3 2806121512 RESP_END
349 1 2 9 2808124200 STIM_START
349 1 2 9 2811249572 STIM_END_RESP_START
349 1 2 9 2811597244 LICK
349 1 2 9 2811597776 REWARD_START
349 1 2 9 2811800036 LICK
349 1 2 9 2812144756 LICK
349 1 2 9 2812449612 RESP_END
349 1 2 9 2811610852 REWARD_END
350 1 3 2 2815147320 STIM_START
350 1 3 2 2818422700 STIM_END_RESP_START
350 1 3 2 2818766384 LICK
350 1 3 2 2818766920 REWARD_START
350 1 3 2 2818935288 LICK
350 1 3 2 2819132564 LICK
350 1 3 2 2819622724 RESP_END
350 1 3 2 2818779992 REWARD_END
351 2 2 9 2821330320 STIM_START
351 2 2 9 2824455688 STIM_END_RESP_START
351 2 2 9 2825655704 RESP_END
352 0 4 7 2827385300 STIM_START
352 0 4 7 2830910716 STIM_END_RESP_START
352 0 4 7 2832110736 RESP_END
353 0 3 5 2833830368 STIM_START
353 0 3 5 2837105752 STIM_END_RESP_START
353 0 3 5 2838305808 RESP_END
354 1 1 10 2840003344 STIM_START
354 1 1 10 2843078732 STIM_END_RESP_START
354 1 1 10 2844094748 LICK
354 1 1 10 2844095280 REWARD_START
354 1 1 10 2844278768 RESP_END
354 1 1 10 2844108360 REWARD_END
355 0 3 3 2847534572 STIM_START
355 0 3 3 2847893148 LICK
355 0 3 3 2850809948 STIM_END_RESP_START
355 0 3 3 2852009960 RESP_END
356 0 5 6 2853755576 STIM_START
356 0 5 6 2857781052 STIM_END_RESP_START
356 0 5 6 2858981064 RESP_END
357 0 3 5 2860702652 STIM_START
357 0 3 5 2863978036 STIM_END_RESP_START
357 0 3 5 2865178056 RESP_END
358 2 3 8 2868059896 STIM_START
358 2 3 8 2871335280 STIM_END_RESP_START
358 2 3 8 2872457004 LICK
358 2 3 8 2872457540 REWARD_START
358 2 3 8 2872535312 RESP_END
358 2 3 8 2872470620 REWARD_END
359 1 3 5 2874255932 STIM_START
359 1 3 5 2877531316 STIM_END_RESP_START
359 1 3 5 2878627832 LICK
359 1 3 5 2878628372 REWARD_START
359 1 3 5 2878731360 RESP_END
359 1 3 5 2878641452 REWARD_END
360 0 2 5 2881266068 STIM_START
360 0 2 5 2884391436 STIM_END_RESP_START
360 0 2 5 2885177876 LICK
360 0 2 5 2885178412 TIMEOUT_START
360 0 2 5 2885382736 LICK
360 0 2 5 2885383272 TIMEOUT_START
360 0 2 5 2885591452 RESP_END
360 0 2 5 2892383808 TIMEOUT_END
361 0 1 1 2894092128 STIM_START
361 0 1 1 2897167472 STIM_END_RESP_START
361 0 1 1 2898367528 RESP_END
362 0 2 9 2900079028 STIM_START
362 0 2 9 2903204400 STIM_END_RESP_START
362 0 2 9 2904404416 RESP_END
363 1 4 9 2906123040 STIM_START
363 1 4 9 2909648456 STIM_END_RESP_START
363 1 4 9 2910636692 LICK
363 1 4 9 2910637232 REWARD_START
363 1 4 9 2910827816 LICK
363 1 4 9 2910848504 RESP_END
363 1 4 9 2910650304 REWARD_END
364 1 5 9 2914243328 STIM_START
364 1 5 9 2918268812 STIM_END_RESP_START
364 1 5 9 2918622172 LICK
364 1 5 9 2918622712 REWARD_START
364 1 5 9 2918807492 LICK
364 1 5 9 2919312116 LICK
364 1 5 9 2919468840 RESP_END
364 1 5 9 2918635788 REWARD_END
365 2 2 2 2921798588 STIM_START
365 2 2 2 2924923964 STIM_END_RESP_START
365 2 2 2 2926124012 RESP_END
366 0 4 10 2927842600 STIM_START
366 0 4 10 2931368012 STIM_END_RESP_START
366 0 4 10 2932568060 RESP_END
367 1 3 9 2934280624 STIM_START
367 1 3 9 2937556012 STIM_END_RESP_START
367 1 3 9 2938587976 LICK
367 1 3 9 2938588516 REWARD_START
367 1 3 9 2938756048 RESP_END
367 1 3 9 2938601596 REWARD_END
368 0 4 1 2940473616 STIM_START
368 0 4 1 2943999028 STIM_END_RESP_START
368 0 4 1 2945199044 RESP_END
369 1 3 3 2946906668 STIM_START
369 1 3 3 2950182052 STIM_END_RESP_START
369 1 3 3 2950767516 LICK
369 1 3 3 2950768056 REWARD_START
369 1 3 3 2951382076 RESP_END
369 1 3 3 2950781132 REWARD_END
370 0 4 8 2953112628 STIM_START
370 0 4 8 2956638036 STIM_END_RESP_START
370 0 4 8 2957838052 RESP_END
371 0 3 6 2959549708 STIM_START
371 0 3 6 2962825088 STIM_END_RESP_START
371 0 3 6 2964025104 RESP_END
372 0 3 3 2965736700 STIM_START
372 0 3 3 2969012080 STIM_END_RESP_START
372 0 3 3 2970212096 RESP_END
373 2 4 1 2971945776 STIM_START
373 2 4 1 2975471188 STIM_END_RESP_START
373 2 4 1 2976671208 RESP_END
374 0 1 1 2978377776 STIM_START
374 0 1 1 2981453156 STIM_END_RESP_START
374 0 1 1 2982653176 RESP_END
375 0 2 9 2984361736 STIM_START
375 0 2 9 2987487108 STIM_END_RESP_START
375 0 2 9 2988687124 RESP_END
376 0 5 1 2990433732 STIM_START
376 0 5 1 2994459208 STIM_END_RESP_START
376 0 5 1 2995659224 RESP_END
377 1 5 2 2997407832 STIM_START
377 1 5 2 3001433308 STIM_END_RESP_START
377 1 5 2 3002633328 RESP_END
378 2 3 4 3004358008 STIM_START
378 2 3 4 3007633388 STIM_END_RESP_START
378 2 3 4 3008833404 RESP_END
379 0 4 6 3010557000 STIM_START
379 0 4 6 3014082412 STIM_END_RESP_START
379 0 4 6 3015282432 RESP_END
380 0 3 7 3016995020 STIM_START
380 0 3 7 3020270400 STIM_END_RESP_START
380 0 3 7 3021470416 RESP_END
381 1 4 2 3023193024 STIM_START
381 1 4 2 3026718440 STIM_END_RESP_START
381 1 4 2 3027918460 RESP_END
