001 1 0010545072 STIM_START
001 1 0013820468 STIM_END_RESP_START
001 1 0015020484 RESP_END
002 1 0017240184 STIM_START
002 1 0021015636 STIM_END_RESP_START
002 1 0022215688 RESP_END
003 0 0024433428 STIM_START
003 0 0027958836 STIM_END_RESP_START
003 0 0029158852 RESP_END
004 0 0031381480 STIM_START
004 0 0035406984 STIM_END_RESP_START
004 0 0035616448 LICK
004 0 0035616892 TIMEOUT_START
004 0 0035771284 LICK
004 0 0035771728 TIMEOUT_START
004 0 0035885460 LICK
004 0 0035885896 TIMEOUT_START
004 0 0036045332 LICK
004 0 0036045764 TIMEOUT_START
004 0 0036607024 RESP_END
004 0 0043046228 TIMEOUT_END
005 0 0044853692 STIM_START
005 0 0048129092 STIM_END_RESP_START
005 0 0049329136 RESP_END
006 1 0052101964 STIM_START
006 1 0055627372 STIM_END_RESP_START
006 1 0056827388 RESP_END
007 1 0060625304 STIM_START
007 1 0064515176 LICK
007 1 0064650776 STIM_END_RESP_START
007 1 0064727272 LICK
007 1 0064727708 REWARD_START
007 1 0065104748 LICK
007 1 0065263784 LICK
007 1 0065850800 RESP_END
007 1 0064740684 REWARD_END
008 1 0068519580 STIM_START
008 1 0071794980 STIM_END_RESP_START
008 1 0072146776 LICK
008 1 0072147220 REWARD_START
008 1 0072320852 LICK
008 1 0072535072 LICK
008 1 0072681244 LICK
008 1 0072874100 LICK
008 1 0072995020 RESP_END
008 1 0072160188 REWARD_END
009 0 0075025676 STIM_START
009 0 0079051140 STIM_END_RESP_START
009 0 0079164688 LICK
009 0 0079165124 TIMEOUT_START
009 0 0080251188 RESP_END
009 0 0086165588 TIMEOUT_END
010 0 0088076808 STIM_START
010 0 0092102308 STIM_END_RESP_START
010 0 0093302324 RESP_END
011 1 0095318996 STIM_START
011 1 0099344468 STIM_END_RESP_START
011 1 0100400032 LICK
011 1 0100400520 REWARD_START
011 1 0100544508 RESP_END
011 1 0100413524 REWARD_END
012 0 0104181448 STIM_START
012 0 0104519640 LICK
012 0 0107706852 STIM_END_RESP_START
012 0 0108906884 RESP_END
013 1 0110851504 STIM_START
013 1 0114626972 STIM_END_RESP_START
013 1 0115030372 LICK
013 1 0115030856 REWARD_START
013 1 0115827000 RESP_END
013 1 0115043880 REWARD_END
014 1 0117972792 STIM_START
014 1 0121748264 STIM_END_RESP_START
014 1 0122948296 RESP_END
015 0 0124692816 STIM_START
015 0 0127968228 STIM_END_RESP_START
015 0 0129168260 RESP_END
016 1 0131314904 STIM_START
016 1 0134590276 STIM_END_RESP_START
016 1 0135491172 LICK
016 1 0135491664 REWARD_START
016 1 0135790324 RESP_END
016 1 0135504680 REWARD_END
017 0 0140114344 STIM_START
017 0 0143389720 STIM_END_RESP_START
017 0 0144589748 RESP_END
018 1 0146540348 STIM_START
018 1 0150065772 STIM_END_RESP_START
018 1 0151265808 RESP_END
019 1 0154264612 STIM_START
019 1 0158290092 STIM_END_RESP_START
019 1 0158520292 LICK
019 1 0158520780 REWARD_START
019 1 0158636244 LICK
019 1 0158808844 LICK
019 1 0158942972 LICK
019 1 0159116728 LICK
019 1 0159256612 LICK
019 1 0159490136 RESP_END
019 1 0158533804 REWARD_END
020 0 0162742036 STIM_START
020 0 0166767512 STIM_END_RESP_START
020 0 0167967548 RESP_END
021 1 0170123240 STIM_START
021 1 0173648664 STIM_END_RESP_START
021 1 0174848700 RESP_END
022 1 0179699832 STIM_START
022 1 0180259476 LICK
022 1 0180420084 LICK
022 1 0181508168 LICK
022 1 0181671352 LICK
022 1 0182282644 LICK
022 1 0182430880 LICK
022 1 0182975232 STIM_END_RESP_START
022 1 0183150644 LICK
022 1 0183151128 REWARD_START
022 1 0183317424 LICK
022 1 0183478320 LICK
022 1 0183656196 LICK
022 1 0184175248 RESP_END
022 1 0183164136 REWARD_END
023 0 0188997320 STIM_START
023 0 0191869684 LICK
023 0 0192043328 LICK
023 0 0192205464 LICK
023 0 0193022784 STIM_END_RESP_START
023 0 0193067452 LICK
023 0 0193067936 TIMEOUT_START
023 0 0193259380 LICK
023 0 0193259872 TIMEOUT_START
023 0 0193496044 LICK
023 0 0193496536 TIMEOUT_START
023 0 0194222812 RESP_END
023 0 0200497044 TIMEOUT_END
024 0 0202669520 STIM_START
024 0 0204386696 LICK
024 0 0204800376 LICK
024 0 0205984680 LICK
024 0 0206695016 STIM_END_RESP_START
024 0 0207027508 LICK
024 0 0207027992 TIMEOUT_START
024 0 0207243580 LICK
024 0 0207244064 TIMEOUT_START
024 0 0207895056 RESP_END
024 0 0214244580 TIMEOUT_END
025 0 0216325772 STIM_START
025 0 0220351244 STIM_END_RESP_START
025 0 0221012116 LICK
025 0 0221012600 TIMEOUT_START
025 0 0221551272 RESP_END
025 0 0228013108 TIMEOUT_END
026 1 0230046016 STIM_START
026 1 0233571440 STIM_END_RESP_START
026 1 0234004584 LICK
026 1 0234005068 REWARD_START
026 1 0234238008 LICK
026 1 0234771472 RESP_END
026 1 0234018092 REWARD_END
027 1 0237158200 STIM_START
027 1 0240433580 STIM_END_RESP_START
027 1 0240848692 LICK
027 1 0240849184 REWARD_START
027 1 0241084392 LICK
027 1 0241633600 RESP_END
027 1 0240862196 REWARD_END
028 1 0243735220 STIM_START
028 1 0247260648 STIM_END_RESP_START
028 1 0248460680 RESP_END
029 0 0250642376 STIM_START
029 0 0254667860 STIM_END_RESP_START
029 0 0255867892 RESP_END
030 0 0257794564 STIM_START
030 0 0261570032 STIM_END_RESP_START
030 0 0262770068 RESP_END
031 0 0264555600 STIM_START
031 0 0267830972 STIM_END_RESP_START
031 0 0269031008 RESP_END
032 1 0270855624 STIM_START
032 1 0274631056 STIM_END_RESP_START
032 1 0275831088 RESP_END
033 1 0277647796 STIM_START
033 1 0281173220 STIM_END_RESP_START
033 1 0282373256 RESP_END
034 1 0284113852 STIM_START
034 1 0288139336 STIM_END_RESP_START
034 1 0289339364 RESP_END
035 0 0291468044 STIM_START
035 0 0295131716 LICK
035 0 0295243484 STIM_END_RESP_START
035 0 0296443532 RESP_END
036 0 0302556804 STIM_START
036 0 0306582284 STIM_END_RESP_START
036 0 0307782320 RESP_END
037 0 0309523944 STIM_START
037 0 0313049368 STIM_END_RESP_START
037 0 0314249408 RESP_END
038 1 0316080028 STIM_START
038 1 0319855460 STIM_END_RESP_START
038 1 0320045996 LICK
038 1 0320046488 REWARD_START
038 1 0320189800 LICK
038 1 0320345312 LICK
038 1 0320495640 LICK
038 1 0320668692 LICK
038 1 0321055500 RESP_END
038 1 0320059508 REWARD_END
039 0 0323574168 STIM_START
039 0 0327099596 STIM_END_RESP_START
039 0 0328299632 RESP_END
040 1 0330433364 STIM_START
040 1 0333708744 STIM_END_RESP_START
040 1 0334040956 LICK
040 1 0334041448 REWARD_START
040 1 0334217496 LICK
040 1 0334388784 LICK
040 1 0334565352 LICK
040 1 0334702800 LICK
040 1 0334908772 RESP_END
040 1 0334054472 REWARD_END
041 1 0337852528 STIM_START
041 1 0341377948 STIM_END_RESP_START
041 1 0341667680 LICK
041 1 0341668172 REWARD_START
041 1 0341845244 LICK
041 1 0342013712 LICK
041 1 0342178488 LICK
041 1 0342577980 RESP_END
041 1 0341681192 REWARD_END
042 0 0345673792 STIM_START
042 0 0349699268 STIM_END_RESP_START
042 0 0349846664 LICK
042 0 0349847148 TIMEOUT_START
042 0 0350007828 LICK
042 0 0350008316 TIMEOUT_START
042 0 0350184620 LICK
042 0 0350185104 TIMEOUT_START
042 0 0350899300 RESP_END
042 0 0357185624 TIMEOUT_END
043 1 0359174000 STIM_START
043 1 0362449380 STIM_END_RESP_START
043 1 0362736860 LICK
043 1 0362737348 REWARD_START
043 1 0362911720 LICK
043 1 0363095260 LICK
043 1 0363238328 LICK
043 1 0363600920 LICK
043 1 0363649392 RESP_END
043 1 0362750368 REWARD_END
044 0 0365521016 STIM_START
044 0 0369296448 STIM_END_RESP_START
044 0 0369873228 LICK
044 0 0369873712 TIMEOUT_START
044 0 0370082492 LICK
044 0 0370082980 TIMEOUT_START
044 0 0370496468 RESP_END
044 0 0377083476 TIMEOUT_END
045 0 0379245236 STIM_START
045 0 0382770664 STIM_END_RESP_START
045 0 0383970700 RESP_END
046 0 0385857288 STIM_START
046 0 0389632760 STIM_END_RESP_START
046 0 0390832792 RESP_END
047 1 0392764412 STIM_START
047 1 0396289840 STIM_END_RESP_START
047 1 0397489872 RESP_END
048 1 0401324780 STIM_START
048 1 0405350260 STIM_END_RESP_START
048 1 0405597076 LICK
048 1 0405597568 REWARD_START
048 1 0405771512 LICK
048 1 0405966228 LICK
048 1 0406140648 LICK
048 1 0406292012 LICK
048 1 0406550288 RESP_END
048 1 0405610576 REWARD_END
049 1 0408648980 STIM_START
049 1 0412674460 STIM_END_RESP_START
049 1 0412814560 LICK
049 1 0412815044 REWARD_START
049 1 0412962512 LICK
049 1 0413128152 LICK
049 1 0413290756 LICK
049 1 0413874508 RESP_END
049 1 0412828068 REWARD_END
050 0 0416357184 STIM_START
050 0 0419632564 STIM_END_RESP_START
050 0 0420458508 LICK
050 0 0420458992 TIMEOUT_START
050 0 0420626300 LICK
050 0 0420626788 TIMEOUT_START
050 0 0420832600 RESP_END
050 0 0427627284 TIMEOUT_END
051 0 0429338372 STIM_START
051 0 0432613752 STIM_END_RESP_START
051 0 0433813788 RESP_END
052 0 0435604360 STIM_START
052 0 0439129788 STIM_END_RESP_START
052 0 0440329820 RESP_END
053 1 0442292416 STIM_START
053 1 0445817836 STIM_END_RESP_START
053 1 0446434900 LICK
053 1 0446435392 REWARD_START
053 1 0446625016 LICK
053 1 0446772940 LICK
053 1 0446930312 LICK
053 1 0447017860 RESP_END
053 1 0446448408 REWARD_END
054 0 0449411604 STIM_START
054 0 0452686984 STIM_END_RESP_START
054 0 0453887020 RESP_END
055 0 0455737612 STIM_START
055 0 0459763092 STIM_END_RESP_START
055 0 0459958732 LICK
055 0 0459959216 TIMEOUT_START
055 0 0460963100 RESP_END
055 0 0466959732 TIMEOUT_END
056 1 0468870696 STIM_START
056 1 0472646128 STIM_END_RESP_START
056 1 0472987304 LICK
056 1 0472987792 REWARD_START
056 1 0473165368 LICK
056 1 0473339692 LICK
056 1 0473502972 LICK
056 1 0473846172 RESP_END
056 1 0473000812 REWARD_END
057 1 0476576988 STIM_START
057 1 0479852360 STIM_END_RESP_START
057 1 0480575880 LICK
057 1 0480576368 REWARD_START
057 1 0480725564 LICK
057 1 0480873988 LICK
057 1 0481021352 LICK
057 1 0481052408 RESP_END
057 1 0480589392 REWARD_END
058 0 0484025128 STIM_START
058 0 0487550560 STIM_END_RESP_START
058 0 0488457092 LICK
058 0 0488457580 TIMEOUT_START
058 0 0488595112 LICK
058 0 0488595604 TIMEOUT_START
058 0 0488750608 RESP_END
058 0 0495596104 TIMEOUT_END
059 0 0497566356 STIM_START
059 0 0501091784 STIM_END_RESP_START
059 0 0502291820 RESP_END
060 1 0504289416 STIM_START
060 1 0508314896 STIM_END_RESP_START
060 1 0509172112 LICK
060 1 0509172600 REWARD_START
060 1 0509308592 LICK
060 1 0509502564 LICK
060 1 0509514916 RESP_END
060 1 0509185624 REWARD_END
061 1 0512568740 STIM_START
061 1 0516594224 STIM_END_RESP_START
061 1 0516765060 LICK
061 1 0516765544 REWARD_START
061 1 0516942216 LICK
061 1 0517095128 LICK
061 1 0517280960 LICK
061 1 0517794256 RESP_END
061 1 0516778568 REWARD_END
062 1 0519667880 STIM_START
062 1 0520002108 LICK
062 1 0523443332 STIM_END_RESP_START
062 1 0523641760 LICK
062 1 0523642252 REWARD_START
062 1 0523779736 LICK
062 1 0523951632 LICK
062 1 0524109556 LICK
062 1 0524643356 RESP_END
062 1 0523655256 REWARD_END
063 0 0526650084 STIM_START
063 0 0526847680 LICK
063 0 0530425520 STIM_END_RESP_START
063 0 0530887244 LICK
063 0 0530887732 TIMEOUT_START
063 0 0531067732 LICK
063 0 0531068224 TIMEOUT_START
063 0 0531625568 RESP_END
063 0 0538068732 TIMEOUT_END
064 1 0540052208 STIM_START
064 1 0543327588 STIM_END_RESP_START
064 1 0543798080 LICK
064 1 0543798572 REWARD_START
064 1 0543969476 LICK
064 1 0544160824 LICK
064 1 0544340716 LICK
064 1 0544527624 RESP_END
064 1 0543811596 REWARD_END
065 0 0546320212 STIM_START
065 0 0550095644 STIM_END_RESP_START
065 0 0551274724 LICK
065 0 0551275208 TIMEOUT_START
065 0 0551295676 RESP_END
065 0 0558275712 TIMEOUT_END
066 0 0560469556 STIM_START
066 0 0564495044 STIM_END_RESP_START
066 0 0565695076 RESP_END
067 0 0567528624 STIM_START
067 0 0570804000 STIM_END_RESP_START
067 0 0572004036 RESP_END
068 1 0573754632 STIM_START
068 1 0577030008 STIM_END_RESP_START
068 1 0577366472 LICK
068 1 0577366956 REWARD_START
068 1 0577529260 LICK
068 1 0577719244 LICK
068 1 0577866608 LICK
068 1 0578230048 RESP_END
068 1 0577379980 REWARD_END
069 0 0580712752 STIM_START
069 0 0583988128 STIM_END_RESP_START
069 0 0584942232 LICK
069 0 0584942724 TIMEOUT_START
069 0 0585119304 LICK
069 0 0585119796 TIMEOUT_START
069 0 0585188164 RESP_END
069 0 0592120304 TIMEOUT_END
070 0 0594270964 STIM_START
070 0 0597546344 STIM_END_RESP_START
070 0 0598746380 RESP_END
USER_EXIT