001 0 5 7 0010679624 STIM_START
001 0 5 7 0014705104 STIM_END_RESP_START
001 0 5 7 0015905120 RESP_END
002 0 1 6 0017658716 STIM_START
002 0 1 6 0020734108 STIM_END_RESP_START
002 0 1 6 0021934128 RESP_END
003 0 2 8 0023716772 STIM_START
003 0 2 8 0026842156 STIM_END_RESP_START
003 0 2 8 0028042208 RESP_END
004 1 4 9 0029800764 STIM_START
004 1 4 9 0033326184 STIM_END_RESP_START
004 1 4 9 0034526240 RESP_END
005 2 2 7 0037094984 STIM_START
005 2 2 7 0040220360 STIM_END_RESP_START
005 2 2 7 0041420380 RESP_END
006 2 5 1 0043164052 STIM_START
006 2 5 1 0047189532 STIM_END_RESP_START
006 2 5 1 0048389552 RESP_END
007 0 2 7 0050095144 STIM_START
007 0 2 7 0053220520 STIM_END_RESP_START
007 0 2 7 0054420540 RESP_END
008 0 2 1 0056122156 STIM_START
008 0 2 1 0059247536 STIM_END_RESP_START
008 0 2 1 0060447552 RESP_END
009 0 2 10 0062140168 STIM_START
009 0 2 10 0065265544 STIM_END_RESP_START
009 0 2 10 0066465568 RESP_END
010 1 5 5 0068215208 STIM_START
010 1 5 5 0072240688 STIM_END_RESP_START
010 1 5 5 0072411148 LICK
010 1 5 5 0072411588 REWARD_START
010 1 5 5 0072639604 LICK
010 1 5 5 0072917416 LICK
010 1 5 5 0073215040 LICK
010 1 5 5 0073392612 LICK
010 1 5 5 0073440708 RESP_END
010 1 5 5 0072424564 REWARD_END
011 0 3 2 0079143024 STIM_START
011 0 3 2 0082418448 STIM_END_RESP_START
011 0 3 2 0083618464 RESP_END
012 2 3 7 0085909128 STIM_START
012 2 3 7 0089184520 STIM_END_RESP_START
012 2 3 7 0090384536 RESP_END
013 0 2 7 0092088180 STIM_START
013 0 2 7 0095213556 STIM_END_RESP_START
013 0 2 7 0096413576 RESP_END
014 2 4 5 0098136172 STIM_START
014 2 4 5 0101661628 STIM_END_RESP_START
014 2 4 5 0102861664 RESP_END
015 0 3 10 0104578232 STIM_START
015 0 3 10 0107853636 STIM_END_RESP_START
015 0 3 10 0109053668 RESP_END
016 0 3 4 0110754308 STIM_START
016 0 3 4 0114029716 STIM_END_RESP_START
016 0 3 4 0115229748 RESP_END
017 0 2 4 0116934316 STIM_START
017 0 2 4 0120059712 STIM_END_RESP_START
017 0 2 4 0121259748 RESP_END
018 2 1 2 0122971340 STIM_START
018 2 1 2 0126046700 STIM_END_RESP_START
018 2 1 2 0126478440 LICK
018 2 1 2 0126478924 REWARD_START
018 2 1 2 0126661272 LICK
018 2 1 2 0126840616 LICK
018 2 1 2 0126977960 LICK
018 2 1 2 0127098600 LICK
018 2 1 2 0127232800 LICK
018 2 1 2 0127246744 RESP_END
018 2 1 2 0126491948 REWARD_END
019 1 1 5 0129891480 STIM_START
019 1 1 5 0132966848 STIM_END_RESP_START
019 1 1 5 0133174400 LICK
019 1 1 5 0133174884 REWARD_START
019 1 1 5 0133277932 LICK
019 1 1 5 0133441568 LICK
019 1 1 5 0133575108 LICK
019 1 1 5 0134166888 RESP_END
019 1 1 5 0133187904 REWARD_END
020 1 1 10 0136468628 STIM_START
020 1 1 10 0136802588 LICK
020 1 1 10 0138094616 LICK
020 1 1 10 0139544008 STIM_END_RESP_START
020 1 1 10 0139665476 LICK
020 1 1 10 0139665964 REWARD_START
020 1 1 10 0139841088 LICK
020 1 1 10 0140020284 LICK
020 1 1 10 0140681712 LICK
020 1 1 10 0140744032 RESP_END
020 1 1 10 0139678984 REWARD_END
021 0 4 2 0142603632 STIM_START
021 0 4 2 0142684732 LICK
021 0 4 2 0144029568 LICK
021 0 4 2 0144187524 LICK
021 0 4 2 0145462372 LICK
021 0 4 2 0146129076 STIM_END_RESP_START
021 0 4 2 0146769244 LICK
021 0 4 2 0146769732 TIMEOUT_START
021 0 4 2 0146934140 LICK
021 0 4 2 0146934624 TIMEOUT_START
021 0 4 2 0146994220 LICK
021 0 4 2 0146994704 TIMEOUT_START
021 0 4 2 0147329124 RESP_END
021 0 4 2 0153995192 TIMEOUT_END
022 1 2 7 0155697792 STIM_START
022 1 2 7 0158823188 STIM_END_RESP_START
022 1 2 7 0159619004 LICK
022 1 2 7 0159619496 REWARD_START
022 1 2 7 0159806168 LICK
022 1 2 7 0159961948 LICK
022 1 2 7 0160023224 RESP_END
022 1 2 7 0159632516 REWARD_END
023 0 1 1 0164211196 STIM_START
023 0 1 1 0167286596 STIM_END_RESP_START
023 0 1 1 0167975296 LICK
023 0 1 1 0167975776 TIMEOUT_START
023 0 1 1 0168140132 LICK
023 0 1 1 0168140612 TIMEOUT_START
023 0 1 1 0168335948 LICK
023 0 1 1 0168336436 TIMEOUT_START
023 0 1 1 0168486624 RESP_END
023 0 1 1 0175336916 TIMEOUT_END
024 2 4 4 0177067384 STIM_START
024 2 4 4 0179561384 LICK
024 2 4 4 0179747108 LICK
024 2 4 4 0180284804 LICK
024 2 4 4 0180486936 LICK
024 2 4 4 0180592828 STIM_END_RESP_START
024 2 4 4 0180810812 LICK
024 2 4 4 0180811296 REWARD_START
024 2 4 4 0180975424 LICK
024 2 4 4 0181153596 LICK
024 2 4 4 0181289544 LICK
024 2 4 4 0181597208 LICK
024 2 4 4 0181756948 LICK
024 2 4 4 0181792856 RESP_END
024 2 4 4 0180824316 REWARD_END
025 1 1 5 0184720652 STIM_START
025 1 1 5 0185086028 LICK
025 1 1 5 0187428984 LICK
025 1 1 5 0187600144 LICK
025 1 1 5 0187636396 LICK
025 1 1 5 0187796020 STIM_END_RESP_START
025 1 1 5 0188049544 LICK
025 1 1 5 0188050028 REWARD_START
025 1 1 5 0188229328 LICK
025 1 1 5 0188411768 LICK
025 1 1 5 0188684860 LICK
025 1 1 5 0188841000 LICK
025 1 1 5 0188996064 RESP_END
025 1 1 5 0188063052 REWARD_END
026 0 4 9 0190719624 STIM_START
026 0 4 9 0190864808 LICK
026 0 4 9 0190984120 LICK
026 0 4 9 0192410408 LICK
026 0 4 9 0192605888 LICK
026 0 4 9 0193789256 LICK
026 0 4 9 0194245060 STIM_END_RESP_START
026 0 4 9 0195062736 LICK
026 0 4 9 0195063224 TIMEOUT_START
026 0 4 9 0195232808 LICK
026 0 4 9 0195233292 TIMEOUT_START
026 0 4 9 0195445100 RESP_END
026 0 4 9 0202233776 TIMEOUT_END
027 1 3 5 0205321048 STIM_START
027 1 3 5 0208340128 LICK
027 1 3 5 0208494640 LICK
027 1 3 5 0208596460 STIM_END_RESP_START
027 1 3 5 0208750180 LICK
027 1 3 5 0208750668 REWARD_START
027 1 3 5 0208975540 LICK
027 1 3 5 0209140472 LICK
027 1 3 5 0209314712 LICK
027 1 3 5 0209796480 RESP_END
027 1 3 5 0208763684 REWARD_END
028 0 4 6 0212780324 STIM_START
028 0 4 6 0212921560 LICK
028 0 4 6 0213057204 LICK
028 0 4 6 0214225944 LICK
028 0 4 6 0214399164 LICK
028 0 4 6 0215518092 LICK
028 0 4 6 0215723004 LICK
028 0 4 6 0216305752 STIM_END_RESP_START
028 0 4 6 0216564192 LICK
028 0 4 6 0216564676 TIMEOUT_START
028 0 4 6 0216726480 LICK
028 0 4 6 0216726968 TIMEOUT_START
028 0 4 6 0216951968 LICK
028 0 4 6 0216952452 TIMEOUT_START
028 0 4 6 0217505788 RESP_END
028 0 4 6 0223952940 TIMEOUT_END
029 2 1 7 0225662468 STIM_START
029 2 1 7 0227654648 LICK
029 2 1 7 0227895056 LICK
029 2 1 7 0228111240 LICK
029 2 1 7 0228737832 STIM_END_RESP_START
029 2 1 7 0228945500 LICK
029 2 1 7 0228945992 REWARD_START
029 2 1 7 0229104244 LICK
029 2 1 7 0229274868 LICK
029 2 1 7 0229446260 LICK
029 2 1 7 0229604388 LICK
029 2 1 7 0229937876 RESP_END
029 2 1 7 0228959008 REWARD_END
030 2 1 9 0232332624 STIM_START
030 2 1 9 0232500396 LICK
030 2 1 9 0232635892 LICK
030 2 1 9 0235327120 LICK
030 2 1 9 0235408016 STIM_END_RESP_START
030 2 1 9 0235509708 LICK
030 2 1 9 0235510204 REWARD_START
030 2 1 9 0235710716 LICK
030 2 1 9 0235863000 LICK
030 2 1 9 0236039672 LICK
030 2 1 9 0236188988 LICK
030 2 1 9 0236608032 RESP_END
030 2 1 9 0235523236 REWARD_END
031 0 2 5 0238321560 STIM_START
031 0 2 5 0238330112 LICK
031 0 2 5 0239718220 LICK
031 0 2 5 0239870584 LICK
031 0 2 5 0240917312 LICK
031 0 2 5 0241059604 LICK
031 0 2 5 0241446960 STIM_END_RESP_START
031 0 2 5 0241831404 LICK
031 0 2 5 0241831884 TIMEOUT_START
031 0 2 5 0242028996 LICK
031 0 2 5 0242029480 TIMEOUT_START
031 0 2 5 0242286232 LICK
031 0 2 5 0242286720 TIMEOUT_START
031 0 2 5 0242437240 LICK
031 0 2 5 0242437724 TIMEOUT_START
031 0 2 5 0242646984 RESP_END
031 0 2 5 0249438224 TIMEOUT_END
032 0 1 3 0251138756 STIM_START
032 0 1 3 0253659104 LICK
032 0 1 3 0253787884 LICK
032 0 1 3 0254214120 STIM_END_RESP_START
032 0 1 3 0254762776 LICK
032 0 1 3 0254763268 TIMEOUT_START
032 0 1 3 0254949332 LICK
032 0 1 3 0254949824 TIMEOUT_START
032 0 1 3 0255414160 RESP_END
032 0 1 3 0261950304 TIMEOUT_END
033 1 3 10 0263663788 STIM_START
033 1 3 10 0265792020 LICK
033 1 3 10 0265973408 LICK
033 1 3 10 0266939192 STIM_END_RESP_START
033 1 3 10 0267069396 LICK
033 1 3 10 0267069888 REWARD_START
033 1 3 10 0267266332 LICK
033 1 3 10 0267433380 LICK
033 1 3 10 0267601980 LICK
033 1 3 10 0267787100 LICK
033 1 3 10 0268139212 RESP_END
033 1 3 10 0267082908 REWARD_END
034 1 3 5 0271261060 STIM_START
034 1 3 5 0271644304 LICK
034 1 3 5 0272720160 LICK
034 1 3 5 0272937840 LICK
034 1 3 5 0273647568 LICK
034 1 3 5 0274407784 LICK
034 1 3 5 0274536456 STIM_END_RESP_START
034 1 3 5 0274648088 LICK
034 1 3 5 0274648572 REWARD_START
034 1 3 5 0274814896 LICK
034 1 3 5 0274974932 LICK
034 1 3 5 0275145716 LICK
034 1 3 5 0275736476 RESP_END
034 1 3 5 0274661592 REWARD_END
035 1 2 4 0278898336 STIM_START
035 1 2 4 0279198208 LICK
035 1 2 4 0280836024 LICK
035 1 2 4 0281912432 LICK
035 1 2 4 0282023708 STIM_END_RESP_START
035 1 2 4 0282096048 LICK
035 1 2 4 0282096532 REWARD_START
035 1 2 4 0282297876 LICK
035 1 2 4 0282474060 LICK
035 1 2 4 0282665128 LICK
035 1 2 4 0282837144 LICK
035 1 2 4 0283017240 LICK
035 1 2 4 0283223744 RESP_END
035 1 2 4 0282109552 REWARD_END
036 0 3 10 0285738528 STIM_START
036 0 3 10 0285940052 LICK
036 0 3 10 0286115116 LICK
036 0 3 10 0289013948 STIM_END_RESP_START
036 0 3 10 0289444036 LICK
036 0 3 10 0289444516 TIMEOUT_START
036 0 3 10 0290213984 RESP_END
036 0 3 10 0296445008 TIMEOUT_END
037 0 4 8 0298173552 STIM_START
037 0 4 8 0301698984 STIM_END_RESP_START
037 0 4 8 0302899024 RESP_END
038 0 2 8 0304611640 STIM_START
038 0 2 8 0307737036 STIM_END_RESP_START
038 0 2 8 0308937072 RESP_END
039 1 4 3 0310678604 STIM_START
039 1 4 3 0314204036 STIM_END_RESP_START
039 1 4 3 0314576400 LICK
039 1 4 3 0314576880 REWARD_START
039 1 4 3 0314716536 LICK
039 1 4 3 0314902620 LICK
039 1 4 3 0315194688 LICK
039 1 4 3 0315380372 LICK
039 1 4 3 0315404064 RESP_END
039 1 4 3 0314589900 REWARD_END
040 0 5 2 0319278128 STIM_START
040 0 5 2 0322032820 LICK
040 0 5 2 0322275440 LICK
040 0 5 2 0322455520 LICK
040 0 5 2 0322714532 LICK
040 0 5 2 0322878536 LICK
040 0 5 2 0323119208 LICK
040 0 5 2 0323303632 STIM_END_RESP_START
040 0 5 2 0323436688 LICK
040 0 5 2 0323437172 TIMEOUT_START
040 0 5 2 0323637532 LICK
040 0 5 2 0323638016 TIMEOUT_START
040 0 5 2 0324503652 RESP_END
040 0 5 2 0330638508 TIMEOUT_END
041 1 5 2 0332396228 STIM_START
041 1 5 2 0336421724 STIM_END_RESP_START
041 1 5 2 0336646856 LICK
041 1 5 2 0336647344 REWARD_START
041 1 5 2 0336806892 LICK
041 1 5 2 0336977476 LICK
041 1 5 2 0337137440 LICK
041 1 5 2 0337322428 LICK
041 1 5 2 0337473976 LICK
041 1 5 2 0337621760 RESP_END
041 1 5 2 0336660360 REWARD_END
042 1 1 8 0339337396 STIM_START
042 1 1 8 0341014848 LICK
042 1 1 8 0341211988 LICK
042 1 1 8 0341388416 LICK
042 1 1 8 0342214852 LICK
042 1 1 8 0342412776 STIM_END_RESP_START
042 1 1 8 0342415100 LICK
042 1 1 8 0342415592 REWARD_START
042 1 1 8 0342679460 LICK
042 1 1 8 0342868892 LICK
042 1 1 8 0343046724 LICK
042 1 1 8 0343347976 LICK
042 1 1 8 0343527980 LICK
042 1 1 8 0343612824 RESP_END
042 1 1 8 0342428616 REWARD_END
043 1 5 9 0345387372 STIM_START
043 1 5 9 0349412868 STIM_END_RESP_START
043 1 5 9 0349614956 LICK
043 1 5 9 0349615444 REWARD_START
043 1 5 9 0349769184 LICK
043 1 5 9 0349939864 LICK
043 1 5 9 0350096132 LICK
043 1 5 9 0350379220 LICK
043 1 5 9 0350612896 RESP_END
043 1 5 9 0349628468 REWARD_END
044 0 2 6 0352331576 STIM_START
044 0 2 6 0352710500 LICK
044 0 2 6 0355456972 STIM_END_RESP_START
044 0 2 6 0356657008 RESP_END
045 1 4 5 0358396568 STIM_START
045 1 4 5 0358832552 LICK
045 1 4 5 0359546116 LICK
045 1 4 5 0359594036 LICK
045 1 4 5 0359791508 LICK
045 1 4 5 0360598456 LICK
045 1 4 5 0360774744 LICK
045 1 4 5 0361922004 STIM_END_RESP_START
045 1 4 5 0361973848 LICK
045 1 4 5 0361974332 REWARD_START
045 1 4 5 0362167620 LICK
045 1 4 5 0362495792 LICK
045 1 4 5 0362671740 LICK
045 1 4 5 0362861404 LICK
045 1 4 5 0363122048 RESP_END
045 1 4 5 0361987356 REWARD_END
046 0 1 3 0365252680 STIM_START
046 0 1 3 0368328080 STIM_END_RESP_START
046 0 1 3 0369528116 RESP_END
047 2 5 10 0371278732 STIM_START
047 2 5 10 0373986140 LICK
047 2 5 10 0374122576 LICK
047 2 5 10 0374177076 LICK
047 2 5 10 0374979212 LICK
047 2 5 10 0375146784 LICK
047 2 5 10 0375304220 STIM_END_RESP_START
047 2 5 10 0375634428 LICK
047 2 5 10 0375634912 REWARD_START
047 2 5 10 0375795728 LICK
047 2 5 10 0376155716 LICK
047 2 5 10 0376315784 LICK
047 2 5 10 0376466752 LICK
047 2 5 10 0376504248 RESP_END
047 2 5 10 0375647936 REWARD_END
048 2 5 8 0378415900 STIM_START
048 2 5 8 0379746528 LICK
048 2 5 8 0379887684 LICK
048 2 5 8 0379933284 LICK
048 2 5 8 0380881944 LICK
048 2 5 8 0382041176 LICK
048 2 5 8 0382441388 STIM_END_RESP_START
048 2 5 8 0382748652 LICK
048 2 5 8 0382749144 REWARD_START
048 2 5 8 0382945152 LICK
048 2 5 8 0383265176 LICK
048 2 5 8 0383426584 LICK
048 2 5 8 0383590372 LICK
048 2 5 8 0383641424 RESP_END
048 2 5 8 0382762168 REWARD_END
049 1 1 5 0385359028 STIM_START
049 1 1 5 0385702816 LICK
049 1 1 5 0388434424 STIM_END_RESP_START
049 1 1 5 0388616320 LICK
049 1 1 5 0388616804 REWARD_START
049 1 1 5 0388792388 LICK
049 1 1 5 0388964104 LICK
049 1 1 5 0389162092 LICK
049 1 1 5 0389462052 LICK
049 1 1 5 0389634444 RESP_END
049 1 1 5 0388629824 REWARD_END
050 0 4 5 0391396060 STIM_START
050 0 4 5 0394425864 LICK
050 0 4 5 0394642740 LICK
050 0 4 5 0394921468 STIM_END_RESP_START
050 0 4 5 0395495080 LICK
050 0 4 5 0395495572 TIMEOUT_START
050 0 4 5 0395693172 LICK
050 0 4 5 0395693656 TIMEOUT_START
050 0 4 5 0395937744 LICK
050 0 4 5 0395938236 TIMEOUT_START
050 0 4 5 0396121508 RESP_END
050 0 4 5 0402938724 TIMEOUT_END
051 0 5 7 0404683288 STIM_START
051 0 5 7 0408708784 STIM_END_RESP_START
051 0 5 7 0409908824 RESP_END
052 0 4 8 0411628444 STIM_START
052 0 4 8 0415153880 STIM_END_RESP_START
052 0 4 8 0416353920 RESP_END
053 1 2 3 0418056524 STIM_START
053 1 2 3 0421181916 STIM_END_RESP_START
053 1 2 3 0421636148 LICK
053 1 2 3 0421636632 REWARD_START
053 1 2 3 0421785392 LICK
053 1 2 3 0421996784 LICK
053 1 2 3 0422148484 LICK
053 1 2 3 0422381940 RESP_END
053 1 2 3 0421649652 REWARD_END
054 2 2 9 0424206556 STIM_START
054 2 2 9 0427331948 STIM_END_RESP_START
054 2 2 9 0428531984 RESP_END
055 0 5 1 0430281532 STIM_START
055 0 5 1 0434307028 STIM_END_RESP_START
055 0 5 1 0435507064 RESP_END
056 2 1 5 0437208716 STIM_START
056 2 1 5 0440284080 STIM_END_RESP_START
056 2 1 5 0441484116 RESP_END
057 0 4 1 0444527928 STIM_START
057 0 4 1 0447742636 LICK
057 0 4 1 0447895456 LICK
057 0 4 1 0448053368 STIM_END_RESP_START
057 0 4 1 0448102332 LICK
057 0 4 1 0448102824 TIMEOUT_START
057 0 4 1 0448356708 LICK
057 0 4 1 0448357192 TIMEOUT_START
057 0 4 1 0448946232 LICK
057 0 4 1 0448946716 TIMEOUT_START
057 0 4 1 0449253416 RESP_END
057 0 4 1 0455947196 TIMEOUT_END
058 2 2 4 0457652096 STIM_START
058 2 2 4 0460777496 STIM_END_RESP_START
058 2 2 4 0461977528 RESP_END
059 1 3 5 0463696132 STIM_START
059 1 3 5 0466971532 STIM_END_RESP_START
059 1 3 5 0467282476 LICK
059 1 3 5 0467282964 REWARD_START
059 1 3 5 0467486536 LICK
059 1 3 5 0467805676 LICK
059 1 3 5 0467998636 LICK
059 1 3 5 0468171552 RESP_END
059 1 3 5 0467295980 REWARD_END
060 0 3 4 0471271392 STIM_START
060 0 3 4 0474546800 STIM_END_RESP_START
060 0 3 4 0475746840 RESP_END
061 2 1 1 0477445436 STIM_START
061 2 1 1 0480520836 STIM_END_RESP_START
061 2 1 1 0481720872 RESP_END
062 1 4 4 0483448444 STIM_START
062 1 4 4 0486973880 STIM_END_RESP_START
062 1 4 4 0487878592 LICK
062 1 4 4 0487879084 REWARD_START
062 1 4 4 0488032016 LICK
062 1 4 4 0488173904 RESP_END
062 1 4 4 0487892104 REWARD_END
063 1 4 6 0490839620 STIM_START
063 1 4 6 0494365056 STIM_END_RESP_START
063 1 4 6 0494716164 LICK
063 1 4 6 0494716648 REWARD_START
063 1 4 6 0494899452 LICK
063 1 4 6 0495086916 LICK
063 1 4 6 0495565096 RESP_END
063 1 4 6 0494729672 REWARD_END
064 0 5 9 0497314772 STIM_START
064 0 5 9 0497617268 LICK
064 0 5 9 0497840260 LICK
064 0 5 9 0501340272 STIM_END_RESP_START
064 0 5 9 0501828684 LICK
064 0 5 9 0501829168 TIMEOUT_START
064 0 5 9 0502015964 LICK
064 0 5 9 0502016456 TIMEOUT_START
064 0 5 9 0502250576 LICK
064 0 5 9 0502251064 TIMEOUT_START
064 0 5 9 0502540308 RESP_END
064 0 5 9 0509251556 TIMEOUT_END
065 0 4 2 0510972012 STIM_START
065 0 4 2 0512560968 LICK
065 0 4 2 0512780176 LICK
065 0 4 2 0512973168 LICK
065 0 4 2 0513906452 LICK
065 0 4 2 0514497432 STIM_END_RESP_START
065 0 4 2 0515608252 LICK
065 0 4 2 0515608740 TIMEOUT_START
065 0 4 2 0515697456 RESP_END
065 0 4 2 0522609224 TIMEOUT_END
066 1 4 8 0524339228 STIM_START
066 1 4 8 0526505732 LICK
066 1 4 8 0527223492 LICK
066 1 4 8 0527864648 STIM_END_RESP_START
066 1 4 8 0528098024 LICK
066 1 4 8 0528098516 REWARD_START
066 1 4 8 0528298592 LICK
066 1 4 8 0528824456 LICK
066 1 4 8 0528973164 LICK
066 1 4 8 0529064680 RESP_END
066 1 4 8 0528111528 REWARD_END
067 0 1 7 0530773308 STIM_START
067 0 1 7 0533848672 STIM_END_RESP_START
067 0 1 7 0535048708 RESP_END
068 1 2 2 0536752324 STIM_START
068 1 2 2 0539877716 STIM_END_RESP_START
068 1 2 2 0540261548 LICK
068 1 2 2 0540262032 REWARD_START
068 1 2 2 0540427500 LICK
068 1 2 2 0540765692 LICK
068 1 2 2 0540951320 LICK
068 1 2 2 0541077752 RESP_END
068 1 2 2 0540275056 REWARD_END
069 0 2 7 0542797320 STIM_START
069 0 2 7 0545922712 STIM_END_RESP_START
069 0 2 7 0547122748 RESP_END
070 2 5 1 0548880300 STIM_START
070 2 5 1 0552905800 STIM_END_RESP_START
070 2 5 1 0554105832 RESP_END
071 2 5 3 0555873456 STIM_START
071 2 5 3 0559898952 STIM_END_RESP_START
071 2 5 3 0560958516 LICK
071 2 5 3 0560959000 REWARD_START
071 2 5 3 0561098984 RESP_END
071 2 5 3 0560972008 REWARD_END
072 0 2 7 0564134868 STIM_START
072 0 2 7 0567260268 STIM_END_RESP_START
072 0 2 7 0568460304 RESP_END
073 1 4 6 0570185836 STIM_START
073 1 4 6 0573711268 STIM_END_RESP_START
073 1 4 6 0573731056 LICK
073 1 4 6 0573731544 REWARD_START
073 1 4 6 0573937952 LICK
073 1 4 6 0574120860 LICK
073 1 4 6 0574778780 LICK
073 1 4 6 0574911296 RESP_END
073 1 4 6 0573744564 REWARD_END
074 1 1 3 0576842972 STIM_START
074 1 1 3 0579376124 LICK
074 1 1 3 0579609424 LICK
074 1 1 3 0579918332 STIM_END_RESP_START
074 1 1 3 0580131736 LICK
074 1 1 3 0580132228 REWARD_START
074 1 1 3 0580304784 LICK
074 1 1 3 0580481068 LICK
074 1 1 3 0580653008 LICK
074 1 1 3 0581118356 RESP_END
074 1 1 3 0580145252 REWARD_END
075 0 2 6 0582831976 STIM_START
075 0 2 6 0585957372 STIM_END_RESP_START
075 0 2 6 0587157408 RESP_END
076 2 5 4 0588906976 STIM_START
076 2 5 4 0592932472 STIM_END_RESP_START
076 2 5 4 0594132508 RESP_END
077 1 5 4 0595872128 STIM_START
077 1 5 4 0599897624 STIM_END_RESP_START
077 1 5 4 0600786664 LICK
077 1 5 4 0600787156 REWARD_START
077 1 5 4 0600973100 LICK
077 1 5 4 0601097660 RESP_END
077 1 5 4 0600800172 REWARD_END
078 0 1 5 0603691392 STIM_START
078 0 1 5 0606766756 STIM_END_RESP_START
078 0 1 5 0607851912 LICK
078 0 1 5 0607852396 TIMEOUT_START
078 0 1 5 0607966780 RESP_END
078 0 1 5 0614852888 TIMEOUT_END
079 1 1 4 0616561540 STIM_START
079 1 1 4 0616761236 LICK
079 1 1 4 0619636904 STIM_END_RESP_START
079 1 1 4 0620836944 RESP_END
080 0 3 10 0622543544 STIM_START
080 0 3 10 0625818952 STIM_END_RESP_START
080 0 3 10 0627018992 RESP_END
081 0 2 6 0628733616 STIM_START
081 0 2 6 0631859012 STIM_END_RESP_START
081 0 2 6 0633059052 RESP_END
082 1 1 9 0634775628 STIM_START
082 1 1 9 0637850992 STIM_END_RESP_START
082 1 1 9 0638256764 LICK
082 1 1 9 0638257256 REWARD_START
082 1 1 9 0638497156 LICK
082 1 1 9 0638649044 LICK
082 1 1 9 0638941504 LICK
082 1 1 9 0639051016 RESP_END
082 1 1 9 0638270276 REWARD_END
083 0 3 9 0641022628 STIM_START
083 0 3 9 0644298036 STIM_END_RESP_START
083 0 3 9 0644508416 LICK
083 0 3 9 0644508904 TIMEOUT_START
083 0 3 9 0644684984 LICK
083 0 3 9 0644685468 TIMEOUT_START
083 0 3 9 0644887316 LICK
083 0 3 9 0644887804 TIMEOUT_START
083 0 3 9 0645498076 RESP_END
083 0 3 9 0651888292 TIMEOUT_END
084 1 3 10 0653597748 STIM_START
084 1 3 10 0655789504 LICK
084 1 3 10 0655949488 LICK
084 1 3 10 0656154824 LICK
084 1 3 10 0656873168 STIM_END_RESP_START
084 1 3 10 0657373148 LICK
084 1 3 10 0657373640 REWARD_START
084 1 3 10 0657546868 LICK
084 1 3 10 0657910584 LICK
084 1 3 10 0658073208 RESP_END
084 1 3 10 0657386644 REWARD_END
085 1 2 9 0659983816 STIM_START
085 1 2 9 0663109212 STIM_END_RESP_START
085 1 2 9 0663279976 LICK
085 1 2 9 0663280464 REWARD_START
085 1 2 9 0663422800 LICK
085 1 2 9 0663621348 LICK
085 1 2 9 0663786984 LICK
085 1 2 9 0663961308 LICK
085 1 2 9 0664139312 LICK
085 1 2 9 0664309240 RESP_END
085 1 2 9 0663293484 REWARD_END
086 2 3 5 0666489876 STIM_START
086 2 3 5 0669765276 STIM_END_RESP_START
086 2 3 5 0670025100 LICK
086 2 3 5 0670025584 REWARD_START
086 2 3 5 0670228044 LICK
086 2 3 5 0670385572 LICK
086 2 3 5 0670965292 RESP_END
086 2 3 5 0670038608 REWARD_END
087 0 1 10 0674467196 STIM_START
087 0 1 10 0677542560 STIM_END_RESP_START
087 0 1 10 0678185312 LICK
087 0 1 10 0678185796 TIMEOUT_START
087 0 1 10 0678360288 LICK
087 0 1 10 0678360772 TIMEOUT_START
087 0 1 10 0678563064 LICK
087 0 1 10 0678563544 TIMEOUT_START
087 0 1 10 0678742588 RESP_END
087 0 1 10 0685564036 TIMEOUT_END
088 0 3 1 0687270328 STIM_START
088 0 3 1 0690545736 STIM_END_RESP_START
088 0 3 1 0691745768 RESP_END
089 1 5 6 0693494412 STIM_START
089 1 5 6 0697519904 STIM_END_RESP_START
089 1 5 6 0697889232 LICK
089 1 5 6 0697889716 REWARD_START
089 1 5 6 0698084784 LICK
089 1 5 6 0698491956 LICK
089 1 5 6 0698649640 LICK
089 1 5 6 0698719948 RESP_END
089 1 5 6 0697902736 REWARD_END
090 1 3 3 0701161664 STIM_START
090 1 3 3 0702469664 LICK
090 1 3 3 0702683016 LICK
090 1 3 3 0702805728 LICK
090 1 3 3 0703274744 LICK
090 1 3 3 0703486696 LICK
090 1 3 3 0704403216 LICK
090 1 3 3 0704437048 STIM_END_RESP_START
090 1 3 3 0704689212 LICK
090 1 3 3 0704689696 REWARD_START
090 1 3 3 0704928836 LICK
090 1 3 3 0705241640 LICK
090 1 3 3 0705389780 LICK
090 1 3 3 0705637088 RESP_END
090 1 3 3 0704702700 REWARD_END
091 1 2 8 0707344644 STIM_START
091 1 2 8 0710407440 LICK
091 1 2 8 0710470028 STIM_END_RESP_START
091 1 2 8 0710576392 LICK
091 1 2 8 0710576876 REWARD_START
091 1 2 8 0710770840 LICK
091 1 2 8 0710967552 LICK
091 1 2 8 0711670068 RESP_END
091 1 2 8 0710589900 REWARD_END
092 0 3 1 0713416664 STIM_START
092 0 3 1 0713592800 LICK
092 0 3 1 0713747152 LICK
092 0 3 1 0713940880 LICK
092 0 3 1 0715505988 LICK
092 0 3 1 0716517896 LICK
092 0 3 1 0716692080 STIM_END_RESP_START
092 0 3 1 0716711216 LICK
092 0 3 1 0716711700 TIMEOUT_START
092 0 3 1 0716901964 LICK
092 0 3 1 0716902456 TIMEOUT_START
092 0 3 1 0717892104 RESP_END
092 0 3 1 0723902940 TIMEOUT_END
093 0 4 1 0725622732 STIM_START
093 0 4 1 0729148168 STIM_END_RESP_START
093 0 4 1 0730348204 RESP_END
094 2 1 2 0732062804 STIM_START
094 2 1 2 0735138208 STIM_END_RESP_START
094 2 1 2 0735598716 LICK
094 2 1 2 0735599204 REWARD_START
094 2 1 2 0735771868 LICK
094 2 1 2 0735975428 LICK
094 2 1 2 0736154676 LICK
094 2 1 2 0736335460 LICK
094 2 1 2 0736338240 RESP_END
094 2 1 2 0735612228 REWARD_END
095 0 4 6 0738073776 STIM_START
095 0 4 6 0741599212 STIM_END_RESP_START
095 0 4 6 0741945596 LICK
095 0 4 6 0741946080 TIMEOUT_START
095 0 4 6 0742131548 LICK
095 0 4 6 0742132040 TIMEOUT_START
095 0 4 6 0742312600 LICK
095 0 4 6 0742313092 TIMEOUT_START
095 0 4 6 0742799248 RESP_END
095 0 4 6 0749313576 TIMEOUT_END
096 0 4 4 0751030956 STIM_START
096 0 4 4 0751491444 LICK
096 0 4 4 0752423424 LICK
096 0 4 4 0752590136 LICK
096 0 4 4 0752837768 LICK
096 0 4 4 0754556372 STIM_END_RESP_START
096 0 4 4 0755115452 LICK
096 0 4 4 0755115936 TIMEOUT_START
096 0 4 4 0755756416 RESP_END
096 0 4 4 0762116428 TIMEOUT_END
097 1 4 9 0763839056 STIM_START
097 1 4 9 0765617412 LICK
097 1 4 9 0766241548 LICK
097 1 4 9 0767364484 STIM_END_RESP_START
097 1 4 9 0768188908 LICK
097 1 4 9 0768189392 REWARD_START
097 1 4 9 0768351508 LICK
097 1 4 9 0768546928 LICK
097 1 4 9 0768564500 RESP_END
097 1 4 9 0768202416 REWARD_END
098 2 3 4 0770595204 STIM_START
098 2 3 4 0773870620 STIM_END_RESP_START
098 2 3 4 0774389384 LICK
098 2 3 4 0774389876 REWARD_START
098 2 3 4 0774599188 LICK
098 2 3 4 0774809488 LICK
098 2 3 4 0775070668 RESP_END
098 2 3 4 0774402892 REWARD_END
099 1 4 3 0776805200 STIM_START
099 1 4 3 0777151676 LICK
099 1 4 3 0780330648 STIM_END_RESP_START
099 1 4 3 0780523808 LICK
099 1 4 3 0780524296 REWARD_START
099 1 4 3 0780702792 LICK
099 1 4 3 0780888384 LICK
099 1 4 3 0781059944 LICK
099 1 4 3 0781530676 RESP_END
099 1 4 3 0780537320 REWARD_END
100 0 1 4 0783926408 STIM_START
100 0 1 4 0785539080 LICK
100 0 1 4 0785932172 LICK
100 0 1 4 0787001792 STIM_END_RESP_START
100 0 1 4 0787973556 LICK
100 0 1 4 0787974040 TIMEOUT_START
100 0 1 4 0788136800 LICK
100 0 1 4 0788137288 TIMEOUT_START
100 0 1 4 0788201808 RESP_END
100 0 1 4 0795137776 TIMEOUT_END
101 1 2 4 0796842556 STIM_START
101 1 2 4 0799967948 STIM_END_RESP_START
101 1 2 4 0800422724 LICK
101 1 2 4 0800423212 REWARD_START
101 1 2 4 0800569268 LICK
101 1 2 4 0800785544 LICK
101 1 2 4 0801167980 RESP_END
101 1 2 4 0800436232 REWARD_END
102 2 1 1 0802883608 STIM_START
102 2 1 1 0805958968 STIM_END_RESP_START
102 2 1 1 0807159004 RESP_END
103 0 4 9 0808884604 STIM_START
103 0 4 9 0812410044 STIM_END_RESP_START
103 0 4 9 0813610080 RESP_END
104 0 2 9 0815316616 STIM_START
104 0 2 9 0818442012 STIM_END_RESP_START
104 0 2 9 0819642048 RESP_END
105 0 2 9 0821356608 STIM_START
105 0 2 9 0824482000 STIM_END_RESP_START
105 0 2 9 0825682036 RESP_END
106 1 3 10 0827391640 STIM_START
106 1 3 10 0830667048 STIM_END_RESP_START
106 1 3 10 0831629620 LICK
106 1 3 10 0831630104 REWARD_START
106 1 3 10 0831821272 LICK
106 1 3 10 0831867076 RESP_END
106 1 3 10 0831643128 REWARD_END
107 2 2 9 0834831920 STIM_START
107 2 2 9 0837957324 STIM_END_RESP_START
107 2 2 9 0838079940 LICK
107 2 2 9 0838080428 REWARD_START
107 2 2 9 0838267124 LICK
107 2 2 9 0838468996 LICK
107 2 2 9 0838651064 LICK
107 2 2 9 0839157364 RESP_END
107 2 2 9 0838093448 REWARD_END
108 1 4 6 0840881936 STIM_START
108 1 4 6 0841243252 LICK
108 1 4 6 0841736048 LICK
108 1 4 6 0843454116 LICK
108 1 4 6 0843857264 LICK
108 1 4 6 0844407352 STIM_END_RESP_START
108 1 4 6 0844632024 LICK
108 1 4 6 0844632516 REWARD_START
108 1 4 6 0844689880 LICK
108 1 4 6 0844854224 LICK
108 1 4 6 0845016684 LICK
108 1 4 6 0845174828 LICK
108 1 4 6 0845365340 LICK
108 1 4 6 0845607392 RESP_END
108 1 4 6 0844645520 REWARD_END
109 0 2 9 0847863056 STIM_START
109 0 2 9 0850988452 STIM_END_RESP_START
109 0 2 9 0851418344 LICK
109 0 2 9 0851418828 TIMEOUT_START
109 0 2 9 0851589432 LICK
109 0 2 9 0851589920 TIMEOUT_START
109 0 2 9 0851640900 LICK
109 0 2 9 0851641392 TIMEOUT_START
109 0 2 9 0851800492 LICK
109 0 2 9 0851800976 TIMEOUT_START
109 0 2 9 0852188476 RESP_END
109 0 2 9 0858801468 TIMEOUT_END
110 0 2 1 0860518136 STIM_START
110 0 2 1 0863643532 STIM_END_RESP_START
110 0 2 1 0864843568 RESP_END
111 1 5 8 0866612148 STIM_START
111 1 5 8 0870637636 STIM_END_RESP_START
111 1 5 8 0870758556 LICK
111 1 5 8 0870759040 REWARD_START
111 1 5 8 0871004756 LICK
111 1 5 8 0871218260 LICK
111 1 5 8 0871419244 LICK
111 1 5 8 0871837668 RESP_END
111 1 5 8 0870772060 REWARD_END
112 1 5 6 0873581300 STIM_START
112 1 5 6 0877606796 STIM_END_RESP_START
112 1 5 6 0877943100 LICK
112 1 5 6 0877943584 REWARD_START
112 1 5 6 0878144564 LICK
112 1 5 6 0878327580 LICK
112 1 5 6 0878806844 RESP_END
112 1 5 6 0877956612 REWARD_END
113 2 5 6 0880559456 STIM_START
113 2 5 6 0884190284 LICK
113 2 5 6 0884356120 LICK
113 2 5 6 0884584940 STIM_END_RESP_START
113 2 5 6 0885399160 LICK
113 2 5 6 0885399652 REWARD_START
113 2 5 6 0885784956 RESP_END
113 2 5 6 0885412668 REWARD_END
114 0 1 8 0887488636 STIM_START
114 0 1 8 0890564036 STIM_END_RESP_START
114 0 1 8 0891764072 RESP_END
115 0 4 6 0893495660 STIM_START
115 0 4 6 0897021100 STIM_END_RESP_START
115 0 4 6 0898221140 RESP_END
116 0 4 9 0899954700 STIM_START
116 0 4 9 0903480132 STIM_END_RESP_START
116 0 4 9 0904680172 RESP_END
117 1 1 10 0906391744 STIM_START
117 1 1 10 0909467108 STIM_END_RESP_START
117 1 1 10 0909846936 LICK
117 1 1 10 0909847424 REWARD_START
117 1 1 10 0910022388 LICK
117 1 1 10 0910287876 LICK
117 1 1 10 0910450156 LICK
117 1 1 10 0910667144 RESP_END
117 1 1 10 0909860448 REWARD_END
118 0 3 3 0912687808 STIM_START
118 0 3 3 0914275868 LICK
118 0 3 3 0914705416 LICK
118 0 3 3 0915232104 LICK
118 0 3 3 0915963216 STIM_END_RESP_START
118 0 3 3 0916135816 LICK
118 0 3 3 0916136308 TIMEOUT_START
118 0 3 3 0917163252 RESP_END
118 0 3 3 0923136792 TIMEOUT_END
119 0 2 2 0924852828 STIM_START
119 0 2 2 0927154088 LICK
119 0 2 2 0927978232 STIM_END_RESP_START
119 0 2 2 0928017664 LICK
119 0 2 2 0928018144 TIMEOUT_START
119 0 2 2 0929178280 RESP_END
119 0 2 2 0935018636 TIMEOUT_END
120 0 4 2 0936755828 STIM_START
120 0 4 2 0940281268 STIM_END_RESP_START
120 0 4 2 0941158912 LICK
120 0 4 2 0941159400 TIMEOUT_START
120 0 4 2 0941391364 LICK
120 0 4 2 0941391848 TIMEOUT_START
120 0 4 2 0941481300 RESP_END
120 0 4 2 0948392340 TIMEOUT_END
121 2 4 4 0950124044 STIM_START
121 2 4 4 0953649484 STIM_END_RESP_START
121 2 4 4 0954849520 RESP_END
122 0 2 6 0956560108 STIM_START
122 0 2 6 0959685504 STIM_END_RESP_START
122 0 2 6 0960885544 RESP_END
123 0 1 7 0962611108 STIM_START
123 0 1 7 0965686480 STIM_END_RESP_START
123 0 1 7 0966886516 RESP_END
124 2 5 6 0968648128 STIM_START
124 2 5 6 0972456400 LICK
124 2 5 6 0972673640 STIM_END_RESP_START
124 2 5 6 0972739404 LICK
124 2 5 6 0972739896 REWARD_START
124 2 5 6 0973593572 LICK
124 2 5 6 0973763520 LICK
124 2 5 6 0973873680 RESP_END
124 2 5 6 0972752920 REWARD_END
125 1 3 4 0975866336 STIM_START
125 1 3 4 0979141744 STIM_END_RESP_START
125 1 3 4 0979330272 LICK
125 1 3 4 0979330756 REWARD_START
125 1 3 4 0979470280 LICK
125 1 3 4 0979671324 LICK
125 1 3 4 0979876344 LICK
125 1 3 4 0980341772 RESP_END
125 1 3 4 0979343780 REWARD_END
126 0 2 10 0982055332 STIM_START
126 0 2 10 0985180728 STIM_END_RESP_START
126 0 2 10 0985336136 LICK
126 0 2 10 0985336620 TIMEOUT_START
126 0 2 10 0985543888 LICK
126 0 2 10 0985544372 TIMEOUT_START
126 0 2 10 0985694264 LICK
126 0 2 10 0985694748 TIMEOUT_START
126 0 2 10 0986380752 RESP_END
126 0 2 10 0992695228 TIMEOUT_END
127 2 1 9 0994408424 STIM_START
127 2 1 9 0997483792 STIM_END_RESP_START
127 2 1 9 0998683832 RESP_END
128 0 2 9 1000397448 STIM_START
128 0 2 9 1003522856 STIM_END_RESP_START
128 0 2 9 1004722908 RESP_END
129 0 5 9 1006472392 STIM_START
129 0 5 9 1010497904 STIM_END_RESP_START
129 0 5 9 1011697920 RESP_END
130 2 5 2 1013440596 STIM_START
130 2 5 2 1017466068 STIM_END_RESP_START
130 2 5 2 1018410984 LICK
130 2 5 2 1018411520 REWARD_START
130 2 5 2 1018615820 LICK
130 2 5 2 1018666108 RESP_END
130 2 5 2 1018424600 REWARD_END
131 2 4 3 1021897964 STIM_START
131 2 4 3 1025423388 STIM_END_RESP_START
131 2 4 3 1025939544 LICK
131 2 4 3 1025940076 REWARD_START
131 2 4 3 1026126916 LICK
131 2 4 3 1026535796 LICK
131 2 4 3 1026623408 RESP_END
131 2 4 3 1025953148 REWARD_END
132 1 3 9 1028938160 STIM_START
132 1 3 9 1032213544 STIM_END_RESP_START
132 1 3 9 1032657864 LICK
132 1 3 9 1032658404 REWARD_START
132 1 3 9 1032863436 LICK
132 1 3 9 1033051704 LICK
132 1 3 9 1033413592 RESP_END
132 1 3 9 1032671480 REWARD_END
133 0 1 10 1035139164 STIM_START
133 0 1 10 1035504768 LICK
133 0 1 10 1038214528 STIM_END_RESP_START
133 0 1 10 1039414540 RESP_END
134 0 5 2 1042600428 STIM_START
134 0 5 2 1046625936 STIM_END_RESP_START
134 0 5 2 1047825952 RESP_END
135 1 4 1 1049555604 STIM_START
135 1 4 1 1053081056 STIM_END_RESP_START
135 1 4 1 1053493196 LICK
135 1 4 1 1053493732 REWARD_START
135 1 4 1 1053707536 LICK
135 1 4 1 1053858132 LICK
135 1 4 1 1054015936 LICK
135 1 4 1 1054281064 RESP_END
135 1 4 1 1053506792 REWARD_END
136 1 1 9 1056098648 STIM_START
136 1 1 9 1059174024 STIM_END_RESP_START
136 1 1 9 1059422632 LICK
136 1 1 9 1059423164 REWARD_START
136 1 1 9 1059544288 LICK
136 1 1 9 1059744164 LICK
136 1 1 9 1059889240 LICK
136 1 1 9 1060374048 RESP_END
136 1 1 9 1059436240 REWARD_END
137 1 2 5 1062087656 STIM_START
137 1 2 5 1065213032 STIM_END_RESP_START
137 1 2 5 1065404700 LICK
137 1 2 5 1065405232 REWARD_START
137 1 2 5 1065572416 LICK
137 1 2 5 1065744432 LICK
137 1 2 5 1066413044 RESP_END
137 1 2 5 1065418308 REWARD_END
138 0 2 8 1068132680 STIM_START
138 0 2 8 1071258048 STIM_END_RESP_START
138 0 2 8 1072458064 RESP_END
139 2 1 9 1074160652 STIM_START
139 2 1 9 1077236032 STIM_END_RESP_START
139 2 1 9 1078436048 RESP_END
140 1 5 9 1080184668 STIM_START
140 1 5 9 1084210188 STIM_END_RESP_START
140 1 5 9 1084600708 LICK
140 1 5 9 1084601244 REWARD_START
140 1 5 9 1084790932 LICK
140 1 5 9 1085410204 RESP_END
140 1 5 9 1084614320 REWARD_END
141 0 1 2 1087841936 STIM_START
141 0 1 2 1090917316 STIM_END_RESP_START
141 0 1 2 1092117328 RESP_END
142 0 1 6 1093828916 STIM_START
142 0 1 6 1096904292 STIM_END_RESP_START
142 0 1 6 1098104312 RESP_END
143 1 5 9 1099856944 STIM_START
143 1 5 9 1103882420 STIM_END_RESP_START
143 1 5 9 1104249608 LICK
143 1 5 9 1104250144 REWARD_START
143 1 5 9 1104439268 LICK
143 1 5 9 1104632252 LICK
143 1 5 9 1104816336 LICK
143 1 5 9 1105082440 RESP_END
143 1 5 9 1104263224 REWARD_END
144 0 2 8 1106927092 STIM_START
144 0 2 8 1110052460 STIM_END_RESP_START
144 0 2 8 1111252476 RESP_END
145 1 5 6 1113003120 STIM_START
145 1 5 6 1117028632 STIM_END_RESP_START
145 1 5 6 1117399796 LICK
145 1 5 6 1117400336 REWARD_START
145 1 5 6 1117587848 LICK
145 1 5 6 1117775868 LICK
145 1 5 6 1117949152 LICK
145 1 5 6 1118228648 RESP_END
145 1 5 6 1117413412 REWARD_END
146 0 4 9 1120915440 STIM_START
146 0 4 9 1124440852 STIM_END_RESP_START
146 0 4 9 1125640868 RESP_END
147 0 5 8 1127391508 STIM_START
147 0 5 8 1131416980 STIM_END_RESP_START
147 0 5 8 1132616996 RESP_END
148 0 1 6 1134329652 STIM_START
148 0 1 6 1137405036 STIM_END_RESP_START
148 0 1 6 1138605088 RESP_END
149 1 3 3 1140329632 STIM_START
149 1 3 3 1143605044 STIM_END_RESP_START
149 1 3 3 1144466276 LICK
149 1 3 3 1144466816 REWARD_START
149 1 3 3 1144612244 LICK
149 1 3 3 1144805080 RESP_END
149 1 3 3 1144479892 REWARD_END
150 0 1 9 1146750720 STIM_START
150 0 1 9 1147129140 LICK
150 0 1 9 1148298060 LICK
150 0 1 9 1149826084 STIM_END_RESP_START
150 0 1 9 1149991436 LICK
150 0 1 9 1149991976 TIMEOUT_START
150 0 1 9 1150181864 LICK
150 0 1 9 1150182396 TIMEOUT_START
150 0 1 9 1150449900 LICK
150 0 1 9 1150450432 TIMEOUT_START
150 0 1 9 1150630156 LICK
150 0 1 9 1150630692 TIMEOUT_START
150 0 1 9 1151026124 RESP_END
150 0 1 9 1157631240 TIMEOUT_END
151 2 1 4 1159331832 STIM_START
151 2 1 4 1160498984 LICK
151 2 1 4 1162407192 STIM_END_RESP_START
151 2 1 4 1163094240 LICK
151 2 1 4 1163094772 REWARD_START
151 2 1 4 1163607224 RESP_END
151 2 1 4 1163107852 REWARD_END
152 1 4 3 1165330804 STIM_START
152 1 4 3 1168856216 STIM_END_RESP_START
152 1 4 3 1169322048 LICK
152 1 4 3 1169322580 REWARD_START
152 1 4 3 1169514808 LICK
152 1 4 3 1169699172 LICK
152 1 4 3 1170056264 RESP_END
152 1 4 3 1169335656 REWARD_END
153 0 2 3 1171776852 STIM_START
153 0 2 3 1172119360 LICK
153 0 2 3 1174902236 STIM_END_RESP_START
153 0 2 3 1176102256 RESP_END
154 0 2 2 1177815908 STIM_START
154 0 2 2 1180941276 STIM_END_RESP_START
154 0 2 2 1182141292 RESP_END
155 2 2 9 1183860920 STIM_START
155 2 2 9 1186986288 STIM_END_RESP_START
155 2 2 9 1188186304 RESP_END
156 1 5 7 1189940912 STIM_START
156 1 5 7 1193966384 STIM_END_RESP_START
156 1 5 7 1194942504 LICK
156 1 5 7 1194943036 REWARD_START
156 1 5 7 1195157564 LICK
156 1 5 7 1195166424 RESP_END
156 1 5 7 1194956116 REWARD_END
157 0 4 5 1197982236 STIM_START
157 0 4 5 1199979164 LICK
157 0 4 5 1200231656 LICK
157 0 4 5 1200416776 LICK
157 0 4 5 1201486784 LICK
157 0 4 5 1201507668 STIM_END_RESP_START
157 0 4 5 1202707684 RESP_END
158 2 2 10 1204426352 STIM_START
158 2 2 10 1207551724 STIM_END_RESP_START
158 2 2 10 1207658868 LICK
158 2 2 10 1207659400 REWARD_START
158 2 2 10 1208004988 LICK
158 2 2 10 1208218780 LICK
158 2 2 10 1208365472 LICK
158 2 2 10 1208751764 RESP_END
158 2 2 10 1207672480 REWARD_END
159 1 2 7 1210450296 STIM_START
159 1 2 7 1213575664 STIM_END_RESP_START
159 1 2 7 1213797416 LICK
159 1 2 7 1213797948 REWARD_START
159 1 2 7 1213933528 LICK
159 1 2 7 1214113028 LICK
159 1 2 7 1214300076 LICK
159 1 2 7 1214724244 LICK
159 1 2 7 1214775704 RESP_END
159 1 2 7 1213811028 REWARD_END
160 1 2 9 1216494284 STIM_START
160 1 2 9 1219619656 STIM_END_RESP_START
160 1 2 9 1219829280 LICK
160 1 2 9 1219829816 REWARD_START
160 1 2 9 1220003120 LICK
160 1 2 9 1220174660 LICK
160 1 2 9 1220354316 LICK
160 1 2 9 1220819700 RESP_END
160 1 2 9 1219842888 REWARD_END
161 0 5 3 1222571332 STIM_START
161 0 5 3 1226596848 STIM_END_RESP_START
161 0 5 3 1227796864 RESP_END
162 0 2 5 1229511480 STIM_START
162 0 2 5 1232636852 STIM_END_RESP_START
162 0 2 5 1233836868 RESP_END
163 2 1 1 1235551508 STIM_START
163 2 1 1 1238626888 STIM_END_RESP_START
163 2 1 1 1239826904 RESP_END
164 2 5 4 1241573476 STIM_START
164 2 5 4 1245598948 STIM_END_RESP_START
164 2 5 4 1245864996 LICK
164 2 5 4 1245865528 REWARD_START
164 2 5 4 1246014896 LICK
164 2 5 4 1246184816 LICK
164 2 5 4 1246798968 RESP_END
164 2 5 4 1245878608 REWARD_END
165 0 4 8 1251242104 STIM_START
165 0 4 8 1254767552 STIM_END_RESP_START
165 0 4 8 1255967568 RESP_END
166 0 3 9 1257678180 STIM_START
166 0 3 9 1260953600 STIM_END_RESP_START
166 0 3 9 1262153612 RESP_END
167 1 3 8 1263869208 STIM_START
167 1 3 8 1267144624 STIM_END_RESP_START
167 1 3 8 1267555300 LICK
167 1 3 8 1267555840 REWARD_START
167 1 3 8 1267730272 LICK
167 1 3 8 1267939564 LICK
167 1 3 8 1268239140 LICK
167 1 3 8 1268344664 RESP_END
167 1 3 8 1267568916 REWARD_END
168 0 3 9 1270177228 STIM_START
168 0 3 9 1273452612 STIM_END_RESP_START
168 0 3 9 1274652660 RESP_END
169 0 1 9 1276359280 STIM_START
169 0 1 9 1279434660 STIM_END_RESP_START
169 0 1 9 1280634676 RESP_END
170 0 2 10 1283388444 STIM_START
170 0 2 10 1286513852 STIM_END_RESP_START
170 0 2 10 1287713864 RESP_END
171 1 1 1 1289951540 STIM_START
171 1 1 1 1291952112 LICK
171 1 1 1 1293026912 STIM_END_RESP_START
171 1 1 1 1293204988 LICK
171 1 1 1 1293205528 REWARD_START
171 1 1 1 1293394268 LICK
171 1 1 1 1293756696 LICK
171 1 1 1 1293933532 LICK
171 1 1 1 1294226956 RESP_END
171 1 1 1 1293218600 REWARD_END
172 1 5 5 1296407572 STIM_START
172 1 5 5 1299030316 LICK
172 1 5 5 1299873904 LICK
172 1 5 5 1300282312 LICK
172 1 5 5 1300433048 STIM_END_RESP_START
172 1 5 5 1300830200 LICK
172 1 5 5 1300830740 REWARD_START
172 1 5 5 1301633064 RESP_END
172 1 5 5 1300843816 REWARD_END
173 2 4 3 1304319900 STIM_START
173 2 4 3 1307845316 STIM_END_RESP_START
173 2 4 3 1308700580 LICK
173 2 4 3 1308701120 REWARD_START
173 2 4 3 1308872804 LICK
173 2 4 3 1309045344 RESP_END
173 2 4 3 1308714200 REWARD_END
174 0 4 2 1311036016 STIM_START
174 0 4 2 1311492820 LICK
174 0 4 2 1314561464 STIM_END_RESP_START
174 0 4 2 1315761476 RESP_END
175 1 1 3 1317473108 STIM_START
175 1 1 3 1320548492 STIM_END_RESP_START
175 1 1 3 1320940044 LICK
175 1 1 3 1320940580 REWARD_START
175 1 1 3 1321139568 LICK
175 1 1 3 1321356120 LICK
175 1 1 3 1321748520 RESP_END
175 1 1 3 1320953652 REWARD_END
176 1 4 9 1324338240 STIM_START
176 1 4 9 1327863684 STIM_END_RESP_START
176 1 4 9 1328085592 LICK
176 1 4 9 1328086132 REWARD_START
176 1 4 9 1328214124 LICK
176 1 4 9 1328405284 LICK
176 1 4 9 1328575288 LICK
176 1 4 9 1329063716 RESP_END
176 1 4 9 1328099200 REWARD_END
177 2 5 10 1331689472 STIM_START
177 2 5 10 1335714948 STIM_END_RESP_START
177 2 5 10 1335894116 LICK
177 2 5 10 1335894648 REWARD_START
177 2 5 10 1336068444 LICK
177 2 5 10 1336245032 LICK
177 2 5 10 1336440380 LICK
177 2 5 10 1336914980 RESP_END
177 2 5 10 1335907728 REWARD_END
178 0 5 6 1339256728 STIM_START
178 0 5 6 1343282204 STIM_END_RESP_START
178 0 5 6 1344482252 RESP_END
179 1 5 5 1346228880 STIM_START
179 1 5 5 1350254388 STIM_END_RESP_START
179 1 5 5 1350578024 LICK
179 1 5 5 1350578560 REWARD_START
179 1 5 5 1350816224 LICK
179 1 5 5 1350985988 LICK
179 1 5 5 1351454424 RESP_END
179 1 5 5 1350591636 REWARD_END
180 1 1 1 1353712100 STIM_START
180 1 1 1 1356787476 STIM_END_RESP_START
180 1 1 1 1357193924 LICK
180 1 1 1 1357194460 REWARD_START
180 1 1 1 1357392448 LICK
180 1 1 1 1357723596 LICK
180 1 1 1 1357987500 RESP_END
180 1 1 1 1357207532 REWARD_END
181 2 2 8 1360340200 STIM_START
181 2 2 8 1363465572 STIM_END_RESP_START
181 2 2 8 1363848872 LICK
181 2 2 8 1363849408 REWARD_START
181 2 2 8 1364075512 LICK
181 2 2 8 1364251368 LICK
181 2 2 8 1364430996 LICK
181 2 2 8 1364665620 RESP_END
181 2 2 8 1363862476 REWARD_END
182 0 4 4 1366398216 STIM_START
182 0 4 4 1369923668 STIM_END_RESP_START
182 0 4 4 1371123720 RESP_END
183 2 2 1 1372831272 STIM_START
183 2 2 1 1375956644 STIM_END_RESP_START
183 2 2 1 1376582840 LICK
183 2 2 1 1376583372 REWARD_START
183 2 2 1 1376754020 LICK
183 2 2 1 1376941900 LICK
183 2 2 1 1377156676 RESP_END
183 2 2 1 1376596448 REWARD_END
184 1 4 1 1378883308 STIM_START
184 1 4 1 1379220964 LICK
184 1 4 1 1381533516 LICK
184 1 4 1 1382408752 STIM_END_RESP_START
184 1 4 1 1382648516 LICK
184 1 4 1 1382649056 REWARD_START
184 1 4 1 1382889068 LICK
184 1 4 1 1383061100 LICK
184 1 4 1 1383217120 LICK
184 1 4 1 1383390772 LICK
184 1 4 1 1383608764 RESP_END
184 1 4 1 1382662128 REWARD_END
185 0 1 6 1385595372 STIM_START
185 0 1 6 1388670752 STIM_END_RESP_START
185 0 1 6 1389870768 RESP_END
186 0 3 5 1391594392 STIM_START
186 0 3 5 1393290604 LICK
186 0 3 5 1393514904 LICK
186 0 3 5 1393712504 LICK
186 0 3 5 1394709364 LICK
186 0 3 5 1394869804 STIM_END_RESP_START
186 0 3 5 1396069816 RESP_END
187 0 2 7 1398459540 STIM_START
187 0 2 7 1401584908 STIM_END_RESP_START
187 0 2 7 1402784928 RESP_END
188 2 3 1 1404497556 STIM_START
188 2 3 1 1407772980 STIM_END_RESP_START
188 2 3 1 1408904228 LICK
188 2 3 1 1408904760 REWARD_START
188 2 3 1 1408973004 RESP_END
188 2 3 1 1408917836 REWARD_END
189 1 5 7 1410724568 STIM_START
189 1 5 7 1414750076 STIM_END_RESP_START
189 1 5 7 1414966848 LICK
189 1 5 7 1414967384 REWARD_START
189 1 5 7 1415261956 LICK
189 1 5 7 1415679608 LICK
189 1 5 7 1415950112 RESP_END
189 1 5 7 1414980456 REWARD_END
190 0 2 3 1418028768 STIM_START
190 0 2 3 1421154140 STIM_END_RESP_START
190 0 2 3 1421179468 LICK
190 0 2 3 1421180004 TIMEOUT_START
190 0 2 3 1421392232 LICK
190 0 2 3 1421392764 TIMEOUT_START
190 0 2 3 1422047244 LICK
190 0 2 3 1422047780 TIMEOUT_START
190 0 2 3 1422354164 RESP_END
190 0 2 3 1429048332 TIMEOUT_END
191 0 5 3 1430784924 STIM_START
191 0 5 3 1434511140 LICK
191 0 5 3 1434662668 LICK
191 0 5 3 1434810428 STIM_END_RESP_START
191 0 5 3 1436010472 RESP_END
192 0 5 8 1437759076 STIM_START
192 0 5 8 1441784552 STIM_END_RESP_START
192 0 5 8 1442984568 RESP_END
193 1 4 8 1444710248 STIM_START
193 1 4 8 1448235660 STIM_END_RESP_START
193 1 4 8 1448711568 LICK
193 1 4 8 1448712100 REWARD_START
193 1 4 8 1448859700 LICK
193 1 4 8 1449048988 LICK
193 1 4 8 1449235828 LICK
193 1 4 8 1449435680 RESP_END
193 1 4 8 1448725180 REWARD_END
194 2 5 6 1451178312 STIM_START
194 2 5 6 1455203828 STIM_END_RESP_START
194 2 5 6 1456403844 RESP_END
195 1 2 10 1458119472 STIM_START
195 1 2 10 1461244844 STIM_END_RESP_START
195 1 2 10 1461906164 LICK
195 1 2 10 1461906700 REWARD_START
195 1 2 10 1462031520 LICK
195 1 2 10 1462230264 LICK
195 1 2 10 1462377036 LICK
195 1 2 10 1462444884 RESP_END
195 1 2 10 1461919780 REWARD_END
196 0 3 2 1464260484 STIM_START
196 0 3 2 1467033784 LICK
196 0 3 2 1467204692 LICK
196 0 3 2 1467535892 STIM_END_RESP_START
196 0 3 2 1467753068 LICK
196 0 3 2 1467753608 TIMEOUT_START
196 0 3 2 1468735928 RESP_END
196 0 3 2 1474754148 TIMEOUT_END
197 0 1 6 1476459500 STIM_START
197 0 1 6 1479534888 STIM_END_RESP_START
197 0 1 6 1480734904 RESP_END
198 1 5 9 1482485480 STIM_START
198 1 5 9 1486510992 STIM_END_RESP_START
198 1 5 9 1486934188 LICK
198 1 5 9 1486934724 REWARD_START
198 1 5 9 1487138440 LICK
198 1 5 9 1487317992 LICK
198 1 5 9 1487711008 RESP_END
198 1 5 9 1486947800 REWARD_END
199 0 2 5 1489427628 STIM_START
199 0 2 5 1492553000 STIM_END_RESP_START
199 0 2 5 1493000700 LICK
199 0 2 5 1493001240 TIMEOUT_START
199 0 2 5 1493753016 RESP_END
199 0 2 5 1500001776 TIMEOUT_END
200 1 4 8 1501721748 STIM_START
200 1 4 8 1505247192 STIM_END_RESP_START
200 1 4 8 1506447212 RESP_END
201 2 1 5 1508157744 STIM_START
201 2 1 5 1510851492 LICK
201 2 1 5 1511066540 LICK
201 2 1 5 1511233116 STIM_END_RESP_START
201 2 1 5 1512433160 RESP_END
202 1 5 8 1515438948 STIM_START
202 1 5 8 1518477108 LICK
202 1 5 8 1518858028 LICK
202 1 5 8 1519464444 STIM_END_RESP_START
202 1 5 8 1520664460 RESP_END
203 0 5 2 1522654140 STIM_START
203 0 5 2 1526679620 STIM_END_RESP_START
203 0 5 2 1527879672 RESP_END
204 0 3 1 1529589320 STIM_START
204 0 3 1 1532864708 STIM_END_RESP_START
204 0 3 1 1534064724 RESP_END
205 0 2 1 1535777368 STIM_START
205 0 2 1 1538902740 STIM_END_RESP_START
205 0 2 1 1540102756 RESP_END
206 1 4 8 1541836356 STIM_START
206 1 4 8 1545361772 STIM_END_RESP_START
206 1 4 8 1545602652 LICK
206 1 4 8 1545603188 REWARD_START
206 1 4 8 1545797604 LICK
206 1 4 8 1545990408 LICK
206 1 4 8 1546128100 LICK
206 1 4 8 1546561796 RESP_END
206 1 4 8 1545616260 REWARD_END
207 1 2 3 1548274444 STIM_START
207 1 2 3 1551399816 STIM_END_RESP_START
207 1 2 3 1551817720 LICK
207 1 2 3 1551818260 REWARD_START
207 1 2 3 1551992748 LICK
207 1 2 3 1552186368 LICK
207 1 2 3 1552599844 RESP_END
207 1 2 3 1551831340 REWARD_END
208 0 1 1 1554310464 STIM_START
208 0 1 1 1557385844 STIM_END_RESP_START
208 0 1 1 1558585860 RESP_END
209 1 2 8 1560299392 STIM_START
209 1 2 8 1563424764 STIM_END_RESP_START
209 1 2 8 1564356740 LICK
209 1 2 8 1564357276 REWARD_START
209 1 2 8 1564567244 LICK
209 1 2 8 1564624804 RESP_END
209 1 2 8 1564370356 REWARD_END
210 1 5 6 1566754480 STIM_START
210 1 5 6 1570779992 STIM_END_RESP_START
210 1 5 6 1571049528 LICK
210 1 5 6 1571050060 REWARD_START
210 1 5 6 1571177396 LICK
210 1 5 6 1571360896 LICK
210 1 5 6 1571789588 LICK
210 1 5 6 1571980032 RESP_END
210 1 5 6 1571063140 REWARD_END
211 0 3 7 1573682648 STIM_START
211 0 3 7 1576958032 STIM_END_RESP_START
211 0 3 7 1578158088 RESP_END
212 0 4 7 1581407912 STIM_START
212 0 4 7 1584933328 STIM_END_RESP_START
212 0 4 7 1585818388 LICK
212 0 4 7 1585818928 TIMEOUT_START
212 0 4 7 1585972936 LICK
212 0 4 7 1585973472 TIMEOUT_START
212 0 4 7 1586133364 RESP_END
212 0 4 7 1592974008 TIMEOUT_END
213 0 5 3 1594717172 STIM_START
213 0 5 3 1598742652 STIM_END_RESP_START
213 0 5 3 1599942708 RESP_END
214 2 3 6 1601666284 STIM_START
214 2 3 6 1604941700 STIM_END_RESP_START
214 2 3 6 1606141716 RESP_END
215 0 2 6 1607857328 STIM_START
215 0 2 6 1610982696 STIM_END_RESP_START
215 0 2 6 1612182708 RESP_END
216 2 3 1 1614424416 STIM_START
216 2 3 1 1617699832 STIM_END_RESP_START
216 2 3 1 1618899848 RESP_END
217 2 3 7 1620623504 STIM_START
217 2 3 7 1623898920 STIM_END_RESP_START
217 2 3 7 1625098936 RESP_END
218 0 3 6 1626808484 STIM_START
218 0 3 6 1630083904 STIM_END_RESP_START
218 0 3 6 1631283920 RESP_END
219 0 5 4 1633032508 STIM_START
219 0 5 4 1637057984 STIM_END_RESP_START
219 0 5 4 1638258000 RESP_END
220 0 2 10 1639961648 STIM_START
220 0 2 10 1643087016 STIM_END_RESP_START
220 0 2 10 1644287032 RESP_END
221 1 1 8 1645986620 STIM_START
221 1 1 8 1649062004 STIM_END_RESP_START
221 1 1 8 1650156580 LICK
221 1 1 8 1650157116 REWARD_START
221 1 1 8 1650262032 RESP_END
221 1 1 8 1650170192 REWARD_END
222 0 3 1 1652585712 STIM_START
222 0 3 1 1655861128 STIM_END_RESP_START
222 0 3 1 1657061144 RESP_END
223 0 2 6 1658780792 STIM_START
223 0 2 6 1661906168 STIM_END_RESP_START
223 0 2 6 1663106184 RESP_END
224 0 4 2 1664846792 STIM_START
224 0 4 2 1668372244 STIM_END_RESP_START
224 0 4 2 1669572260 RESP_END
225 1 3 4 1671297836 STIM_START
225 1 3 4 1674573216 STIM_END_RESP_START
225 1 3 4 1674963088 LICK
225 1 3 4 1674963624 REWARD_START
225 1 3 4 1675158896 LICK
225 1 3 4 1675461744 LICK
225 1 3 4 1675656144 LICK
225 1 3 4 1675773260 RESP_END
225 1 3 4 1674976700 REWARD_END
226 2 3 7 1677779916 STIM_START
226 2 3 7 1681055336 STIM_END_RESP_START
226 2 3 7 1682255352 RESP_END
227 2 4 6 1683979960 STIM_START
227 2 4 6 1687505376 STIM_END_RESP_START
227 2 4 6 1688523152 LICK
227 2 4 6 1688523684 REWARD_START
227 2 4 6 1688705400 RESP_END
227 2 4 6 1688536760 REWARD_END
228 0 2 7 1690421020 STIM_START
228 0 2 7 1693546388 STIM_END_RESP_START
228 0 2 7 1694746404 RESP_END
229 0 4 9 1696483028 STIM_START
229 0 4 9 1700008480 STIM_END_RESP_START
229 0 4 9 1701208492 RESP_END
230 0 1 6 1702907096 STIM_START
230 0 1 6 1705982476 STIM_END_RESP_START
230 0 1 6 1707182492 RESP_END
231 1 1 9 1708892132 STIM_START
231 1 1 9 1711967516 STIM_END_RESP_START
231 1 1 9 1712369896 LICK
231 1 1 9 1712370428 REWARD_START
231 1 1 9 1712538032 LICK
231 1 1 9 1712811276 LICK
231 1 1 9 1713167540 RESP_END
231 1 1 9 1712383504 REWARD_END
232 1 2 9 1715207128 STIM_START
232 1 2 9 1718332500 STIM_END_RESP_START
232 1 2 9 1718680548 LICK
232 1 2 9 1718681088 REWARD_START
232 1 2 9 1718864124 LICK
232 1 2 9 1719048840 LICK
232 1 2 9 1719195924 LICK
232 1 2 9 1719532516 RESP_END
232 1 2 9 1718694168 REWARD_END
233 2 4 5 1721267160 STIM_START
233 2 4 5 1724792612 STIM_END_RESP_START
233 2 4 5 1725910848 LICK
233 2 4 5 1725911388 REWARD_START
233 2 4 5 1725992652 RESP_END
233 2 4 5 1725924468 REWARD_END
234 0 4 2 1727714252 STIM_START
234 0 4 2 1731239668 STIM_END_RESP_START
234 0 4 2 1732439680 RESP_END
235 0 4 10 1734158288 STIM_START
235 0 4 10 1737683700 STIM_END_RESP_START
235 0 4 10 1738348904 LICK
235 0 4 10 1738349432 TIMEOUT_START
235 0 4 10 1738532712 LICK
235 0 4 10 1738533248 TIMEOUT_START
235 0 4 10 1738707560 LICK
235 0 4 10 1738708096 TIMEOUT_START
235 0 4 10 1738883744 RESP_END
235 0 4 10 1745708636 TIMEOUT_END
236 1 3 1 1747429496 STIM_START
236 1 3 1 1750704872 STIM_END_RESP_START
236 1 3 1 1751083164 LICK
236 1 3 1 1751083696 REWARD_START
236 1 3 1 1751292100 LICK
236 1 3 1 1751602896 LICK
236 1 3 1 1751904920 RESP_END
236 1 3 1 1751096772 REWARD_END
237 2 2 7 1753981556 STIM_START
237 2 2 7 1757106928 STIM_END_RESP_START
237 2 2 7 1758306944 RESP_END
238 0 2 6 1760005564 STIM_START
238 0 2 6 1763130932 STIM_END_RESP_START
238 0 2 6 1764330948 RESP_END
239 2 2 10 1766048576 STIM_START
239 2 2 10 1769173948 STIM_END_RESP_START
239 2 2 10 1769330732 LICK
239 2 2 10 1769331264 REWARD_START
239 2 2 10 1769486488 LICK
239 2 2 10 1769655808 LICK
239 2 2 10 1769820184 LICK
239 2 2 10 1770011600 LICK
239 2 2 10 1770373988 RESP_END
239 2 2 10 1769344344 REWARD_END
240 0 1 1 1772084568 STIM_START
240 0 1 1 1775159944 STIM_END_RESP_START
240 0 1 1 1776359960 RESP_END
241 1 5 7 1778106592 STIM_START
241 1 5 7 1782132064 STIM_END_RESP_START
241 1 5 7 1782480116 LICK
241 1 5 7 1782480652 REWARD_START
241 1 5 7 1782676964 LICK
241 1 5 7 1782861492 LICK
241 1 5 7 1783043296 LICK
241 1 5 7 1783332076 RESP_END
241 1 5 7 1782493728 REWARD_END
242 1 4 4 1785061760 STIM_START
242 1 4 4 1788544544 LICK
242 1 4 4 1788587216 STIM_END_RESP_START
242 1 4 4 1788706892 LICK
242 1 4 4 1788707428 REWARD_START
242 1 4 4 1788770984 LICK
242 1 4 4 1788949112 LICK
242 1 4 4 1789100812 LICK
242 1 4 4 1789274832 LICK
242 1 4 4 1789787236 RESP_END
242 1 4 4 1788720504 REWARD_END
243 1 1 3 1791494876 STIM_START
243 1 1 3 1794570264 STIM_END_RESP_START
243 1 1 3 1794940880 LICK
243 1 1 3 1794941420 REWARD_START
243 1 1 3 1795142784 LICK
243 1 1 3 1795325864 LICK
243 1 1 3 1795770304 RESP_END
243 1 1 3 1794954500 REWARD_END
244 0 2 6 1797476800 STIM_START
244 0 2 6 1800602168 STIM_END_RESP_START
244 0 2 6 1801802184 RESP_END
245 1 2 10 1803508848 STIM_START
245 1 2 10 1806634216 STIM_END_RESP_START
245 1 2 10 1807048096 LICK
245 1 2 10 1807048628 REWARD_START
245 1 2 10 1807201456 LICK
245 1 2 10 1807834232 RESP_END
245 1 2 10 1807061708 REWARD_END
246 2 3 6 1810980068 STIM_START
246 2 3 6 1814255484 STIM_END_RESP_START
246 2 3 6 1814625636 LICK
246 2 3 6 1814626168 REWARD_START
246 2 3 6 1814894808 LICK
246 2 3 6 1815098984 LICK
246 2 3 6 1815278176 LICK
246 2 3 6 1815455512 RESP_END
246 2 3 6 1814639244 REWARD_END
247 2 3 7 1817178096 STIM_START
247 2 3 7 1820453480 STIM_END_RESP_START
247 2 3 7 1821653496 RESP_END
248 0 1 3 1823356132 STIM_START
248 0 1 3 1825647652 LICK
248 0 1 3 1825833116 LICK
248 0 1 3 1826017948 LICK
248 0 1 3 1826431528 STIM_END_RESP_START
248 0 1 3 1827046700 LICK
248 0 1 3 1827047236 TIMEOUT_START
248 0 1 3 1827631544 RESP_END
248 0 1 3 1834047784 TIMEOUT_END
249 0 1 8 1835767172 STIM_START
249 0 1 8 1838842552 STIM_END_RESP_START
249 0 1 8 1840042568 RESP_END
250 0 3 9 1841757192 STIM_START
250 0 3 9 1845032572 STIM_END_RESP_START
250 0 3 9 1846232588 RESP_END
251 2 5 9 1847979212 STIM_START
251 2 5 9 1852004688 STIM_END_RESP_START
251 2 5 9 1853204704 RESP_END
252 0 1 5 1854917356 STIM_START
252 0 1 5 1857992740 STIM_END_RESP_START
252 0 1 5 1859192788 RESP_END
253 0 4 8 1860918336 STIM_START
253 0 4 8 1864443784 STIM_END_RESP_START
253 0 4 8 1865643800 RESP_END
254 2 3 6 1867363472 STIM_START
254 2 3 6 1870638892 STIM_END_RESP_START
254 2 3 6 1871108776 LICK
254 2 3 6 1871109316 REWARD_START
254 2 3 6 1871305484 LICK
254 2 3 6 1871484368 LICK
254 2 3 6 1871632120 LICK
254 2 3 6 1871838924 RESP_END
254 2 3 6 1871122384 REWARD_END
255 1 4 4 1873566420 STIM_START
255 1 4 4 1877091872 STIM_END_RESP_START
255 1 4 4 1877471272 LICK
255 1 4 4 1877471804 REWARD_START
255 1 4 4 1877660068 LICK
255 1 4 4 1877845616 LICK
255 1 4 4 1878291920 RESP_END
255 1 4 4 1877484884 REWARD_END
256 1 5 4 1880498584 STIM_START
256 1 5 4 1883098088 LICK
256 1 5 4 1883461480 LICK
256 1 5 4 1884431676 LICK
256 1 5 4 1884524084 STIM_END_RESP_START
256 1 5 4 1884682124 LICK
256 1 5 4 1884682664 REWARD_START
256 1 5 4 1884844116 LICK
256 1 5 4 1885016092 LICK
256 1 5 4 1885724108 RESP_END
256 1 5 4 1884695740 REWARD_END
257 0 4 4 1888511912 STIM_START
257 0 4 4 1890512840 LICK
257 0 4 4 1890703692 LICK
257 0 4 4 1892037352 STIM_END_RESP_START
257 0 4 4 1892621812 LICK
257 0 4 4 1892622348 TIMEOUT_START
257 0 4 4 1893237392 RESP_END
257 0 4 4 1899622888 TIMEOUT_END
258 0 1 9 1901333040 STIM_START
258 0 1 9 1904408420 STIM_END_RESP_START
258 0 1 9 1905608436 RESP_END
259 2 5 5 1907356016 STIM_START
259 2 5 5 1911381488 STIM_END_RESP_START
259 2 5 5 1911806440 LICK
259 2 5 5 1911806976 REWARD_START
259 2 5 5 1912010048 LICK
259 2 5 5 1912359948 LICK
259 2 5 5 1912569628 LICK
259 2 5 5 1912581528 RESP_END
259 2 5 5 1911820056 REWARD_END
260 1 2 5 1914294204 STIM_START
260 1 2 5 1917419592 STIM_END_RESP_START
260 1 2 5 1917639384 LICK
260 1 2 5 1917639928 REWARD_START
260 1 2 5 1917783664 LICK
260 1 2 5 1917979464 LICK
260 1 2 5 1918619640 RESP_END
260 1 2 5 1917653004 REWARD_END
261 0 5 7 1920371192 STIM_START
261 0 5 7 1920718860 LICK
261 0 5 7 1924396680 STIM_END_RESP_START
261 0 5 7 1924432736 LICK
261 0 5 7 1924433276 TIMEOUT_START
261 0 5 7 1925596716 RESP_END
261 0 5 7 1931433812 TIMEOUT_END
262 1 3 8 1933147348 STIM_START
262 1 3 8 1936422728 STIM_END_RESP_START
262 1 3 8 1936826732 LICK
262 1 3 8 1936827268 REWARD_START
262 1 3 8 1936972360 LICK
262 1 3 8 1937368276 LICK
262 1 3 8 1937557452 LICK
262 1 3 8 1937622744 RESP_END
262 1 3 8 1936840344 REWARD_END
263 1 4 8 1939357372 STIM_START
263 1 4 8 1942882788 STIM_END_RESP_START
263 1 4 8 1943063876 LICK
263 1 4 8 1943064408 REWARD_START
263 1 4 8 1943212416 LICK
263 1 4 8 1943396248 LICK
263 1 4 8 1944082808 RESP_END
263 1 4 8 1943077484 REWARD_END
264 0 5 5 1945824412 STIM_START
264 0 5 5 1949849884 STIM_END_RESP_START
264 0 5 5 1950428820 LICK
264 0 5 5 1950429360 TIMEOUT_START
264 0 5 5 1950615816 LICK
264 0 5 5 1950616348 TIMEOUT_START
264 0 5 5 1951049928 RESP_END
264 0 5 5 1957616892 TIMEOUT_END
265 1 5 5 1959363636 STIM_START
265 1 5 5 1963389148 STIM_END_RESP_START
265 1 5 5 1963738052 LICK
265 1 5 5 1963738592 REWARD_START
265 1 5 5 1963999068 LICK
265 1 5 5 1964142624 LICK
265 1 5 5 1964512372 LICK
265 1 5 5 1964589188 RESP_END
265 1 5 5 1963751656 REWARD_END
266 1 1 8 1966303864 STIM_START
266 1 1 8 1969379240 STIM_END_RESP_START
266 1 1 8 1969720472 LICK
266 1 1 8 1969721004 REWARD_START
266 1 1 8 1969909740 LICK
266 1 1 8 1970112872 LICK
266 1 1 8 1970579268 RESP_END
266 1 1 8 1969734080 REWARD_END
267 1 1 3 1972775864 STIM_START
267 1 1 3 1975851248 STIM_END_RESP_START
267 1 1 3 1976077324 LICK
267 1 1 3 1976077860 REWARD_START
267 1 1 3 1976270812 LICK
267 1 1 3 1976441612 LICK
267 1 1 3 1976639664 LICK
267 1 1 3 1977051272 RESP_END
267 1 1 3 1976090936 REWARD_END
268 0 1 6 1979317952 STIM_START
268 0 1 6 1982393332 STIM_END_RESP_START
268 0 1 6 1983593352 RESP_END
269 2 5 5 1985374952 STIM_START
269 2 5 5 1986455060 LICK
269 2 5 5 1986702492 LICK
269 2 5 5 1986907876 LICK
269 2 5 5 1988364504 LICK
269 2 5 5 1989400432 STIM_END_RESP_START
269 2 5 5 1989503444 LICK
269 2 5 5 1989503980 REWARD_START
269 2 5 5 1990600476 RESP_END
269 2 5 5 1989517060 REWARD_END
270 0 5 7 1992387108 STIM_START
270 0 5 7 1996412584 STIM_END_RESP_START
270 0 5 7 1997612600 RESP_END
271 1 2 5 1999329372 STIM_START
271 1 2 5 2002454744 STIM_END_RESP_START
271 1 2 5 2003186760 LICK
271 1 2 5 2003187292 REWARD_START
271 1 2 5 2003346328 LICK
271 1 2 5 2003629476 LICK
271 1 2 5 2003654776 RESP_END
271 1 2 5 2003200372 REWARD_END
272 2 5 2 2005582312 STIM_START
272 2 5 2 2009607792 STIM_END_RESP_START
272 2 5 2 2009826044 LICK
272 2 5 2 2009826580 REWARD_START
272 2 5 2 2009970656 LICK
272 2 5 2 2010166828 LICK
272 2 5 2 2010322924 LICK
272 2 5 2 2010504592 LICK
272 2 5 2 2010807828 RESP_END
272 2 5 2 2009839656 REWARD_END
273 1 5 8 2013043548 STIM_START
273 1 5 8 2016996428 LICK
273 1 5 8 2017069024 STIM_END_RESP_START
273 1 5 8 2017293216 LICK
273 1 5 8 2017293756 REWARD_START
273 1 5 8 2017449244 LICK
273 1 5 8 2017639456 LICK
273 1 5 8 2017813204 LICK
273 1 5 8 2018269068 RESP_END
273 1 5 8 2017306832 REWARD_END
274 0 1 7 2019977676 STIM_START
274 0 1 7 2020350144 LICK
274 0 1 7 2023053056 STIM_END_RESP_START
274 0 1 7 2024253072 RESP_END
275 0 1 3 2025957692 STIM_START
275 0 1 3 2027812580 LICK
275 0 1 3 2028029144 LICK
275 0 1 3 2028227844 LICK
275 0 1 3 2029033060 STIM_END_RESP_START
275 0 1 3 2029051216 LICK
275 0 1 3 2029051748 TIMEOUT_START
275 0 1 3 2030233088 RESP_END
275 0 1 3 2036052296 TIMEOUT_END
276 0 2 1 2037759644 STIM_START
276 0 2 1 2040885020 STIM_END_RESP_START
276 0 2 1 2042085036 RESP_END
277 2 4 2 2043817668 STIM_START
277 2 4 2 2047343084 STIM_END_RESP_START
277 2 4 2 2048218480 LICK
277 2 4 2 2048219012 REWARD_START
277 2 4 2 2048543120 RESP_END
277 2 4 2 2048232084 REWARD_END
278 1 1 4 2050258744 STIM_START
278 1 1 4 2053334128 STIM_END_RESP_START
278 1 1 4 2053587516 LICK
278 1 1 4 2053588056 REWARD_START
278 1 1 4 2053711444 LICK
278 1 1 4 2053891880 LICK
278 1 1 4 2054197308 LICK
278 1 1 4 2054393004 LICK
278 1 1 4 2054534152 RESP_END
278 1 1 4 2053601128 REWARD_END
279 0 3 8 2056261724 STIM_START
279 0 3 8 2059537140 STIM_END_RESP_START
279 0 3 8 2060737152 RESP_END
280 1 4 7 2062470740 STIM_START
280 1 4 7 2065996152 STIM_END_RESP_START
280 1 4 7 2066184832 LICK
280 1 4 7 2066185372 REWARD_START
280 1 4 7 2066317280 LICK
280 1 4 7 2066673208 LICK
280 1 4 7 2067196196 RESP_END
280 1 4 7 2066198444 REWARD_END
281 0 4 5 2068919788 STIM_START
281 0 4 5 2069276588 LICK
281 0 4 5 2072445208 STIM_END_RESP_START
281 0 4 5 2073645224 RESP_END
282 1 3 7 2075369908 STIM_START
282 1 3 7 2078645292 STIM_END_RESP_START
282 1 3 7 2079039304 LICK
282 1 3 7 2079039844 REWARD_START
282 1 3 7 2079205892 LICK
282 1 3 7 2079421032 LICK
282 1 3 7 2079573304 LICK
282 1 3 7 2079845320 RESP_END
282 1 3 7 2079052924 REWARD_END
283 1 3 2 2081553880 STIM_START
283 1 3 2 2081915972 LICK
283 1 3 2 2084829300 STIM_END_RESP_START
283 1 3 2 2085053164 LICK
283 1 3 2 2085053704 REWARD_START
283 1 3 2 2085234656 LICK
283 1 3 2 2085418644 LICK
283 1 3 2 2086029344 RESP_END
283 1 3 2 2085066780 REWARD_END
284 0 3 8 2090223332 STIM_START
284 0 3 8 2093498720 STIM_END_RESP_START
284 0 3 8 2094015520 LICK
284 0 3 8 2094016056 TIMEOUT_START
284 0 3 8 2094178324 LICK
284 0 3 8 2094178856 TIMEOUT_START
284 0 3 8 2094698756 RESP_END
284 0 3 8 2101179412 TIMEOUT_END
285 1 4 8 2102922444 STIM_START
285 1 4 8 2106447896 STIM_END_RESP_START
285 1 4 8 2106991420 LICK
285 1 4 8 2106991956 REWARD_START
285 1 4 8 2107196096 LICK
285 1 4 8 2107573936 LICK
285 1 4 8 2107647916 RESP_END
285 1 4 8 2107005032 REWARD_END
286 1 2 10 2109665580 STIM_START
286 1 2 10 2112540752 LICK
286 1 2 10 2112780216 LICK
286 1 2 10 2112790976 STIM_END_RESP_START
286 1 2 10 2112950196 LICK
286 1 2 10 2112950736 REWARD_START
286 1 2 10 2113732400 LICK
286 1 2 10 2113917972 LICK
286 1 2 10 2113991020 RESP_END
286 1 2 10 2112963812 REWARD_END
287 2 2 4 2117351812 STIM_START
287 2 2 4 2120477180 STIM_END_RESP_START
287 2 2 4 2120660312 LICK
287 2 2 4 2120660844 REWARD_START
287 2 2 4 2120782324 LICK
287 2 2 4 2121003424 LICK
287 2 2 4 2121152824 LICK
287 2 2 4 2121677216 RESP_END
287 2 2 4 2120673920 REWARD_END
288 0 4 1 2123408872 STIM_START
288 0 4 1 2126934320 STIM_END_RESP_START
288 0 4 1 2128072368 LICK
288 0 4 1 2128072904 TIMEOUT_START
288 0 4 1 2128134356 RESP_END
288 0 4 1 2135073448 TIMEOUT_END
289 2 2 6 2136775076 STIM_START
289 2 2 6 2139900448 STIM_END_RESP_START
289 2 2 6 2140839104 LICK
289 2 2 6 2140839632 REWARD_START
289 2 2 6 2140984356 LICK
289 2 2 6 2141100468 RESP_END
289 2 2 6 2140852712 REWARD_END
290 0 3 5 2145184436 STIM_START
290 0 3 5 2148459820 STIM_END_RESP_START
290 0 3 5 2149659836 RESP_END
291 0 2 4 2151368468 STIM_START
291 0 2 4 2154493876 STIM_END_RESP_START
291 0 2 4 2155693892 RESP_END
292 1 1 2 2157405468 STIM_START
292 1 1 2 2160480848 STIM_END_RESP_START
292 1 1 2 2160873876 LICK
292 1 1 2 2160874408 REWARD_START
292 1 1 2 2161086036 LICK
292 1 1 2 2161274488 LICK
292 1 1 2 2161424828 LICK
292 1 1 2 2161680876 RESP_END
292 1 1 2 2160887488 REWARD_END
293 1 3 10 2163403508 STIM_START
293 1 3 10 2166678892 STIM_END_RESP_START
293 1 3 10 2166886720 LICK
293 1 3 10 2166887252 REWARD_START
293 1 3 10 2167031300 LICK
293 1 3 10 2167216564 LICK
293 1 3 10 2167375264 LICK
293 1 3 10 2167878916 RESP_END
293 1 3 10 2166900328 REWARD_END
294 1 2 8 2169590516 STIM_START
294 1 2 8 2172715888 STIM_END_RESP_START
294 1 2 8 2172909712 LICK
294 1 2 8 2172910244 REWARD_START
294 1 2 8 2173048200 LICK
294 1 2 8 2173217100 LICK
294 1 2 8 2173407804 LICK
294 1 2 8 2173915900 RESP_END
294 1 2 8 2172923324 REWARD_END
295 0 4 1 2175647496 STIM_START
295 0 4 1 2179172912 STIM_END_RESP_START
295 0 4 1 2180372928 RESP_END
296 0 4 4 2182105572 STIM_START
296 0 4 4 2185630988 STIM_END_RESP_START
296 0 4 4 2186831000 RESP_END
297 1 1 9 2188550628 STIM_START
297 1 1 9 2191626008 STIM_END_RESP_START
297 1 1 9 2192005096 LICK
297 1 1 9 2192005636 REWARD_START
297 1 1 9 2192232320 LICK
297 1 1 9 2192388016 LICK
297 1 1 9 2192826024 RESP_END
297 1 1 9 2192018712 REWARD_END
298 2 3 6 2194767696 STIM_START
298 2 3 6 2196771264 LICK
298 2 3 6 2197179096 LICK
298 2 3 6 2198043092 STIM_END_RESP_START
298 2 3 6 2198369944 LICK
298 2 3 6 2198370484 REWARD_START
298 2 3 6 2198539192 LICK
298 2 3 6 2198760636 LICK
298 2 3 6 2198914984 LICK
298 2 3 6 2199243124 RESP_END
298 2 3 6 2198383560 REWARD_END
299 0 3 6 2201018696 STIM_START
299 0 3 6 2204294116 STIM_END_RESP_START
299 0 3 6 2205494128 RESP_END
300 2 1 10 2207211712 STIM_START
300 2 1 10 2210287092 STIM_END_RESP_START
300 2 1 10 2211487108 RESP_END
301 0 4 6 2213213724 STIM_START
301 0 4 6 2216739140 STIM_END_RESP_START
301 0 4 6 2216937724 LICK
301 0 4 6 2216938256 TIMEOUT_START
301 0 4 6 2217186424 LICK
301 0 4 6 2217186956 TIMEOUT_START
301 0 4 6 2217366084 LICK
301 0 4 6 2217366624 TIMEOUT_START
301 0 4 6 2217939176 RESP_END
301 0 4 6 2224367164 TIMEOUT_END
302 0 4 1 2226095844 STIM_START
302 0 4 1 2228860620 LICK
302 0 4 1 2229276256 LICK
302 0 4 1 2229621284 STIM_END_RESP_START
302 0 4 1 2230140600 LICK
302 0 4 1 2230141140 TIMEOUT_START
302 0 4 1 2230299808 LICK
302 0 4 1 2230300340 TIMEOUT_START
302 0 4 1 2230821336 RESP_END
302 0 4 1 2237300888 TIMEOUT_END
303 2 2 9 2239012040 STIM_START
303 2 2 9 2242137412 STIM_END_RESP_START
303 2 2 9 2243337428 RESP_END
304 1 1 5 2245039000 STIM_START
304 1 1 5 2248114384 STIM_END_RESP_START
304 1 1 5 2248487648 LICK
304 1 1 5 2248488188 REWARD_START
304 1 1 5 2248692308 LICK
304 1 1 5 2248867732 LICK
304 1 1 5 2249314412 RESP_END
304 1 1 5 2248501264 REWARD_END
305 0 5 6 2251065008 STIM_START
305 0 5 6 2255090484 STIM_END_RESP_START
305 0 5 6 2256290500 RESP_END
306 1 1 3 2257997152 STIM_START
306 1 1 3 2261072532 STIM_END_RESP_START
306 1 1 3 2261415772 LICK
306 1 1 3 2261416308 REWARD_START
306 1 1 3 2261594044 LICK
306 1 1 3 2261794584 LICK
306 1 1 3 2261953748 LICK
306 1 1 3 2262272576 RESP_END
306 1 1 3 2261429388 REWARD_END
307 0 4 2 2264003144 STIM_START
307 0 4 2 2267528556 STIM_END_RESP_START
307 0 4 2 2268728576 RESP_END
308 0 4 8 2270455220 STIM_START
308 0 4 8 2273980636 STIM_END_RESP_START
308 0 4 8 2275180652 RESP_END
309 1 2 5 2276892284 STIM_START
309 1 2 5 2280017656 STIM_END_RESP_START
309 1 2 5 2280987672 LICK
309 1 2 5 2280988204 REWARD_START
309 1 2 5 2281177800 LICK
309 1 2 5 2281217664 RESP_END
309 1 2 5 2281001284 REWARD_END
310 2 3 7 2283314356 STIM_START
310 2 3 7 2286589744 STIM_END_RESP_START
310 2 3 7 2287789760 RESP_END
311 1 1 7 2289493404 STIM_START
311 1 1 7 2292568784 STIM_END_RESP_START
311 1 1 7 2292793652 LICK
311 1 1 7 2292794188 REWARD_START
311 1 1 7 2292937344 LICK
311 1 1 7 2293108832 LICK
311 1 1 7 2293251576 LICK
311 1 1 7 2293768812 RESP_END
311 1 1 7 2292807264 REWARD_END
312 0 4 7 2295944416 STIM_START
312 0 4 7 2299469872 STIM_END_RESP_START
312 0 4 7 2300669880 RESP_END
313 0 5 10 2302422516 STIM_START
313 0 5 10 2303573172 LICK
313 0 5 10 2303734392 LICK
313 0 5 10 2304722980 LICK
313 0 5 10 2306447988 STIM_END_RESP_START
313 0 5 10 2306947376 LICK
313 0 5 10 2306947904 TIMEOUT_START
313 0 5 10 2307648032 RESP_END
313 0 5 10 2313948448 TIMEOUT_END
314 1 5 2 2315686720 STIM_START
314 1 5 2 2319712232 STIM_END_RESP_START
314 1 5 2 2319946140 LICK
314 1 5 2 2319946676 REWARD_START
314 1 5 2 2320068428 LICK
314 1 5 2 2320252604 LICK
314 1 5 2 2320413032 LICK
314 1 5 2 2320912248 RESP_END
314 1 5 2 2319959756 REWARD_END
315 0 2 2 2322629896 STIM_START
315 0 2 2 2325755268 STIM_END_RESP_START
315 0 2 2 2326955284 RESP_END
316 1 2 1 2328671872 STIM_START
316 1 2 1 2331797244 STIM_END_RESP_START
316 1 2 1 2332202432 LICK
316 1 2 1 2332202964 REWARD_START
316 1 2 1 2332433656 LICK
316 1 2 1 2332628852 LICK
316 1 2 1 2332797444 LICK
316 1 2 1 2332997288 RESP_END
316 1 2 1 2332216040 REWARD_END
317 2 3 3 2334713900 STIM_START
317 2 3 3 2337989320 STIM_END_RESP_START
317 2 3 3 2338979828 LICK
317 2 3 3 2338980368 REWARD_START
317 2 3 3 2339182584 LICK
317 2 3 3 2339189336 RESP_END
317 2 3 3 2338993444 REWARD_END
318 2 1 4 2341999056 STIM_START
318 2 1 4 2345074448 STIM_END_RESP_START
318 2 1 4 2346040128 LICK
318 2 1 4 2346040668 REWARD_START
318 2 1 4 2346274476 RESP_END
318 2 1 4 2346053748 REWARD_END
319 0 1 4 2347989064 STIM_START
319 0 1 4 2351064448 STIM_END_RESP_START
319 0 1 4 2352264464 RESP_END
320 1 1 9 2353979072 STIM_START
320 1 1 9 2357054452 STIM_END_RESP_START
320 1 1 9 2357420788 LICK
320 1 1 9 2357421328 REWARD_START
320 1 1 9 2357603244 LICK
320 1 1 9 2357896656 LICK
320 1 1 9 2358057644 LICK
320 1 1 9 2358254468 RESP_END
320 1 1 9 2357434408 REWARD_END
321 1 4 7 2359985052 STIM_START
321 1 4 7 2363510468 STIM_END_RESP_START
321 1 4 7 2363727956 LICK
321 1 4 7 2363728488 REWARD_START
321 1 4 7 2363849888 LICK
321 1 4 7 2364032508 LICK
321 1 4 7 2364194484 LICK
321 1 4 7 2364710508 RESP_END
321 1 4 7 2363741564 REWARD_END
322 1 1 1 2366424152 STIM_START
322 1 1 1 2369499532 STIM_END_RESP_START
322 1 1 1 2369760660 LICK
322 1 1 1 2369761192 REWARD_START
322 1 1 1 2369946872 LICK
322 1 1 1 2370099712 LICK
322 1 1 1 2370699556 RESP_END
322 1 1 1 2369774272 REWARD_END
323 0 5 1 2372732152 STIM_START
323 0 5 1 2376757624 STIM_END_RESP_START
323 0 5 1 2376895020 LICK
323 0 5 1 2376895560 TIMEOUT_START
323 0 5 1 2377957668 RESP_END
323 0 5 1 2383896096 TIMEOUT_END
324 0 4 1 2385615280 STIM_START
324 0 4 1 2389140732 STIM_END_RESP_START
324 0 4 1 2390340748 RESP_END
325 0 5 5 2393451604 STIM_START
325 0 5 5 2394534232 LICK
325 0 5 5 2394706900 LICK
325 0 5 5 2397477080 STIM_END_RESP_START
325 0 5 5 2398677124 RESP_END
326 1 1 4 2400380736 STIM_START
326 1 1 4 2403456124 STIM_END_RESP_START
326 1 1 4 2403951724 LICK
326 1 1 4 2403952256 REWARD_START
326 1 1 4 2404102040 LICK
326 1 1 4 2404301468 LICK
326 1 1 4 2404656172 RESP_END
326 1 1 4 2403965336 REWARD_END
327 1 3 8 2407168908 STIM_START
327 1 3 8 2410444292 STIM_END_RESP_START
327 1 3 8 2410821348 LICK
327 1 3 8 2410821892 REWARD_START
327 1 3 8 2411030632 LICK
327 1 3 8 2411200020 LICK
327 1 3 8 2411535216 LICK
327 1 3 8 2411644316 RESP_END
327 1 3 8 2410834968 REWARD_END
328 1 4 9 2413380916 STIM_START
328 1 4 9 2416906328 STIM_END_RESP_START
328 1 4 9 2417109716 LICK
328 1 4 9 2417110256 REWARD_START
328 1 4 9 2417254468 LICK
328 1 4 9 2417425492 LICK
328 1 4 9 2417642884 LICK
328 1 4 9 2418106380 RESP_END
328 1 4 9 2417123332 REWARD_END
329 0 5 2 2419864000 STIM_START
329 0 5 2 2423889472 STIM_END_RESP_START
329 0 5 2 2425089492 RESP_END
330 0 1 8 2426796144 STIM_START
330 0 1 8 2429871528 STIM_END_RESP_START
330 0 1 8 2431071544 RESP_END
331 1 3 7 2432792156 STIM_START
331 1 3 7 2436067540 STIM_END_RESP_START
331 1 3 7 2436408544 LICK
331 1 3 7 2436409076 REWARD_START
331 1 3 7 2436633772 LICK
331 1 3 7 2436825488 LICK
331 1 3 7 2437267552 RESP_END
331 1 3 7 2436422156 REWARD_END
332 1 1 1 2439774284 STIM_START
332 1 1 1 2442849664 STIM_END_RESP_START
332 1 1 1 2443029100 LICK
332 1 1 1 2443029640 REWARD_START
332 1 1 1 2443171796 LICK
332 1 1 1 2443356356 LICK
332 1 1 1 2444049688 RESP_END
332 1 1 1 2443042712 REWARD_END
333 0 4 1 2445874328 STIM_START
333 0 4 1 2449399776 STIM_END_RESP_START
333 0 4 1 2450599792 RESP_END
334 1 1 3 2452302376 STIM_START
334 1 1 3 2454462492 LICK
334 1 1 3 2454662208 LICK
334 1 1 3 2454884048 LICK
334 1 1 3 2455377752 STIM_END_RESP_START
334 1 1 3 2456577784 RESP_END
335 1 5 6 2458316340 STIM_START
335 1 5 6 2462341816 STIM_END_RESP_START
335 1 5 6 2462562356 LICK
335 1 5 6 2462562888 REWARD_START
335 1 5 6 2462815520 LICK
335 1 5 6 2462988076 LICK
335 1 5 6 2463160924 LICK
335 1 5 6 2463354304 LICK
335 1 5 6 2463541832 RESP_END
335 1 5 6 2462575964 REWARD_END
336 1 4 7 2465273512 STIM_START
336 1 4 7 2468798928 STIM_END_RESP_START
336 1 4 7 2468994740 LICK
336 1 4 7 2468995280 REWARD_START
336 1 4 7 2469189788 LICK
336 1 4 7 2469388492 LICK
336 1 4 7 2469552484 LICK
336 1 4 7 2469998956 RESP_END
336 1 4 7 2469008352 REWARD_END
337 0 2 3 2472333672 STIM_START
337 0 2 3 2475459044 STIM_END_RESP_START
337 0 2 3 2476659060 RESP_END
338 0 4 1 2478373684 STIM_START
338 0 4 1 2481899100 STIM_END_RESP_START
338 0 4 1 2483099120 RESP_END
339 1 3 6 2484808756 STIM_START
339 1 3 6 2488084176 STIM_END_RESP_START
339 1 3 6 2488467468 LICK
339 1 3 6 2488468000 REWARD_START
339 1 3 6 2488657916 LICK
339 1 3 6 2489049768 LICK
339 1 3 6 2489284204 RESP_END
339 1 3 6 2488481080 REWARD_END
340 2 5 9 2491030808 STIM_START
340 2 5 9 2495056284 STIM_END_RESP_START
340 2 5 9 2495240228 LICK
340 2 5 9 2495240764 REWARD_START
340 2 5 9 2495449216 LICK
340 2 5 9 2495601804 LICK
340 2 5 9 2495778560 LICK
340 2 5 9 2496256320 RESP_END
340 2 5 9 2495253844 REWARD_END
341 0 2 8 2498383004 STIM_START
341 0 2 8 2501508376 STIM_END_RESP_START
341 0 2 8 2502708392 RESP_END
342 1 4 7 2504439976 STIM_START
342 1 4 7 2507965388 STIM_END_RESP_START
342 1 4 7 2508328128 LICK
342 1 4 7 2508328664 REWARD_START
342 1 4 7 2508516480 LICK
342 1 4 7 2508712028 LICK
342 1 4 7 2508895784 LICK
342 1 4 7 2509165424 RESP_END
342 1 4 7 2508341744 REWARD_END
343 0 5 6 2510915112 STIM_START
343 0 5 6 2514940588 STIM_END_RESP_START
343 0 5 6 2516140608 RESP_END
344 0 4 10 2517860232 STIM_START
344 0 4 10 2521385688 STIM_END_RESP_START
344 0 4 10 2522585704 RESP_END
345 2 1 1 2524300316 STIM_START
345 2 1 1 2527375696 STIM_END_RESP_START
345 2 1 1 2528575712 RESP_END
346 1 5 1 2530321260 STIM_START
346 1 5 1 2534346780 STIM_END_RESP_START
346 1 5 1 2534779068 LICK
346 1 5 1 2534779600 REWARD_START
346 1 5 1 2534965588 LICK
346 1 5 1 2535125408 LICK
346 1 5 1 2535295364 LICK
346 1 5 1 2535546792 RESP_END
346 1 5 1 2534792680 REWARD_END
347 2 4 5 2537262460 STIM_START
347 2 4 5 2539437100 LICK
347 2 4 5 2539629820 LICK
347 2 4 5 2540787900 STIM_END_RESP_START
347 2 4 5 2541139024 LICK
347 2 4 5 2541139560 REWARD_START
347 2 4 5 2541968756 LICK
347 2 4 5 2541987948 RESP_END
347 2 4 5 2541152640 REWARD_END
348 0 3 5 2544948716 STIM_START
348 0 3 5 2548224140 STIM_END_RESP_START
348 0 3 5 2549424192 RESP_END
349 1 5 5 2551171792 STIM_START
349 1 5 5 2555197268 STIM_END_RESP_START
349 1 5 5 2555386460 LICK
349 1 5 5 2555387000 REWARD_START
349 1 5 5 2555537788 LICK
349 1 5 5 2555730036 LICK
349 1 5 5 2556397280 RESP_END
349 1 5 5 2555400076 REWARD_END
350 0 4 9 2558118924 STIM_START
350 0 4 9 2561644332 STIM_END_RESP_START
350 0 4 9 2562844344 RESP_END
351 1 2 3 2564554988 STIM_START
351 1 2 3 2567680360 STIM_END_RESP_START
351 1 2 3 2567898076 LICK
351 1 2 3 2567898616 REWARD_START
351 1 2 3 2568033856 LICK
351 1 2 3 2568225624 LICK
351 1 2 3 2568880400 RESP_END
351 1 2 3 2567911692 REWARD_END
352 1 4 3 2571993212 STIM_START
352 1 4 3 2575518660 STIM_END_RESP_START
352 1 4 3 2575702788 LICK
352 1 4 3 2575703324 REWARD_START
352 1 4 3 2575829384 LICK
352 1 4 3 2576003344 LICK
352 1 4 3 2576175064 LICK
352 1 4 3 2576718696 RESP_END
352 1 4 3 2575716404 REWARD_END
353 0 5 8 2578467288 STIM_START
353 0 5 8 2582492760 STIM_END_RESP_START
353 0 5 8 2583692776 RESP_END
354 0 2 9 2585403416 STIM_START
354 0 2 9 2588528788 STIM_END_RESP_START
354 0 2 9 2589728804 RESP_END
355 0 4 9 2591445432 STIM_START
355 0 4 9 2594970888 STIM_END_RESP_START
355 0 4 9 2596170904 RESP_END
356 2 2 3 2597890476 STIM_START
356 2 2 3 2601015848 STIM_END_RESP_START
356 2 2 3 2602215860 RESP_END
357 1 3 5 2603942492 STIM_START
357 1 3 5 2607217876 STIM_END_RESP_START
357 1 3 5 2607566968 LICK
357 1 3 5 2607567500 REWARD_START
357 1 3 5 2607753524 LICK
357 1 3 5 2607940912 LICK
357 1 3 5 2608417904 RESP_END
357 1 3 5 2607580580 REWARD_END
358 1 2 6 2610532600 STIM_START
358 1 2 6 2613657972 STIM_END_RESP_START
358 1 2 6 2613848804 LICK
358 1 2 6 2613849344 REWARD_START
358 1 2 6 2614032836 LICK
358 1 2 6 2614250200 LICK
358 1 2 6 2614391656 LICK
358 1 2 6 2614858016 RESP_END
358 1 2 6 2613862420 REWARD_END
359 0 4 3 2616577632 STIM_START
359 0 4 3 2619934712 LICK
359 0 4 3 2620103064 STIM_END_RESP_START
359 0 4 3 2620138324 LICK
359 0 4 3 2620138864 TIMEOUT_START
359 0 4 3 2620338344 LICK
359 0 4 3 2620338876 TIMEOUT_START
359 0 4 3 2620905276 LICK
359 0 4 3 2620905816 TIMEOUT_START
359 0 4 3 2621303112 RESP_END
359 0 4 3 2627906356 TIMEOUT_END
360 2 3 10 2629628728 STIM_START
360 2 3 10 2632707204 LICK
360 2 3 10 2632904148 STIM_END_RESP_START
360 2 3 10 2633716440 LICK
360 2 3 10 2633716980 REWARD_START
360 2 3 10 2634104196 RESP_END
360 2 3 10 2633730060 REWARD_END
361 1 4 6 2635828760 STIM_START
361 1 4 6 2636729492 LICK
361 1 4 6 2636858204 LICK
361 1 4 6 2636989756 LICK
361 1 4 6 2637442536 LICK
361 1 4 6 2637591504 LICK
361 1 4 6 2637918648 LICK
361 1 4 6 2638005636 LICK
361 1 4 6 2638707540 LICK
361 1 4 6 2639354192 STIM_END_RESP_START
361 1 4 6 2640366996 LICK
361 1 4 6 2640367528 REWARD_START
361 1 4 6 2640554220 RESP_END
361 1 4 6 2640380604 REWARD_END
362 0 3 4 2645857392 STIM_START
362 0 3 4 2645930832 LICK
362 0 3 4 2646739424 LICK
362 0 3 4 2647191584 LICK
362 0 3 4 2647612732 LICK
362 0 3 4 2647723268 LICK
362 0 3 4 2647863320 LICK
362 0 3 4 2648107964 LICK
362 0 3 4 2648433508 LICK
362 0 3 4 2648723208 LICK
362 0 3 4 2648983676 LICK
362 0 3 4 2649132792 STIM_END_RESP_START
362 0 3 4 2650332808 RESP_END
363 1 5 6 2657749368 STIM_START
363 1 5 6 2658075340 LICK
363 1 5 6 2658213304 LICK
363 1 5 6 2658383924 LICK
363 1 5 6 2658814344 LICK
363 1 5 6 2658948912 LICK
363 1 5 6 2659666692 LICK
363 1 5 6 2660056984 LICK
363 1 5 6 2660277404 LICK
363 1 5 6 2660405808 LICK
363 1 5 6 2660566812 LICK
363 1 5 6 2661257668 LICK
363 1 5 6 2661774840 STIM_END_RESP_START
363 1 5 6 2662974856 RESP_END
364 0 4 5 2670516448 STIM_START
364 0 4 5 2671359100 LICK
364 0 4 5 2671547544 LICK
364 0 4 5 2671623516 LICK
364 0 4 5 2672247652 LICK
364 0 4 5 2672350484 LICK
364 0 4 5 2672428784 LICK
364 0 4 5 2672945508 LICK
364 0 4 5 2673126416 LICK
364 0 4 5 2674041900 STIM_END_RESP_START
364 0 4 5 2674886832 LICK
364 0 4 5 2674887364 TIMEOUT_START
364 0 4 5 2675241948 RESP_END
364 0 4 5 2681887904 TIMEOUT_END
365 1 3 5 2685228900 STIM_START
365 1 3 5 2688504284 STIM_END_RESP_START
365 1 3 5 2688750888 LICK
365 1 3 5 2688751420 REWARD_START
365 1 3 5 2688890120 LICK
365 1 3 5 2689053728 LICK
365 1 3 5 2689224116 LICK
365 1 3 5 2689704312 RESP_END
365 1 3 5 2688764496 REWARD_END
366 0 5 1 2691456968 STIM_START
366 0 5 1 2695482448 STIM_END_RESP_START
366 0 5 1 2696682492 RESP_END
367 0 2 7 2698398060 STIM_START
367 0 2 7 2701523432 STIM_END_RESP_START
367 0 2 7 2702723444 RESP_END
368 2 4 1 2704453092 STIM_START
368 2 4 1 2707978508 STIM_END_RESP_START
368 2 4 1 2708192784 LICK
368 2 4 1 2708193320 REWARD_START
368 2 4 1 2708354252 LICK
368 2 4 1 2708545496 LICK
368 2 4 1 2708689688 LICK
368 2 4 1 2709178552 RESP_END
368 2 4 1 2708206392 REWARD_END
369 0 4 6 2710905120 STIM_START
369 0 4 6 2714430536 STIM_END_RESP_START
369 0 4 6 2715630584 RESP_END
370 1 4 7 2717356212 STIM_START
370 1 4 7 2720881660 STIM_END_RESP_START
370 1 4 7 2721116764 LICK
370 1 4 7 2721117304 REWARD_START
370 1 4 7 2721229384 LICK
370 1 4 7 2721410940 LICK
370 1 4 7 2721730004 LICK
370 1 4 7 2722081676 RESP_END
370 1 4 7 2721130372 REWARD_END
371 0 2 9 2724330356 STIM_START
371 0 2 9 2727455728 STIM_END_RESP_START
371 0 2 9 2728655744 RESP_END
372 0 3 8 2731160556 STIM_START
372 0 3 8 2734435980 STIM_END_RESP_START
372 0 3 8 2735635996 RESP_END
373 0 4 7 2737367520 STIM_START
373 0 4 7 2740892972 STIM_END_RESP_START
373 0 4 7 2741961636 LICK
373 0 4 7 2741962172 TIMEOUT_START
373 0 4 7 2742016460 LICK
373 0 4 7 2742016992 TIMEOUT_START
373 0 4 7 2742093012 RESP_END
373 0 4 7 2749017540 TIMEOUT_END
374 1 1 7 2750722744 STIM_START
374 1 1 7 2753798120 STIM_END_RESP_START
374 1 1 7 2754046352 LICK
374 1 1 7 2754046884 REWARD_START
374 1 1 7 2754305556 LICK
374 1 1 7 2754473292 LICK
374 1 1 7 2754998152 RESP_END
374 1 1 7 2754059964 REWARD_END
375 1 5 2 2757415832 STIM_START
375 1 5 2 2761441312 STIM_END_RESP_START
375 1 5 2 2761572144 LICK
375 1 5 2 2761572684 REWARD_START
375 1 5 2 2761706952 LICK
375 1 5 2 2761892004 LICK
375 1 5 2 2762063764 LICK
375 1 5 2 2762641328 RESP_END
375 1 5 2 2761585764 REWARD_END
376 0 4 6 2764382984 STIM_START
376 0 4 6 2767396688 LICK
376 0 4 6 2767908424 STIM_END_RESP_START
376 0 4 6 2768284844 LICK
376 0 4 6 2768285376 TIMEOUT_START
376 0 4 6 2769108448 RESP_END
376 0 4 6 2775285916 TIMEOUT_END
377 1 1 7 2776983116 STIM_START
377 1 1 7 2780058500 STIM_END_RESP_START
377 1 1 7 2780485492 LICK
377 1 1 7 2780486028 REWARD_START
377 1 1 7 2780652128 LICK
377 1 1 7 2781033324 LICK
377 1 1 7 2781165856 LICK
377 1 1 7 2781258536 RESP_END
377 1 1 7 2780499108 REWARD_END
378 1 2 3 2782976108 STIM_START
378 1 2 3 2786101476 STIM_END_RESP_START
378 1 2 3 2786299056 LICK
378 1 2 3 2786299588 REWARD_START
378 1 2 3 2786432760 LICK
378 1 2 3 2786608124 LICK
378 1 2 3 2787301500 RESP_END
378 1 2 3 2786312664 REWARD_END
379 0 2 10 2789502188 STIM_START
379 0 2 10 2792627560 STIM_END_RESP_START
379 0 2 10 2793827576 RESP_END
380 0 4 3 2795557208 STIM_START
380 0 4 3 2799082660 STIM_END_RESP_START
380 0 4 3 2800282680 RESP_END
381 1 4 7 2802004232 STIM_START
381 1 4 7 2805529644 STIM_END_RESP_START
381 1 4 7 2805890104 LICK
381 1 4 7 2805890636 REWARD_START
381 1 4 7 2806074536 LICK
381 1 4 7 2806258696 LICK
381 1 4 7 2806729672 RESP_END
381 1 4 7 2805903712 REWARD_END
382 1 4 9 2809018376 STIM_START
382 1 4 9 2812543788 STIM_END_RESP_START
382 1 4 9 2812748180 LICK
382 1 4 9 2812748712 REWARD_START
382 1 4 9 2812878564 LICK
382 1 4 9 2813070888 LICK
382 1 4 9 2813231392 LICK
382 1 4 9 2813743808 RESP_END
382 1 4 9 2812761796 REWARD_END
383 2 3 1 2815464432 STIM_START
383 2 3 1 2818739856 STIM_END_RESP_START
383 2 3 1 2819013228 LICK
383 2 3 1 2819013768 REWARD_START
383 2 3 1 2819171824 LICK
383 2 3 1 2819331460 LICK
383 2 3 1 2819559748 LICK
383 2 3 1 2819939876 RESP_END
383 2 3 1 2819026836 REWARD_END
384 0 1 10 2821653460 STIM_START
384 0 1 10 2824728844 STIM_END_RESP_START
384 0 1 10 2825928860 RESP_END
385 1 5 6 2828176592 STIM_START
385 1 5 6 2832202068 STIM_END_RESP_START
385 1 5 6 2832412992 LICK
385 1 5 6 2832413524 REWARD_START
385 1 5 6 2832575904 LICK
385 1 5 6 2832728712 LICK
385 1 5 6 2833402084 RESP_END
385 1 5 6 2832426600 REWARD_END
386 1 3 2 2835128728 STIM_START
386 1 3 2 2838404152 STIM_END_RESP_START
386 1 3 2 2838614132 LICK
386 1 3 2 2838614664 REWARD_START
386 1 3 2 2838765864 LICK
386 1 3 2 2838942836 LICK
386 1 3 2 2839604176 RESP_END
386 1 3 2 2838627740 REWARD_END
387 1 4 2 2841326736 STIM_START
387 1 4 2 2844852184 STIM_END_RESP_START
387 1 4 2 2845048328 LICK
387 1 4 2 2845048868 REWARD_START
387 1 4 2 2845170436 LICK
387 1 4 2 2845343460 LICK
387 1 4 2 2846052228 RESP_END
387 1 4 2 2845061940 REWARD_END
388 0 1 4 2848079880 STIM_START
388 0 1 4 2851155260 STIM_END_RESP_START
388 0 1 4 2852355276 RESP_END
389 1 4 10 2854086844 STIM_START
389 1 4 10 2857612300 STIM_END_RESP_START
389 1 4 10 2857997488 LICK
389 1 4 10 2857998020 REWARD_START
389 1 4 10 2858176320 LICK
389 1 4 10 2858343600 LICK
389 1 4 10 2858812324 RESP_END
389 1 4 10 2858011096 REWARD_END
390 1 4 9 2860542912 STIM_START
390 1 4 9 2863696608 LICK
390 1 4 9 2863856720 LICK
390 1 4 9 2864020496 LICK
390 1 4 9 2864068364 STIM_END_RESP_START
390 1 4 9 2864315332 LICK
390 1 4 9 2864315872 REWARD_START
390 1 4 9 2864457168 LICK
390 1 4 9 2864634112 LICK
390 1 4 9 2865268376 RESP_END
390 1 4 9 2864328952 REWARD_END
391 1 3 7 2866992988 STIM_START
391 1 3 7 2870049872 LICK
391 1 3 7 2870217272 LICK
391 1 3 7 2870268388 STIM_END_RESP_START
391 1 3 7 2870393764 LICK
391 1 3 7 2870394308 REWARD_START
391 1 3 7 2870636624 LICK
391 1 3 7 2870833188 LICK
391 1 3 7 2870998276 LICK
391 1 3 7 2871468416 RESP_END
391 1 3 7 2870407388 REWARD_END
392 0 3 2 2873332024 STIM_START
392 0 3 2 2876607444 STIM_END_RESP_START
392 0 3 2 2877807460 RESP_END
393 0 5 6 2879552064 STIM_START
393 0 5 6 2883577576 STIM_END_RESP_START
393 0 5 6 2883749620 LICK
393 0 5 6 2883750156 TIMEOUT_START
393 0 5 6 2883895288 LICK
393 0 5 6 2883895824 TIMEOUT_START
393 0 5 6 2884777612 RESP_END
393 0 5 6 2890896368 TIMEOUT_END
394 1 3 3 2892609252 STIM_START
394 1 3 3 2895536460 LICK
394 1 3 3 2895884660 STIM_END_RESP_START
394 1 3 3 2896092460 LICK
394 1 3 3 2896092988 REWARD_START
394 1 3 3 2896274452 LICK
394 1 3 3 2896475060 LICK
394 1 3 3 2896622204 LICK
394 1 3 3 2897084692 RESP_END
394 1 3 3 2896106064 REWARD_END
395 1 2 9 2898803252 STIM_START
395 1 2 9 2901928620 STIM_END_RESP_START
395 1 2 9 2902371320 LICK
395 1 2 9 2902371860 REWARD_START
395 1 2 9 2902547860 LICK
395 1 2 9 2902733340 LICK
395 1 2 9 2903128640 RESP_END
395 1 2 9 2902384940 REWARD_END
396 1 4 6 2904862252 STIM_START
396 1 4 6 2908387664 STIM_END_RESP_START
396 1 4 6 2908584480 LICK
396 1 4 6 2908585020 REWARD_START
396 1 4 6 2908738036 LICK
396 1 4 6 2908922452 LICK
396 1 4 6 2909587712 RESP_END
396 1 4 6 2908598092 REWARD_END
397 0 4 3 2911700376 STIM_START
397 0 4 3 2915046716 LICK
397 0 4 3 2915225800 STIM_END_RESP_START
397 0 4 3 2915267632 LICK
397 0 4 3 2915268164 TIMEOUT_START
397 0 4 3 2916058024 LICK
397 0 4 3 2916058564 TIMEOUT_START
397 0 4 3 2916425836 RESP_END
397 0 4 3 2923059104 TIMEOUT_END
398 1 3 1 2924773580 STIM_START
398 1 3 1 2928049000 STIM_END_RESP_START
398 1 3 1 2928222468 LICK
398 1 3 1 2928223000 REWARD_START
398 1 3 1 2928375788 LICK
398 1 3 1 2928548328 LICK
398 1 3 1 2928969328 LICK
398 1 3 1 2929249016 RESP_END
398 1 3 1 2928236080 REWARD_END
399 0 1 6 2930965640 STIM_START
399 0 1 6 2934041020 STIM_END_RESP_START
399 0 1 6 2935241040 RESP_END
400 0 5 9 2936990572 STIM_START
400 0 5 9 2941016044 STIM_END_RESP_START
400 0 5 9 2942216060 RESP_END
401 2 4 8 2943935732 STIM_START
401 2 4 8 2947073228 LICK
401 2 4 8 2947437744 LICK
401 2 4 8 2947461176 STIM_END_RESP_START
401 2 4 8 2948110708 LICK
401 2 4 8 2948111240 REWARD_START
401 2 4 8 2948661216 RESP_END
401 2 4 8 2948124320 REWARD_END
402 1 1 4 2950372808 STIM_START
402 1 1 4 2953370788 LICK
402 1 1 4 2953448200 STIM_END_RESP_START
402 1 1 4 2953548904 LICK
402 1 1 4 2953549436 REWARD_START
402 1 1 4 2953666380 LICK
402 1 1 4 2953824320 LICK
402 1 1 4 2953989160 LICK
402 1 1 4 2954370416 LICK
402 1 1 4 2954542788 LICK
402 1 1 4 2954648236 RESP_END
402 1 1 4 2953562512 REWARD_END
403 0 4 4 2956371804 STIM_START
403 0 4 4 2959897220 STIM_END_RESP_START
403 0 4 4 2961097236 RESP_END
404 1 1 10 2962801888 STIM_START
404 1 1 10 2965877268 STIM_END_RESP_START
404 1 1 10 2966344836 LICK
404 1 1 10 2966345368 REWARD_START
404 1 1 10 2966524352 LICK
404 1 1 10 2966709792 LICK
404 1 1 10 2967077292 RESP_END
404 1 1 10 2966358444 REWARD_END
405 0 1 8 2970207072 STIM_START
405 0 1 8 2973282456 STIM_END_RESP_START
405 0 1 8 2973493864 LICK
405 0 1 8 2973494400 TIMEOUT_START
405 0 1 8 2974332128 LICK
405 0 1 8 2974332660 TIMEOUT_START
405 0 1 8 2974482504 RESP_END
405 0 1 8 2981333212 TIMEOUT_END
406 0 3 8 2983047192 STIM_START
406 0 3 8 2986322612 STIM_END_RESP_START
406 0 3 8 2987522624 RESP_END
407 0 5 1 2989273240 STIM_START
407 0 5 1 2993298712 STIM_END_RESP_START
407 0 5 1 2994498728 RESP_END
408 1 1 2 2996202404 STIM_START
408 1 1 2 2999277788 STIM_END_RESP_START
408 1 1 2 2999774124 LICK
408 1 1 2 2999774668 REWARD_START
408 1 1 2 2999927444 LICK
408 1 1 2 3000101892 LICK
408 1 1 2 3000477804 RESP_END
408 1 1 2 2999787748 REWARD_END
409 1 2 3 3003054504 STIM_START
409 1 2 3 3006179872 STIM_END_RESP_START
409 1 2 3 3007107620 LICK
409 1 2 3 3007108164 REWARD_START
409 1 2 3 3007296752 LICK
409 1 2 3 3007379908 RESP_END
409 1 2 3 3007121236 REWARD_END
410 0 4 7 3009240564 STIM_START
410 0 4 7 3012765980 STIM_END_RESP_START
410 0 4 7 3013966000 RESP_END
411 2 5 10 3015724620 STIM_START
411 2 5 10 3019750132 STIM_END_RESP_START
411 2 5 10 3020950152 RESP_END
412 0 2 8 3022668740 STIM_START
412 0 2 8 3025794116 STIM_END_RESP_START
412 0 2 8 3026994168 RESP_END
413 0 3 10 3028711772 STIM_START
413 0 3 10 3031987192 STIM_END_RESP_START
413 0 3 10 3033187212 RESP_END
414 0 4 3 3034914780 STIM_START
414 0 4 3 3038440196 STIM_END_RESP_START
414 0 4 3 3039640212 RESP_END
415 1 1 1 3041359836 STIM_START
415 1 1 1 3044435220 STIM_END_RESP_START
415 1 1 1 3044900492 LICK
415 1 1 1 3044901028 REWARD_START
415 1 1 1 3045023964 LICK
415 1 1 1 3045352140 LICK
415 1 1 1 3045635268 RESP_END
415 1 1 1 3044914100 REWARD_END
416 1 4 3 3047440880 STIM_START
416 1 4 3 3050966292 STIM_END_RESP_START
416 1 4 3 3051391636 LICK
416 1 4 3 3051392180 REWARD_START
416 1 4 3 3051552612 LICK
416 1 4 3 3051724700 LICK
416 1 4 3 3052166336 RESP_END
416 1 4 3 3051405252 REWARD_END
417 0 5 5 3053921940 STIM_START
417 0 5 5 3057947420 STIM_END_RESP_START
417 0 5 5 3059147436 RESP_END
418 0 5 4 3060901096 STIM_START
418 0 5 4 3064926572 STIM_END_RESP_START
418 0 5 4 3066126588 RESP_END
419 2 3 8 3067855268 STIM_START
419 2 3 8 3071130656 STIM_END_RESP_START
419 2 3 8 3072330704 RESP_END
420 1 3 2 3074056288 STIM_START
420 1 3 2 3077331704 STIM_END_RESP_START
420 1 3 2 3078531720 RESP_END
421 2 2 5 3080247320 STIM_START
421 2 2 5 3083372688 STIM_END_RESP_START
421 2 2 5 3084572744 RESP_END
422 0 2 1 3086287332 STIM_START
422 0 2 1 3089412704 STIM_END_RESP_START
422 0 2 1 3090612720 RESP_END
423 2 2 4 3092314284 STIM_START
423 2 2 4 3095439656 STIM_END_RESP_START
423 2 2 4 3096639676 RESP_END
424 1 3 2 3098368284 STIM_START
424 1 3 2 3101643704 STIM_END_RESP_START
424 1 3 2 3102843720 RESP_END
425 1 2 9 3104558340 STIM_START
425 1 2 9 3107683712 STIM_END_RESP_START
425 1 2 9 3108883732 RESP_END
426 0 2 9 3110603292 STIM_START
426 0 2 9 3113728664 STIM_END_RESP_START
426 0 2 9 3114928680 RESP_END
