001 1 0004909552 STIM_START
001 1 0008935036 STIM_END_RESP_START
001 1 0010135072 RESP_END
002 1 0012289772 STIM_START
002 1 0015565168 STIM_END_RESP_START
002 1 0016765184 RESP_END
003 1 0018817800 STIM_START
003 1 0022843260 STIM_END_RESP_START
003 1 0024043272 RESP_END
004 0 0027480236 STIM_START
004 0 0031255688 STIM_END_RESP_START
004 0 0032455740 RESP_END
005 1 0034508364 STIM_START
005 1 0037783764 STIM_END_RESP_START
005 1 0038983780 RESP_END
006 0 0042527672 STIM_START
006 0 0046303128 STIM_END_RESP_START
006 0 0047503144 RESP_END
007 1 0049808852 STIM_START
007 1 0053084252 STIM_END_RESP_START
007 1 0053304216 LICK
007 1 0053304656 REWARD_START
007 1 0053959396 LICK
007 1 0054106920 LICK
007 1 0054249748 LICK
007 1 0054284284 RESP_END
007 1 0053317624 REWARD_END
008 1 0056136848 STIM_START
008 1 0056177852 LICK
008 1 0056327216 LICK
008 1 0059662264 STIM_END_RESP_START
008 1 0059906060 LICK
008 1 0059906496 REWARD_START
008 1 0060043484 LICK
008 1 0060200668 LICK
008 1 0060366104 LICK
008 1 0060862284 RESP_END
008 1 0059919456 REWARD_END
009 1 0064991344 STIM_START
009 1 0065290288 LICK
009 1 0065485804 LICK
009 1 0068766812 STIM_END_RESP_START
009 1 0069966820 RESP_END
010 0 0071879468 STIM_START
010 0 0075904932 STIM_END_RESP_START
010 0 0077104948 RESP_END
011 0 0079250672 STIM_START
011 0 0083026128 STIM_END_RESP_START
011 0 0084226144 RESP_END
012 0 0085994708 STIM_START
012 0 0090020168 STIM_END_RESP_START
012 0 0091068100 LICK
012 0 0091068544 TIMEOUT_START
012 0 0091220192 RESP_END
012 0 0098069008 TIMEOUT_END
013 1 0100015024 STIM_START
013 1 0103750460 LICK
013 1 0103790456 STIM_END_RESP_START
013 1 0103989932 LICK
013 1 0103990424 REWARD_START
013 1 0104156180 LICK
013 1 0104290756 LICK
013 1 0104431624 LICK
013 1 0104990472 RESP_END
013 1 0104003440 REWARD_END
014 1 0108573372 STIM_START
014 1 0112025692 LICK
014 1 0112226388 LICK
014 1 0112598864 STIM_END_RESP_START
014 1 0112766972 LICK
014 1 0112767464 REWARD_START
014 1 0112930076 LICK
014 1 0113076076 LICK
014 1 0113244068 LICK
014 1 0113798908 RESP_END
014 1 0112780484 REWARD_END
015 0 0116897812 STIM_START
015 0 0120923288 STIM_END_RESP_START
015 0 0122123324 RESP_END
016 1 0123858908 STIM_START
016 1 0127384332 STIM_END_RESP_START
016 1 0127615864 LICK
016 1 0127616356 REWARD_START
016 1 0127758652 LICK
016 1 0127905148 LICK
016 1 0128046116 LICK
016 1 0128584352 RESP_END
016 1 0127629380 REWARD_END
017 0 0130677024 STIM_START
017 0 0131541100 LICK
017 0 0131734792 LICK
017 0 0133952392 STIM_END_RESP_START
017 0 0135152424 RESP_END
018 0 0137884180 STIM_START
018 0 0138126408 LICK
018 0 0138253912 LICK
018 0 0138456952 LICK
018 0 0139271108 LICK
018 0 0139429692 LICK
018 0 0140225848 LICK
018 0 0140404000 LICK
018 0 0141307600 LICK
018 0 0141409584 STIM_END_RESP_START
018 0 0142609620 RESP_END
019 1 0144639248 STIM_START
019 1 0148414680 STIM_END_RESP_START
019 1 0148619356 LICK
019 1 0148619840 REWARD_START
019 1 0148800192 LICK
019 1 0148943108 LICK
019 1 0148976868 LICK
019 1 0149137248 LICK
019 1 0149299824 LICK
019 1 0149614692 RESP_END
019 1 0148632864 REWARD_END
020 1 0151412368 STIM_START
020 1 0151615580 LICK
020 1 0151770220 LICK
020 1 0155437856 STIM_END_RESP_START
020 1 0155722288 LICK
020 1 0155722780 REWARD_START
020 1 0155888928 LICK
020 1 0156026284 LICK
020 1 0156637884 RESP_END
020 1 0155735796 REWARD_END
021 0 0158401504 STIM_START
021 0 0158432532 LICK
021 0 0158552360 LICK
021 0 0162176972 STIM_END_RESP_START
021 0 0162728596 LICK
021 0 0162729084 TIMEOUT_START
021 0 0162863328 LICK
021 0 0162863812 TIMEOUT_START
021 0 0163376992 RESP_END
021 0 0169864312 TIMEOUT_END
022 1 0172041712 STIM_START
022 1 0175817144 STIM_END_RESP_START
022 1 0175998308 LICK
022 1 0175998792 REWARD_START
022 1 0176182424 LICK
022 1 0176329384 LICK
022 1 0176478328 LICK
022 1 0177017168 RESP_END
022 1 0176011816 REWARD_END
023 0 0179423920 STIM_START
023 0 0182699300 STIM_END_RESP_START
023 0 0183806532 LICK
023 0 0183807020 TIMEOUT_START
023 0 0183899316 RESP_END
023 0 0190807528 TIMEOUT_END
024 1 0192723004 STIM_START
024 1 0196748480 STIM_END_RESP_START
024 1 0196949548 LICK
024 1 0196950040 REWARD_START
024 1 0197060308 LICK
024 1 0197218600 LICK
024 1 0197367272 LICK
024 1 0197747904 LICK
024 1 0197948500 RESP_END
024 1 0196963056 REWARD_END
025 0 0199817160 STIM_START
025 0 0200145612 LICK
025 0 0203592592 STIM_END_RESP_START
025 0 0204792624 RESP_END
026 0 0206961368 STIM_START
026 0 0210236748 STIM_END_RESP_START
026 0 0211436780 RESP_END
027 0 0213490400 STIM_START
027 0 0217515876 STIM_END_RESP_START
027 0 0218715912 RESP_END
028 1 0220898620 STIM_START
028 1 0221969820 LICK
028 1 0222167168 LICK
028 1 0222675924 LICK
028 1 0224424044 STIM_END_RESP_START
028 1 0224580084 LICK
028 1 0224580568 REWARD_START
028 1 0224755136 LICK
028 1 0224907028 LICK
028 1 0225054176 LICK
028 1 0225624068 RESP_END
028 1 0224593592 REWARD_END
029 1 0228903904 STIM_START
029 1 0232429332 STIM_END_RESP_START
029 1 0232595788 LICK
029 1 0232596276 REWARD_START
029 1 0232765156 LICK
029 1 0232949796 LICK
029 1 0233062472 LICK
029 1 0233629344 RESP_END
029 1 0232609300 REWARD_END
030 0 0236689152 STIM_START
030 0 0239657108 LICK
030 0 0239787156 LICK
030 0 0240373060 LICK
030 0 0240516912 LICK
030 0 0240714648 STIM_END_RESP_START
030 0 0241014016 LICK
030 0 0241014500 TIMEOUT_START
030 0 0241151944 LICK
030 0 0241152440 TIMEOUT_START
030 0 0241183208 LICK
030 0 0241183692 TIMEOUT_START
030 0 0241365604 LICK
030 0 0241366096 TIMEOUT_START
030 0 0241914684 RESP_END
030 0 0248366596 TIMEOUT_END
031 0 0250516404 STIM_START
031 0 0254541888 STIM_END_RESP_START
031 0 0255741916 RESP_END
032 0 0257693556 STIM_START
032 0 0260968936 STIM_END_RESP_START
032 0 0262168972 RESP_END
033 1 0264265624 STIM_START
033 1 0267033712 LICK
033 1 0267978640 LICK
033 1 0268163156 LICK
033 1 0268291116 STIM_END_RESP_START
033 1 0268558616 LICK
033 1 0268559104 REWARD_START
033 1 0268774392 LICK
033 1 0268915224 LICK
033 1 0269076688 LICK
033 1 0269232268 LICK
033 1 0269491156 RESP_END
033 1 0268572124 REWARD_END
034 0 0272007896 STIM_START
034 0 0275783328 STIM_END_RESP_START
034 0 0276983360 RESP_END
035 1 0279018040 STIM_START
035 1 0283043520 STIM_END_RESP_START
035 1 0283236600 LICK
035 1 0283237084 REWARD_START
035 1 0283374640 LICK
035 1 0283559192 LICK
035 1 0283682756 LICK
035 1 0283840856 LICK
035 1 0284243552 RESP_END
035 1 0283250108 REWARD_END
036 0 0286684288 STIM_START
036 0 0290209708 STIM_END_RESP_START
036 0 0291409744 RESP_END
037 1 0293368308 STIM_START
037 1 0297393788 STIM_END_RESP_START
037 1 0297582472 LICK
037 1 0297582964 REWARD_START
037 1 0297726328 LICK
037 1 0297882456 LICK
037 1 0298010952 LICK
037 1 0298593812 RESP_END
037 1 0297595988 REWARD_END
038 0 0300893544 STIM_START
038 0 0301092372 LICK
038 0 0301255876 LICK
038 0 0304168932 STIM_END_RESP_START
038 0 0305195464 LICK
038 0 0305195948 TIMEOUT_START
038 0 0305350976 LICK
038 0 0305351460 TIMEOUT_START
038 0 0305368960 RESP_END
038 0 0312351964 TIMEOUT_END
039 1 0314187724 STIM_START
039 1 0317713160 STIM_END_RESP_START
039 1 0317894280 LICK
039 1 0317894772 REWARD_START
039 1 0318029344 LICK
039 1 0318182696 LICK
039 1 0318343780 LICK
039 1 0318913176 RESP_END
039 1 0317907788 REWARD_END
040 1 0321617896 STIM_START
040 1 0325143320 STIM_END_RESP_START
040 1 0325331328 LICK
040 1 0325331812 REWARD_START
040 1 0325485212 LICK
040 1 0325635412 LICK
040 1 0325789956 LICK
040 1 0326343344 RESP_END
040 1 0325344836 REWARD_END
041 1 0330017244 STIM_START
041 1 0333542668 STIM_END_RESP_START
041 1 0333716000 LICK
041 1 0333716492 REWARD_START
041 1 0333882544 LICK
041 1 0334038148 LICK
041 1 0334180908 LICK
041 1 0334742708 RESP_END
041 1 0333729508 REWARD_END
042 0 0336722372 STIM_START
042 0 0336737216 LICK
042 0 0340362040 LICK
042 0 0340508148 LICK
042 0 0340747824 STIM_END_RESP_START
042 0 0341408292 LICK
042 0 0341408780 TIMEOUT_START
042 0 0341551404 LICK
042 0 0341551888 TIMEOUT_START
042 0 0341736992 LICK
042 0 0341737480 TIMEOUT_START
042 0 0341947840 RESP_END
042 0 0348737976 TIMEOUT_END
043 0 0350574580 STIM_START
043 0 0354350016 STIM_END_RESP_START
043 0 0355550052 RESP_END
044 1 0357604720 STIM_START
044 1 0361630196 STIM_END_RESP_START
044 1 0362267384 LICK
044 1 0362267876 REWARD_START
044 1 0362427760 LICK
044 1 0362591200 LICK
044 1 0362743760 LICK
044 1 0362830244 RESP_END
044 1 0362280892 REWARD_END
045 1 0366962184 STIM_START
045 1 0370237568 STIM_END_RESP_START
045 1 0370388160 LICK
045 1 0370388644 REWARD_START
045 1 0370525480 LICK
045 1 0370674376 LICK
045 1 0370825728 LICK
045 1 0371437604 RESP_END
045 1 0370401668 REWARD_END
046 0 0375741648 STIM_START
046 0 0378227236 LICK
046 0 0378403140 LICK
046 0 0379267088 STIM_END_RESP_START
046 0 0379898936 LICK
046 0 0379899424 TIMEOUT_START
046 0 0380086752 LICK
046 0 0380087240 TIMEOUT_START
046 0 0380467108 RESP_END
046 0 0387087744 TIMEOUT_END
047 1 0388906744 STIM_START
047 1 0392932224 STIM_END_RESP_START
047 1 0393098868 LICK
047 1 0393099360 REWARD_START
047 1 0393246852 LICK
047 1 0393403644 LICK
047 1 0393551480 LICK
047 1 0394132236 RESP_END
047 1 0393112380 REWARD_END
048 0 0397832252 STIM_START
048 0 0401107624 STIM_END_RESP_START
048 0 0401964176 LICK
048 0 0401964660 TIMEOUT_START
048 0 0402307648 RESP_END
048 0 0408965168 TIMEOUT_END
049 1 0410825344 STIM_START
049 1 0414350768 STIM_END_RESP_START
049 1 0415190216 LICK
049 1 0415190700 REWARD_START
049 1 0415354104 LICK
049 1 0415541372 LICK
049 1 0415550784 RESP_END
049 1 0415203728 REWARD_END
050 0 0419607760 STIM_START
050 0 0423633244 STIM_END_RESP_START
050 0 0424833276 RESP_END
051 1 0426645984 STIM_START
051 1 0429921360 STIM_END_RESP_START
051 1 0430089176 LICK
051 1 0430089664 REWARD_START
051 1 0430229164 LICK
051 1 0430378812 LICK
051 1 0430535256 LICK
051 1 0431121380 RESP_END
051 1 0430102684 REWARD_END
052 0 0433820024 STIM_START
052 0 0437845500 STIM_END_RESP_START
052 0 0437876892 LICK
052 0 0437877376 TIMEOUT_START
052 0 0438026600 LICK
052 0 0438027084 TIMEOUT_START
052 0 0439045544 RESP_END
052 0 0445027596 TIMEOUT_END
053 0 0447234216 STIM_START
053 0 0451023580 LICK
053 0 0451259688 STIM_END_RESP_START
053 0 0451728440 LICK
053 0 0451728920 TIMEOUT_START
053 0 0451902180 LICK
053 0 0451902672 TIMEOUT_START
053 0 0452395388 LICK
053 0 0452395872 TIMEOUT_START
053 0 0452459720 RESP_END
053 0 0459396384 TIMEOUT_END
054 0 0461328460 STIM_START
054 0 0465353940 STIM_END_RESP_START
054 0 0466553976 RESP_END
055 1 0468430624 STIM_START
055 1 0471956048 STIM_END_RESP_START
055 1 0472163756 LICK
055 1 0472164240 REWARD_START
055 1 0472352596 LICK
055 1 0472511428 LICK
055 1 0472641224 LICK
055 1 0473156096 RESP_END
055 1 0472177264 REWARD_END
056 0 0477145024 STIM_START
056 0 0480371396 LICK
056 0 0480566140 LICK
056 0 0480920468 STIM_END_RESP_START
056 0 0481741064 LICK
056 0 0481741548 TIMEOUT_START
056 0 0481997876 LICK
056 0 0481998360 TIMEOUT_START
056 0 0482120496 RESP_END
056 0 0488998860 TIMEOUT_END
USER_EXIT