001 1 0005368668 STIM_START
001 1 0009144104 STIM_END_RESP_START
001 1 0010344140 RESP_END
002 1 0012600848 STIM_START
002 1 0016626344 STIM_END_RESP_START
002 1 0017826360 RESP_END
003 0 0019881064 STIM_START
003 0 0023156456 STIM_END_RESP_START
003 0 0024356472 RESP_END
004 1 0026095068 STIM_START
004 1 0029370468 STIM_END_RESP_START
004 1 0030570524 RESP_END
005 0 0032771172 STIM_START
005 0 0036546624 STIM_END_RESP_START
005 0 0037746668 RESP_END
006 1 0039676328 STIM_START
006 1 0039916968 LICK
006 1 0040298072 LICK
006 1 0040748380 LICK
006 1 0040911840 LICK
006 1 0041099300 LICK
006 1 0041592968 LICK
006 1 0041790836 LICK
006 1 0043201756 STIM_END_RESP_START
006 1 0043468476 LICK
006 1 0043468920 REWARD_START
006 1 0043863056 LICK
006 1 0044041972 LICK
006 1 0044181028 LICK
006 1 0044356620 LICK
006 1 0044401784 RESP_END
006 1 0043481888 REWARD_END
007 1 0048159652 STIM_START
007 1 0051777156 LICK
007 1 0051935112 STIM_END_RESP_START
007 1 0053135128 RESP_END
008 1 0055282836 STIM_START
008 1 0059308336 STIM_END_RESP_START
008 1 0060508352 RESP_END
009 0 0062543052 STIM_START
009 0 0066068500 STIM_END_RESP_START
009 0 0067268508 RESP_END
010 0 0069399168 STIM_START
010 0 0072924576 STIM_END_RESP_START
010 0 0074124592 RESP_END
011 0 0076059264 STIM_START
011 0 0080084764 STIM_END_RESP_START
011 0 0081284780 RESP_END
012 1 0083202412 STIM_START
012 1 0083885852 LICK
012 1 0084953252 LICK
012 1 0086727856 STIM_END_RESP_START
012 1 0087927872 RESP_END
013 1 0089863460 STIM_START
013 1 0093138856 STIM_END_RESP_START
013 1 0093305788 LICK
013 1 0093306232 REWARD_START
013 1 0093446132 LICK
013 1 0093618444 LICK
013 1 0094338904 RESP_END
013 1 0093319208 REWARD_END
014 1 0098311872 STIM_START
014 1 0098414716 LICK
014 1 0101587248 STIM_END_RESP_START
014 1 0102787280 RESP_END
015 0 0106174196 STIM_START
015 0 0107025008 LICK
015 0 0107186656 LICK
015 0 0109449588 STIM_END_RESP_START
015 0 0110649624 RESP_END
016 0 0112812280 STIM_START
016 0 0116587752 STIM_END_RESP_START
016 0 0117787784 RESP_END
017 0 0119519376 STIM_START
017 0 0123044796 STIM_END_RESP_START
017 0 0124244828 RESP_END
018 1 0126156424 STIM_START
018 1 0129431844 STIM_END_RESP_START
018 1 0129647520 LICK
018 1 0129648008 REWARD_START
018 1 0129795892 LICK
018 1 0130068308 LICK
018 1 0130230308 LICK
018 1 0130631880 RESP_END
018 1 0129661028 REWARD_END
019 1 0133375624 STIM_START
019 1 0134712748 LICK
019 1 0136901044 STIM_END_RESP_START
019 1 0138101072 RESP_END
020 1 0140232756 STIM_START
020 1 0143508132 STIM_END_RESP_START
020 1 0144034380 LICK
020 1 0144034868 REWARD_START
020 1 0144301368 LICK
020 1 0144559008 LICK
020 1 0144708180 RESP_END
020 1 0144047884 REWARD_END
021 0 0147175880 STIM_START
021 0 0151201356 STIM_END_RESP_START
021 0 0152401392 RESP_END
022 0 0154540020 STIM_START
022 0 0158065444 STIM_END_RESP_START
022 0 0159265480 RESP_END
023 0 0161087156 STIM_START
023 0 0164862624 STIM_END_RESP_START
023 0 0166062660 RESP_END
024 1 0168135292 STIM_START
024 1 0172160768 STIM_END_RESP_START
024 1 0172653328 LICK
024 1 0172653816 REWARD_START
024 1 0172801776 LICK
024 1 0173162044 LICK
024 1 0173294664 LICK
024 1 0173360788 RESP_END
024 1 0172666832 REWARD_END
025 0 0175271416 STIM_START
025 0 0175350812 LICK
025 0 0178546800 STIM_END_RESP_START
025 0 0179746832 RESP_END
026 0 0181724536 STIM_START
026 0 0185747788 LICK
026 0 0185750012 STIM_END_RESP_START
026 0 0186443344 LICK
026 0 0186443832 TIMEOUT_START
026 0 0186582852 LICK
026 0 0186583340 TIMEOUT_START
026 0 0186950032 RESP_END
026 0 0193583840 TIMEOUT_END
027 1 0195658764 STIM_START
027 1 0196766096 LICK
027 1 0196948908 LICK
027 1 0198406684 LICK
027 1 0198528948 LICK
027 1 0198965160 LICK
027 1 0199684252 STIM_END_RESP_START
027 1 0199777884 LICK
027 1 0199778376 REWARD_START
027 1 0200664348 LICK
027 1 0200803604 LICK
027 1 0200884288 RESP_END
027 1 0199791392 REWARD_END
028 0 0225827656 STIM_START
028 0 0229603096 STIM_END_RESP_START
028 0 0230803128 RESP_END
029 1 0232625776 STIM_START
029 1 0236651252 STIM_END_RESP_START
029 1 0237042464 LICK
029 1 0237042956 REWARD_START
029 1 0237205612 LICK
029 1 0237372472 LICK
029 1 0237514764 LICK
029 1 0237676584 LICK
029 1 0237851296 RESP_END
029 1 0237055972 REWARD_END
030 1 0246267976 STIM_START
030 1 0249740260 LICK
030 1 0249793396 STIM_END_RESP_START
030 1 0249920936 LICK
030 1 0249921420 REWARD_START
030 1 0250111912 LICK
030 1 0250277044 LICK
030 1 0250441764 LICK
030 1 0250993424 RESP_END
030 1 0249934444 REWARD_END
031 0 0253429108 STIM_START
031 0 0254859676 LICK
031 0 0254999776 LICK
031 0 0255198352 LICK
031 0 0257204560 STIM_END_RESP_START
031 0 0258404596 RESP_END
032 1 0260412264 STIM_START
032 1 0263937692 STIM_END_RESP_START
032 1 0264275136 LICK
032 1 0264275620 REWARD_START
032 1 0264456744 LICK
032 1 0264599412 LICK
032 1 0264746088 LICK
032 1 0264908284 LICK
032 1 0265137712 RESP_END
032 1 0264288640 REWARD_END
033 0 0270497940 STIM_START
033 0 0270541136 LICK
033 0 0273773348 STIM_END_RESP_START
033 0 0274973380 RESP_END
034 1 0276748976 STIM_START
034 1 0280024356 STIM_END_RESP_START
034 1 0280374592 LICK
034 1 0280375076 REWARD_START
034 1 0280545328 LICK
034 1 0280747712 LICK
034 1 0280854328 LICK
034 1 0281021804 LICK
034 1 0281224404 RESP_END
034 1 0280388096 REWARD_END
035 0 0283044960 STIM_START
035 0 0283131928 LICK
035 0 0287070424 STIM_END_RESP_START
035 0 0288270456 RESP_END
036 1 0290298136 STIM_START
036 1 0294073568 STIM_END_RESP_START
036 1 0294390892 LICK
036 1 0294391380 REWARD_START
036 1 0294591056 LICK
036 1 0294741068 LICK
036 1 0294902380 LICK
036 1 0295067640 LICK
036 1 0295273584 RESP_END
036 1 0294404404 REWARD_END
037 1 0298019416 STIM_START
037 1 0301794884 STIM_END_RESP_START
037 1 0301997596 LICK
037 1 0301998092 REWARD_START
037 1 0302141504 LICK
037 1 0302438576 LICK
037 1 0302994924 RESP_END
037 1 0302011108 REWARD_END
038 0 0305807668 STIM_START
038 0 0305975324 LICK
038 0 0306137104 LICK
038 0 0309333072 STIM_END_RESP_START
038 0 0310533100 RESP_END
039 1 0312597816 STIM_START
039 1 0315873228 STIM_END_RESP_START
039 1 0316277456 LICK
039 1 0316277948 REWARD_START
039 1 0316447724 LICK
039 1 0316596972 LICK
039 1 0316760548 LICK
039 1 0317073268 RESP_END
039 1 0316290964 REWARD_END
040 1 0320296052 STIM_START
040 1 0320350972 LICK
040 1 0324321552 STIM_END_RESP_START
040 1 0324512840 LICK
040 1 0324513324 REWARD_START
040 1 0324649540 LICK
040 1 0324825724 LICK
040 1 0325012128 LICK
040 1 0325521604 RESP_END
040 1 0324526344 REWARD_END
041 0 0328742456 STIM_START
041 0 0328757536 LICK
041 0 0332767948 STIM_END_RESP_START
041 0 0333366396 LICK
041 0 0333366880 TIMEOUT_START
041 0 0333589428 LICK
041 0 0333589920 TIMEOUT_START
041 0 0333967968 RESP_END
041 0 0340590424 TIMEOUT_END
042 1 0342490648 STIM_START
042 1 0346266116 STIM_END_RESP_START
042 1 0346665748 LICK
042 1 0346666236 REWARD_START
042 1 0346868544 LICK
042 1 0347072540 LICK
042 1 0347235956 LICK
042 1 0347410104 LICK
042 1 0347466136 RESP_END
042 1 0346679256 REWARD_END
043 0 0351185108 STIM_START
043 0 0355210588 STIM_END_RESP_START
043 0 0356410632 RESP_END
044 1 0359576424 STIM_START
044 1 0362851808 STIM_END_RESP_START
044 1 0363821020 LICK
044 1 0363821512 REWARD_START
044 1 0363950708 LICK
044 1 0364051820 RESP_END
044 1 0363834536 REWARD_END
045 1 0366854660 STIM_START
045 1 0370880140 STIM_END_RESP_START
045 1 0371198440 LICK
045 1 0371198928 REWARD_START
045 1 0371380872 LICK
045 1 0371546016 LICK
045 1 0371753936 LICK
045 1 0372080160 RESP_END
045 1 0371211952 REWARD_END
046 1 0373904792 STIM_START
046 1 0374094064 LICK
046 1 0377930248 STIM_END_RESP_START
046 1 0378352900 LICK
046 1 0378353388 REWARD_START
046 1 0378534908 LICK
046 1 0378694928 LICK
046 1 0379130268 RESP_END
046 1 0378366412 REWARD_END
047 0 0381133964 STIM_START
047 0 0381448232 LICK
047 0 0381624732 LICK
047 0 0384409360 STIM_END_RESP_START
047 0 0385609396 RESP_END
048 1 0387829032 STIM_START
048 1 0391354456 STIM_END_RESP_START
048 1 0391995884 LICK
048 1 0391996372 REWARD_START
048 1 0392166596 LICK
048 1 0392357792 LICK
048 1 0392554492 RESP_END
048 1 0392009396 REWARD_END
049 0 0394620136 STIM_START
049 0 0394892432 LICK
049 0 0398395596 STIM_END_RESP_START
049 0 0399595636 RESP_END
050 0 0401520308 STIM_START
050 0 0405295776 STIM_END_RESP_START
050 0 0406495812 RESP_END
051 1 0408679480 STIM_START
051 1 0412454908 STIM_END_RESP_START
051 1 0413584708 LICK
051 1 0413585192 REWARD_START
051 1 0413654940 RESP_END
051 1 0413598216 REWARD_END
052 1 0416113692 STIM_START
052 1 0416259752 LICK
052 1 0419639096 STIM_END_RESP_START
052 1 0419995452 LICK
052 1 0419995944 REWARD_START
052 1 0420191900 LICK
052 1 0420365436 LICK
052 1 0420558604 LICK
052 1 0420720972 LICK
052 1 0420839140 RESP_END
052 1 0420008960 REWARD_END
053 0 0423197820 STIM_START
053 0 0426723240 STIM_END_RESP_START
053 0 0427923272 RESP_END
054 0 0429722904 STIM_START
054 0 0432998280 STIM_END_RESP_START
054 0 0434198312 RESP_END
055 1 0436010952 STIM_START
055 1 0439536376 STIM_END_RESP_START
055 1 0439891048 LICK
055 1 0439891536 REWARD_START
055 1 0440055056 LICK
055 1 0440239696 LICK
055 1 0440397088 LICK
055 1 0440581284 LICK
055 1 0440736412 RESP_END
055 1 0439904560 REWARD_END
056 1 0442576996 STIM_START
056 1 0442907676 LICK
056 1 0446352432 STIM_END_RESP_START
056 1 0446670032 LICK
056 1 0446670520 REWARD_START
056 1 0446823652 LICK
056 1 0446983936 LICK
056 1 0447552460 RESP_END
056 1 0446683540 REWARD_END
057 1 0449433100 STIM_START
057 1 0449794844 LICK
057 1 0449962084 LICK
057 1 0453458572 STIM_END_RESP_START
057 1 0453656280 LICK
057 1 0453656772 REWARD_START
057 1 0453782792 LICK
057 1 0453956844 LICK
057 1 0454129716 LICK
057 1 0454658600 RESP_END
057 1 0453669788 REWARD_END
058 0 0456397248 STIM_START
058 0 0456409652 LICK
058 0 0459922652 STIM_END_RESP_START
058 0 0461122688 RESP_END
059 0 0463053312 STIM_START
059 0 0466328692 STIM_END_RESP_START
059 0 0467104132 LICK
059 0 0467104616 TIMEOUT_START
059 0 0467305012 LICK
059 0 0467305500 TIMEOUT_START
059 0 0467528736 RESP_END
059 0 0474306004 TIMEOUT_END
USER_EXIT