001 1 0008893148 STIM_START
001 1 0012668584 STIM_END_RESP_START
001 1 0013665656 LICK
001 1 0013666092 REWARD_START
001 1 0013868604 RESP_END
001 1 0013679064 REWARD_END
002 1 0016061340 STIM_START
002 1 0019336736 STIM_END_RESP_START
002 1 0020536752 RESP_END
003 0 0024532724 STIM_START
003 0 0026313060 LICK
003 0 0027405520 LICK
003 0 0028058132 STIM_END_RESP_START
003 0 0029258144 RESP_END
004 0 0031472904 STIM_START
004 0 0035498364 STIM_END_RESP_START
004 0 0036698380 RESP_END
005 1 0038508044 STIM_START
005 1 0041783444 STIM_END_RESP_START
005 1 0042983496 RESP_END
006 0 0046175296 STIM_START
006 0 0049700736 STIM_END_RESP_START
006 0 0050900752 RESP_END
007 0 0052912376 STIM_START
007 0 0056187772 STIM_END_RESP_START
007 0 0057387788 RESP_END
008 1 0059388424 STIM_START
008 1 0063163876 STIM_END_RESP_START
008 1 0063599868 LICK
008 1 0063600304 REWARD_START
008 1 0063759924 LICK
008 1 0063949908 LICK
008 1 0064112072 LICK
008 1 0064363924 RESP_END
008 1 0063613280 REWARD_END
009 0 0066949700 STIM_START
009 0 0070975200 STIM_END_RESP_START
009 0 0072175216 RESP_END
010 1 0074065864 STIM_START
010 1 0077341268 STIM_END_RESP_START
010 1 0078228788 LICK
010 1 0078229228 REWARD_START
010 1 0078424924 LICK
010 1 0078541308 RESP_END
010 1 0078242204 REWARD_END
011 1 0080894972 STIM_START
011 1 0084170376 STIM_END_RESP_START
011 1 0084869460 LICK
011 1 0084869896 REWARD_START
011 1 0085041116 LICK
011 1 0085100468 LICK
011 1 0085277000 LICK
011 1 0085370396 RESP_END
011 1 0084882868 REWARD_END
012 1 0087365072 STIM_START
012 1 0090890480 STIM_END_RESP_START
012 1 0091224416 LICK
012 1 0091224852 REWARD_START
012 1 0091405908 LICK
012 1 0091576088 LICK
012 1 0091757972 LICK
012 1 0092090520 RESP_END
012 1 0091237828 REWARD_END
013 0 0094018132 STIM_START
013 0 0094350092 LICK
013 0 0094503136 LICK
013 0 0097293548 STIM_END_RESP_START
013 0 0097615824 LICK
013 0 0097616264 TIMEOUT_START
013 0 0097880980 LICK
013 0 0097881424 TIMEOUT_START
013 0 0098064796 LICK
013 0 0098065232 TIMEOUT_START
013 0 0098136212 LICK
013 0 0098136652 TIMEOUT_START
013 0 0098318404 LICK
013 0 0098318840 TIMEOUT_START
013 0 0098493568 RESP_END
013 0 0105319300 TIMEOUT_END
014 0 0107446300 STIM_START
014 0 0108000516 LICK
014 0 0110721692 STIM_END_RESP_START
014 0 0111921724 RESP_END
015 0 0113682372 STIM_START
015 0 0117207796 STIM_END_RESP_START
015 0 0118407832 RESP_END
016 1 0120560476 STIM_START
016 1 0123835856 STIM_END_RESP_START
016 1 0125035892 RESP_END
017 0 0128120720 STIM_START
017 0 0131896192 STIM_END_RESP_START
017 0 0133096220 RESP_END
018 0 0135039880 STIM_START
018 0 0138315260 STIM_END_RESP_START
018 0 0139515296 RESP_END
019 0 0141263900 STIM_START
019 0 0144539316 STIM_END_RESP_START
019 0 0145739348 RESP_END
020 1 0147956956 STIM_START
020 1 0150609940 LICK
020 1 0151821992 LICK
020 1 0151982428 STIM_END_RESP_START
020 1 0152353796 LICK
020 1 0152354284 REWARD_START
020 1 0153182456 RESP_END
020 1 0152367288 REWARD_END
021 0 0155340164 STIM_START
021 0 0158865592 STIM_END_RESP_START
021 0 0160065624 RESP_END
022 0 0162036264 STIM_START
022 0 0164743072 LICK
022 0 0165562548 LICK
022 0 0165712348 LICK
022 0 0165811712 STIM_END_RESP_START
022 0 0166000572 LICK
022 0 0166001060 TIMEOUT_START
022 0 0166263760 LICK
022 0 0166264248 TIMEOUT_START
022 0 0166642648 LICK
022 0 0166643136 TIMEOUT_START
022 0 0166787840 LICK
022 0 0166788328 TIMEOUT_START
022 0 0167011736 RESP_END
022 0 0173788828 TIMEOUT_END
023 1 0175934488 STIM_START
023 1 0179209900 STIM_END_RESP_START
023 1 0180409932 RESP_END
024 0 0184202876 STIM_START
024 0 0188228352 STIM_END_RESP_START
024 0 0189428388 RESP_END
025 1 0191509056 STIM_START
025 1 0195534536 STIM_END_RESP_START
025 1 0196054408 LICK
025 1 0196054892 REWARD_START
025 1 0196272376 LICK
025 1 0196457392 LICK
025 1 0196734580 RESP_END
025 1 0196067912 REWARD_END
026 0 0198752252 STIM_START
026 0 0202277676 STIM_END_RESP_START
026 0 0203477708 RESP_END
027 1 0205536368 STIM_START
027 1 0209311840 STIM_END_RESP_START
027 1 0210511868 RESP_END
028 1 0212881540 STIM_START
028 1 0216156952 STIM_END_RESP_START
028 1 0217356988 RESP_END
029 1 0219512648 STIM_START
029 1 0223038076 STIM_END_RESP_START
029 1 0224238108 RESP_END
030 0 0226159732 STIM_START
030 0 0229435144 STIM_END_RESP_START
030 0 0230635176 RESP_END
031 1 0232446728 STIM_START
031 1 0236222164 STIM_END_RESP_START
031 1 0236704080 LICK
031 1 0236704564 REWARD_START
031 1 0236973060 LICK
031 1 0237126516 LICK
031 1 0237279416 LICK
031 1 0237422200 RESP_END
031 1 0236717588 REWARD_END
032 0 0239304848 STIM_START
032 0 0242345408 LICK
032 0 0242573548 LICK
032 0 0242814088 LICK
032 0 0243080300 STIM_END_RESP_START
032 0 0244280336 RESP_END
033 1 0246107980 STIM_START
033 1 0249883452 STIM_END_RESP_START
033 1 0250269096 LICK
033 1 0250269580 REWARD_START
033 1 0250478928 LICK
033 1 0250663708 LICK
033 1 0250806196 LICK
033 1 0251083500 RESP_END
033 1 0250282604 REWARD_END
034 1 0253698188 STIM_START
034 1 0257723668 STIM_END_RESP_START
034 1 0258269552 LICK
034 1 0258270036 REWARD_START
034 1 0258546752 LICK
034 1 0258732432 LICK
034 1 0258885836 LICK
034 1 0258923688 RESP_END
034 1 0258283056 REWARD_END
035 0 0260973360 STIM_START
035 0 0264498776 STIM_END_RESP_START
035 0 0265698808 RESP_END
036 0 0267630468 STIM_START
036 0 0271655948 STIM_END_RESP_START
036 0 0272855980 RESP_END
037 1 0274612628 STIM_START
037 1 0278138052 STIM_END_RESP_START
037 1 0279238888 LICK
037 1 0279239372 REWARD_START
037 1 0279338084 RESP_END
037 1 0279252396 REWARD_END
038 1 0281877796 STIM_START
038 1 0285903272 STIM_END_RESP_START
038 1 0287103308 RESP_END
039 0 0289600076 STIM_START
039 0 0293625548 STIM_END_RESP_START
039 0 0294825584 RESP_END
040 0 0296963236 STIM_START
040 0 0300988712 STIM_END_RESP_START
040 0 0302188748 RESP_END
041 1 0304294476 STIM_START
041 1 0307819900 STIM_END_RESP_START
041 1 0309019936 RESP_END
042 1 0312513808 STIM_START
042 1 0316289244 STIM_END_RESP_START
042 1 0317489280 RESP_END
043 1 0319484936 STIM_START
043 1 0319681212 LICK
043 1 0323010356 STIM_END_RESP_START
043 1 0323217732 LICK
043 1 0323218216 REWARD_START
043 1 0323468260 LICK
043 1 0323670592 LICK
043 1 0323845472 LICK
043 1 0324210400 RESP_END
043 1 0323231240 REWARD_END
044 0 0326099024 STIM_START
044 0 0326554216 LICK
044 0 0329874472 STIM_END_RESP_START
044 0 0331074500 RESP_END
045 1 0333227180 STIM_START
045 1 0336752600 STIM_END_RESP_START
045 1 0337867984 LICK
045 1 0337868472 REWARD_START
045 1 0337952644 RESP_END
045 1 0337881492 REWARD_END
046 0 0341564572 STIM_START
046 0 0345340004 STIM_END_RESP_START
046 0 0346540040 RESP_END
047 0 0348483712 STIM_START
047 0 0352259184 STIM_END_RESP_START
047 0 0353459216 RESP_END
048 0 0355577860 STIM_START
048 0 0359103280 STIM_END_RESP_START
048 0 0360303316 RESP_END
049 1 0362371956 STIM_START
049 1 0365647336 STIM_END_RESP_START
049 1 0366847364 RESP_END
050 1 0369658088 STIM_START
050 1 0372933464 STIM_END_RESP_START
050 1 0374133496 RESP_END
051 1 0377282360 STIM_START
051 1 0380557740 STIM_END_RESP_START
051 1 0381039704 LICK
051 1 0381040192 REWARD_START
051 1 0381195864 LICK
051 1 0381431784 LICK
051 1 0381576852 LICK
051 1 0381757772 RESP_END
051 1 0381053212 REWARD_END
052 0 0383546364 STIM_START
052 0 0386821744 STIM_END_RESP_START
052 0 0388021780 RESP_END
053 1 0389975432 STIM_START
053 1 0393250808 STIM_END_RESP_START
053 1 0394450840 RESP_END
054 0 0397065600 STIM_START
054 0 0400591024 STIM_END_RESP_START
054 0 0401791060 RESP_END
055 0 0403612680 STIM_START
055 0 0403914152 LICK
055 0 0406900404 LICK
055 0 0407388136 STIM_END_RESP_START
055 0 0408588172 RESP_END
056 1 0410505744 STIM_START
056 1 0414531220 STIM_END_RESP_START
056 1 0414633616 LICK
056 1 0414634108 REWARD_START
056 1 0414810572 LICK
056 1 0414994764 LICK
056 1 0415342832 LICK
056 1 0415530092 LICK
056 1 0415731260 RESP_END
056 1 0414647124 REWARD_END
057 1 0417986964 STIM_START
057 1 0421262344 STIM_END_RESP_START
057 1 0422226668 LICK
057 1 0422227160 REWARD_START
057 1 0422382032 LICK
057 1 0422462372 RESP_END
057 1 0422240176 REWARD_END
058 1 0425700208 STIM_START
058 1 0425780776 LICK
058 1 0428975620 STIM_END_RESP_START
058 1 0429437084 LICK
058 1 0429437572 REWARD_START
058 1 0429607568 LICK
058 1 0429798028 LICK
058 1 0429973768 LICK
058 1 0430175656 RESP_END
058 1 0429450596 REWARD_END
059 0 0432147244 STIM_START
059 0 0432434416 LICK
059 0 0435672668 STIM_END_RESP_START
059 0 0436872700 RESP_END
060 1 0438865364 STIM_START
060 1 0442890844 STIM_END_RESP_START
060 1 0443247992 LICK
060 1 0443248480 REWARD_START
060 1 0443424192 LICK
060 1 0443613292 LICK
060 1 0444090876 RESP_END
060 1 0443261500 REWARD_END
061 0 0446945692 STIM_START
061 0 0450221072 STIM_END_RESP_START
061 0 0451421104 RESP_END
USER_EXIT