001 1 0006796756 STIM_START
001 1 0010072140 STIM_END_RESP_START
001 1 0011272188 RESP_END
002 1 0013511872 STIM_START
002 1 0017537372 STIM_END_RESP_START
002 1 0018737384 RESP_END
003 1 0022748356 STIM_START
003 1 0022759524 LICK
003 1 0022967200 LICK
003 1 0026023732 STIM_END_RESP_START
003 1 0027223748 RESP_END
004 0 0029439488 STIM_START
004 0 0033464988 STIM_END_RESP_START
004 0 0034665004 RESP_END
005 1 0036466636 STIM_START
005 1 0039742036 STIM_END_RESP_START
005 1 0040942052 RESP_END
006 0 0043092788 STIM_START
006 0 0046368188 STIM_END_RESP_START
006 0 0047568204 RESP_END
007 0 0049628840 STIM_START
007 0 0050668564 LICK
007 0 0050868032 LICK
007 0 0052252924 LICK
007 0 0052436584 LICK
007 0 0053654320 STIM_END_RESP_START
007 0 0053928568 LICK
007 0 0053929012 TIMEOUT_START
007 0 0054105468 LICK
007 0 0054105904 TIMEOUT_START
007 0 0054854352 RESP_END
007 0 0061106356 TIMEOUT_END
008 1 0063126076 STIM_START
008 1 0065493464 LICK
008 1 0065638032 LICK
008 1 0066901552 STIM_END_RESP_START
008 1 0067089012 LICK
008 1 0067089456 REWARD_START
008 1 0067267044 LICK
008 1 0067448704 LICK
008 1 0067744568 LICK
008 1 0068101588 RESP_END
008 1 0067102424 REWARD_END
009 1 0071896504 STIM_START
009 1 0075171904 STIM_END_RESP_START
009 1 0075744120 LICK
009 1 0075744564 REWARD_START
009 1 0075896228 LICK
009 1 0076185900 LICK
009 1 0076340188 LICK
009 1 0076371920 RESP_END
009 1 0075757536 REWARD_END
010 1 0081283008 STIM_START
010 1 0084808460 STIM_END_RESP_START
010 1 0084933536 LICK
010 1 0084933980 REWARD_START
010 1 0085084960 LICK
010 1 0085238008 LICK
010 1 0085371136 LICK
010 1 0086008484 RESP_END
010 1 0084946956 REWARD_END
011 0 0089946492 STIM_START
011 0 0093630112 LICK
011 0 0093721972 STIM_END_RESP_START
011 0 0093804336 LICK
011 0 0093804776 TIMEOUT_START
011 0 0094910800 LICK
011 0 0094911240 TIMEOUT_START
011 0 0094921996 RESP_END
011 0 0101911704 TIMEOUT_END
012 0 0104131844 STIM_START
012 0 0107437152 LICK
012 0 0107592508 LICK
012 0 0108157324 STIM_END_RESP_START
012 0 0108350976 LICK
012 0 0108351460 TIMEOUT_START
012 0 0108548396 LICK
012 0 0108548876 TIMEOUT_START
012 0 0109357348 RESP_END
012 0 0115549372 TIMEOUT_END
013 0 0117498996 STIM_START
013 0 0121024416 STIM_END_RESP_START
013 0 0121688104 LICK
013 0 0121688588 TIMEOUT_START
013 0 0121862324 LICK
013 0 0121862808 TIMEOUT_START
013 0 0122224444 RESP_END
013 0 0128863316 TIMEOUT_END
014 1 0131012272 STIM_START
014 1 0134537700 STIM_END_RESP_START
014 1 0135737732 RESP_END
015 1 0138214432 STIM_START
015 1 0142239908 STIM_END_RESP_START
015 1 0142451908 LICK
015 1 0142452392 REWARD_START
015 1 0142611816 LICK
015 1 0143179556 LICK
015 1 0143439944 RESP_END
015 1 0142465416 REWARD_END
016 1 0145616692 STIM_START
016 1 0149392164 STIM_END_RESP_START
016 1 0149508584 LICK
016 1 0149509068 REWARD_START
016 1 0149678988 LICK
016 1 0149826304 LICK
016 1 0149961320 LICK
016 1 0150592180 RESP_END
016 1 0149522088 REWARD_END
017 0 0153542972 STIM_START
017 0 0157005088 LICK
017 0 0157068416 STIM_END_RESP_START
017 0 0157141060 LICK
017 0 0157141544 TIMEOUT_START
017 0 0157322972 LICK
017 0 0157323464 TIMEOUT_START
017 0 0158268456 RESP_END
017 0 0164323964 TIMEOUT_END
018 1 0166271128 STIM_START
018 1 0169406104 LICK
018 1 0169546516 STIM_END_RESP_START
018 1 0169573100 LICK
018 1 0169573592 REWARD_START
018 1 0169783108 LICK
018 1 0169950216 LICK
018 1 0170205236 LICK
018 1 0170382856 LICK
018 1 0170746536 RESP_END
018 1 0169586608 REWARD_END
019 0 0172510180 STIM_START
019 0 0172642944 LICK
019 0 0175639640 LICK
019 0 0175735016 LICK
019 0 0175887616 LICK
019 0 0176035624 STIM_END_RESP_START
019 0 0176764204 LICK
019 0 0176764684 TIMEOUT_START
019 0 0176904160 LICK
019 0 0176904648 TIMEOUT_START
019 0 0177041676 LICK
019 0 0177042160 TIMEOUT_START
019 0 0177235636 RESP_END
019 0 0184042668 TIMEOUT_END
020 1 0186251436 STIM_START
020 1 0190135080 LICK
020 1 0190276920 STIM_END_RESP_START
020 1 0190283252 LICK
020 1 0190283736 REWARD_START
020 1 0190450504 LICK
020 1 0190620380 LICK
020 1 0190891640 LICK
020 1 0191476960 RESP_END
020 1 0190296768 REWARD_END
021 0 0193641628 STIM_START
021 0 0197167044 STIM_END_RESP_START
021 0 0197416060 LICK
021 0 0197416544 TIMEOUT_START
021 0 0197584300 LICK
021 0 0197584784 TIMEOUT_START
021 0 0198367088 RESP_END
021 0 0204585292 TIMEOUT_END
022 1 0206556780 STIM_START
022 1 0207365788 LICK
022 1 0207501836 LICK
022 1 0207676324 LICK
022 1 0209554488 LICK
022 1 0210332236 STIM_END_RESP_START
022 1 0210412664 LICK
022 1 0210413144 REWARD_START
022 1 0210580084 LICK
022 1 0210754660 LICK
022 1 0210929076 LICK
022 1 0211188372 LICK
022 1 0211532272 RESP_END
022 1 0210426164 REWARD_END
023 1 0215997292 STIM_START
023 1 0219272708 STIM_END_RESP_START
023 1 0219532008 LICK
023 1 0219532500 REWARD_START
023 1 0219688472 LICK
023 1 0219832032 LICK
023 1 0219981548 LICK
023 1 0220472736 RESP_END
023 1 0219545516 REWARD_END
024 1 0223398564 STIM_START
024 1 0226430148 LICK
024 1 0226589356 LICK
024 1 0226768276 LICK
024 1 0226923972 STIM_END_RESP_START
024 1 0227187916 LICK
024 1 0227188404 REWARD_START
024 1 0227334504 LICK
024 1 0227506740 LICK
024 1 0228124012 RESP_END
024 1 0227201428 REWARD_END
025 0 0232607044 STIM_START
025 0 0235920676 LICK
025 0 0236051380 LICK
025 0 0236132496 STIM_END_RESP_START
025 0 0236228328 LICK
025 0 0236228816 TIMEOUT_START
025 0 0237332540 RESP_END
025 0 0243229316 TIMEOUT_END
026 1 0245243172 STIM_START
026 1 0248518584 STIM_END_RESP_START
026 1 0249347296 LICK
026 1 0249347780 REWARD_START
026 1 0249495784 LICK
026 1 0249718604 RESP_END
026 1 0249360804 REWARD_END
027 1 0263148080 STIM_START
027 1 0266423504 STIM_END_RESP_START
027 1 0266610980 LICK
027 1 0266611464 REWARD_START
027 1 0266794624 LICK
027 1 0266987068 LICK
027 1 0267129824 LICK
027 1 0267623536 RESP_END
027 1 0266624484 REWARD_END
028 0 0270585304 STIM_START
028 0 0274222636 LICK
028 0 0274402112 LICK
028 0 0274610788 STIM_END_RESP_START
028 0 0275810824 RESP_END
029 0 0277965516 STIM_START
029 0 0277976100 LICK
029 0 0278262580 LICK
029 0 0281490952 STIM_END_RESP_START
029 0 0281647820 LICK
029 0 0281648312 TIMEOUT_START
029 0 0281774192 LICK
029 0 0281774676 TIMEOUT_START
029 0 0281969284 LICK
029 0 0281969772 TIMEOUT_START
029 0 0282691000 RESP_END
029 0 0288970272 TIMEOUT_END
030 1 0290899684 STIM_START
030 1 0291861976 LICK
030 1 0292002764 LICK
030 1 0292776224 LICK
030 1 0293667164 LICK
030 1 0293810916 LICK
030 1 0294175064 STIM_END_RESP_START
030 1 0294321188 LICK
030 1 0294321676 REWARD_START
030 1 0294478808 LICK
030 1 0294644088 LICK
030 1 0294822620 LICK
030 1 0295375108 RESP_END
030 1 0294334680 REWARD_END
031 0 0298064888 STIM_START
031 0 0301369392 LICK
031 0 0301511436 LICK
031 0 0302090376 STIM_END_RESP_START
031 0 0302265376 LICK
031 0 0302265860 TIMEOUT_START
031 0 0302427816 LICK
031 0 0302428308 TIMEOUT_START
031 0 0303290412 RESP_END
031 0 0309428804 TIMEOUT_END
032 0 0311257080 STIM_START
032 0 0314148336 LICK
032 0 0314302276 LICK
032 0 0314473208 LICK
032 0 0315032524 STIM_END_RESP_START
032 0 0315294280 LICK
032 0 0315294772 TIMEOUT_START
032 0 0316232552 RESP_END
032 0 0322295264 TIMEOUT_END
033 0 0324127176 STIM_START
033 0 0327416304 LICK
033 0 0327544724 LICK
033 0 0327652596 STIM_END_RESP_START
033 0 0327735236 LICK
033 0 0327735724 TIMEOUT_START
033 0 0328852612 RESP_END
033 0 0334736224 TIMEOUT_END
034 1 0336449252 STIM_START
034 1 0339974676 STIM_END_RESP_START
034 1 0340194712 LICK
034 1 0340195196 REWARD_START
034 1 0340424264 LICK
034 1 0340581204 LICK
034 1 0340806152 LICK
034 1 0341174700 RESP_END
034 1 0340208220 REWARD_END
035 0 0343250328 STIM_START
035 0 0346864548 LICK
035 0 0347006780 LICK
035 0 0347275804 STIM_END_RESP_START
035 0 0347726236 LICK
035 0 0347726720 TIMEOUT_START
035 0 0348475820 RESP_END
035 0 0354727220 TIMEOUT_END
036 0 0356631536 STIM_START
036 0 0360156964 STIM_END_RESP_START
036 0 0361356996 RESP_END
037 1 0363105636 STIM_START
037 1 0366631064 STIM_END_RESP_START
037 1 0367831100 RESP_END
038 0 0369678736 STIM_START
038 0 0373704212 STIM_END_RESP_START
038 0 0374904244 RESP_END
039 0 0376719884 STIM_START
039 0 0379995304 STIM_END_RESP_START
039 0 0381195340 RESP_END
040 1 0383336988 STIM_START
040 1 0386862416 STIM_END_RESP_START
040 1 0388062452 RESP_END
041 0 0390186128 STIM_START
041 0 0394211604 STIM_END_RESP_START
041 0 0395411640 RESP_END
042 0 0397320296 STIM_START
042 0 0400595708 STIM_END_RESP_START
042 0 0401795740 RESP_END
043 0 0403796460 STIM_START
043 0 0407321888 STIM_END_RESP_START
043 0 0408521920 RESP_END
044 1 0410409508 STIM_START
044 1 0413934932 STIM_END_RESP_START
044 1 0415134968 RESP_END
045 0 0417309632 STIM_START
045 0 0420835060 STIM_END_RESP_START
045 0 0422035092 RESP_END
046 1 0423920728 STIM_START
046 1 0427446148 STIM_END_RESP_START
046 1 0428646180 RESP_END
047 1 0430588832 STIM_START
047 1 0434114256 STIM_END_RESP_START
047 1 0435314292 RESP_END
048 1 0438868176 STIM_START
048 1 0442143588 STIM_END_RESP_START
048 1 0442324628 LICK
048 1 0442325120 REWARD_START
048 1 0442452720 LICK
048 1 0442619556 LICK
048 1 0442810440 LICK
048 1 0442940516 LICK
048 1 0443057140 LICK
048 1 0443343632 RESP_END
048 1 0442338136 REWARD_END
049 0 0454030740 STIM_START
049 0 0458056216 STIM_END_RESP_START
049 0 0459256252 RESP_END
050 0 0461369924 STIM_START
050 0 0465145396 STIM_END_RESP_START
050 0 0466345432 RESP_END
051 1 0468065988 STIM_START
051 1 0471591412 STIM_END_RESP_START
051 1 0471796340 LICK
051 1 0471796836 REWARD_START
051 1 0471931924 LICK
051 1 0472057888 LICK
051 1 0472231440 LICK
051 1 0472791456 RESP_END
051 1 0471809852 REWARD_END
052 1 0474583104 STIM_START
052 1 0477858516 STIM_END_RESP_START
052 1 0478018136 LICK
052 1 0478018628 REWARD_START
052 1 0478149872 LICK
052 1 0478305300 LICK
052 1 0478487816 LICK
052 1 0478816316 LICK
052 1 0478939212 LICK
052 1 0479058548 RESP_END
052 1 0478031648 REWARD_END
053 0 0483418540 STIM_START
053 0 0486693960 STIM_END_RESP_START
053 0 0487342904 LICK
053 0 0487343396 TIMEOUT_START
053 0 0487454260 LICK
053 0 0487454752 TIMEOUT_START
053 0 0487657212 LICK
053 0 0487657704 TIMEOUT_START
053 0 0487805544 LICK
053 0 0487806036 TIMEOUT_START
053 0 0487893984 RESP_END
053 0 0494806536 TIMEOUT_END
054 0 0497014824 STIM_START
054 0 0500584056 LICK
054 0 0500739104 LICK
054 0 0500907184 LICK
054 0 0501040300 STIM_END_RESP_START
054 0 0501111704 LICK
054 0 0501112196 TIMEOUT_START
054 0 0502240324 RESP_END
054 0 0508112700 TIMEOUT_END
055 1 0509957984 STIM_START
055 1 0513983464 STIM_END_RESP_START
055 1 0514136212 LICK
055 1 0514136696 REWARD_START
055 1 0514280692 LICK
055 1 0514389828 LICK
055 1 0514513180 LICK
055 1 0514621272 LICK
055 1 0514779408 LICK
055 1 0515183484 RESP_END
055 1 0514149720 REWARD_END
056 0 0517805260 STIM_START
056 0 0521150840 LICK
056 0 0521299968 LICK
056 0 0521330708 STIM_END_RESP_START
056 0 0521446324 LICK
056 0 0521446816 TIMEOUT_START
056 0 0522146228 LICK
056 0 0522146712 TIMEOUT_START
056 0 0522530732 RESP_END
056 0 0529147232 TIMEOUT_END
057 0 0531293504 STIM_START
057 0 0535068968 STIM_END_RESP_START
057 0 0535079728 LICK
057 0 0535080216 TIMEOUT_START
057 0 0535211256 LICK
057 0 0535211740 TIMEOUT_START
057 0 0535395400 LICK
057 0 0535395884 TIMEOUT_START
057 0 0536269008 RESP_END
057 0 0542396380 TIMEOUT_END
058 0 0544369660 STIM_START
058 0 0546225160 LICK
058 0 0546379976 LICK
058 0 0546533384 LICK
058 0 0546696468 LICK
058 0 0547287088 LICK
058 0 0547466436 LICK
058 0 0547895068 STIM_END_RESP_START
058 0 0548096400 LICK
058 0 0548096884 TIMEOUT_START
058 0 0548301404 LICK
058 0 0548301896 TIMEOUT_START
058 0 0548436268 LICK
058 0 0548436752 TIMEOUT_START
058 0 0549095116 RESP_END
058 0 0555437260 TIMEOUT_END
059 1 0557398848 STIM_START
059 1 0560674268 STIM_END_RESP_START
059 1 0561011752 LICK
059 1 0561012236 REWARD_START
059 1 0561169124 LICK
059 1 0561798076 LICK
059 1 0561874316 RESP_END
059 1 0561025260 REWARD_END
060 1 0563866900 STIM_START
060 1 0567642372 STIM_END_RESP_START
060 1 0567805868 LICK
060 1 0567806360 REWARD_START
060 1 0567942484 LICK
060 1 0568148100 LICK
060 1 0568842412 RESP_END
060 1 0567819384 REWARD_END
061 1 0571068080 STIM_START
061 1 0572355440 LICK
061 1 0572428732 LICK
061 1 0572659896 LICK
061 1 0575093556 STIM_END_RESP_START
061 1 0576293588 RESP_END
062 0 0600105744 STIM_START
062 0 0603381132 STIM_END_RESP_START
062 0 0604142312 LICK
062 0 0604142804 TIMEOUT_START
062 0 0604581160 RESP_END
062 0 0611143304 TIMEOUT_END
063 1 0613140960 STIM_START
063 1 0616416380 STIM_END_RESP_START
063 1 0616578772 LICK
063 1 0616579264 REWARD_START
063 1 0616710440 LICK
063 1 0616895692 LICK
063 1 0617565296 LICK
063 1 0617616436 RESP_END
063 1 0616592280 REWARD_END
064 0 0624741832 STIM_START
064 0 0628035400 LICK
064 0 0628172824 LICK
064 0 0628713008 LICK
064 0 0628767324 STIM_END_RESP_START
064 0 0628921264 LICK
064 0 0628921756 TIMEOUT_START
064 0 0629967372 RESP_END
064 0 0635922256 TIMEOUT_END
065 1 0637703020 STIM_START
065 1 0640953972 LICK
065 1 0641119344 LICK
065 1 0641228468 STIM_END_RESP_START
065 1 0641371616 LICK
065 1 0641372104 REWARD_START
065 1 0641564872 LICK
065 1 0641723664 LICK
065 1 0641940308 LICK
065 1 0642076408 LICK
065 1 0642216144 LICK
065 1 0642428504 RESP_END
065 1 0641385128 REWARD_END
066 1 0648540768 STIM_START
066 1 0652203092 LICK
066 1 0652316216 STIM_END_RESP_START
066 1 0652347472 LICK
066 1 0652347960 REWARD_START
066 1 0652516264 LICK
066 1 0652646000 LICK
066 1 0652767560 LICK
066 1 0652907060 LICK
066 1 0653516232 RESP_END
066 1 0652360984 REWARD_END
067 1 0658102344 STIM_START
067 1 0661627764 STIM_END_RESP_START
067 1 0661713644 LICK
067 1 0661714136 REWARD_START
067 1 0661843212 LICK
067 1 0661989792 LICK
067 1 0662110460 LICK
067 1 0662239056 LICK
067 1 0662391708 LICK
067 1 0662827800 RESP_END
067 1 0661727152 REWARD_END
068 0 0668162056 STIM_START
068 0 0668356168 LICK
068 0 0668504520 LICK
068 0 0671937492 STIM_END_RESP_START
068 0 0671997912 LICK
068 0 0671998404 TIMEOUT_START
068 0 0672136176 LICK
068 0 0672136664 TIMEOUT_START
068 0 0672337816 LICK
068 0 0672338304 TIMEOUT_START
068 0 0673137524 RESP_END
068 0 0679338804 TIMEOUT_END
069 0 0681552220 STIM_START
069 0 0684922916 LICK
069 0 0685061596 LICK
069 0 0685077640 STIM_END_RESP_START
069 0 0685647352 LICK
069 0 0685647836 TIMEOUT_START
069 0 0685828996 LICK
069 0 0685829488 TIMEOUT_START
069 0 0686277668 RESP_END
069 0 0692829988 TIMEOUT_END
070 1 0695022420 STIM_START
070 1 0697554808 LICK
070 1 0697701044 LICK
070 1 0697940568 LICK
070 1 0698319936 LICK
070 1 0698482864 LICK
070 1 0698797864 STIM_END_RESP_START
070 1 0698931724 LICK
070 1 0698932208 REWARD_START
070 1 0699094388 LICK
070 1 0699250748 LICK
070 1 0699359532 LICK
070 1 0699494612 LICK
070 1 0699587284 LICK
070 1 0699708388 LICK
070 1 0699997904 RESP_END
070 1 0698945228 REWARD_END
071 1 0702383668 STIM_START
071 1 0702625832 LICK
071 1 0702811744 LICK
071 1 0705659056 STIM_END_RESP_START
071 1 0705750824 LICK
071 1 0705751316 REWARD_START
071 1 0705849284 LICK
071 1 0706019592 LICK
071 1 0706195596 LICK
071 1 0706312784 LICK
071 1 0706429040 LICK
071 1 0706859088 RESP_END
071 1 0705764332 REWARD_END
072 1 0708692668 STIM_START
072 1 0708881816 LICK
072 1 0709010048 LICK
072 1 0709517480 LICK
072 1 0709686072 LICK
072 1 0709815528 LICK
072 1 0710568488 LICK
072 1 0710728036 LICK
072 1 0711441496 LICK
072 1 0711589992 LICK
072 1 0711799888 LICK
072 1 0712361524 LICK
072 1 0712468136 STIM_END_RESP_START
072 1 0712519156 LICK
072 1 0712519644 REWARD_START
072 1 0712677212 LICK
072 1 0712825888 LICK
072 1 0712960164 LICK
072 1 0713098920 LICK
072 1 0713668176 RESP_END
072 1 0712532672 REWARD_END
073 0 0716042920 STIM_START
073 0 0719818388 STIM_END_RESP_START
073 0 0719958640 LICK
073 0 0719959132 TIMEOUT_START
073 0 0720071232 LICK
073 0 0720071724 TIMEOUT_START
073 0 0721018404 RESP_END
073 0 0727072232 TIMEOUT_END
074 0 0728964036 STIM_START
074 0 0731293204 LICK
074 0 0732020584 LICK
074 0 0732150132 LICK
074 0 0732239460 STIM_END_RESP_START
074 0 0732328024 LICK
074 0 0732328508 TIMEOUT_START
074 0 0732516308 LICK
074 0 0732516800 TIMEOUT_START
074 0 0732960964 LICK
074 0 0732961448 TIMEOUT_START
074 0 0733136548 LICK
074 0 0733137040 TIMEOUT_START
074 0 0733439488 RESP_END
074 0 0740137552 TIMEOUT_END
075 1 0742367284 STIM_START
075 1 0746021324 LICK
075 1 0746142756 STIM_END_RESP_START
075 1 0746167724 LICK
075 1 0746168212 REWARD_START
075 1 0746301856 LICK
075 1 0746469392 LICK
075 1 0747230272 LICK
075 1 0747342784 RESP_END
075 1 0746181236 REWARD_END
076 1 0749646448 STIM_START
076 1 0753671924 STIM_END_RESP_START
076 1 0753863860 LICK
076 1 0753864344 REWARD_START
076 1 0754033924 LICK
076 1 0754191572 LICK
076 1 0754871948 RESP_END
076 1 0753877368 REWARD_END
077 1 0765042032 STIM_START
077 1 0767257252 LICK
077 1 0767388048 LICK
077 1 0768040868 LICK
077 1 0768194040 LICK
077 1 0768352220 LICK
077 1 0768567452 STIM_END_RESP_START
077 1 0768586424 LICK
077 1 0768586916 REWARD_START
077 1 0768801900 LICK
077 1 0768915456 LICK
077 1 0769043860 LICK
077 1 0769156632 LICK
077 1 0769767472 RESP_END
077 1 0768599932 REWARD_END
078 0 0772728264 STIM_START
078 0 0773032744 LICK
078 0 0773190600 LICK
078 0 0774257016 LICK
078 0 0774401016 LICK
078 0 0774544720 LICK
078 0 0774778608 LICK
078 0 0774951240 LICK
078 0 0775156256 LICK
078 0 0775769200 LICK
078 0 0775927788 LICK
078 0 0776469616 LICK
078 0 0776753736 STIM_END_RESP_START
078 0 0776977880 LICK
078 0 0776978364 TIMEOUT_START
078 0 0777523972 LICK
078 0 0777524464 TIMEOUT_START
078 0 0777706744 LICK
078 0 0777707232 TIMEOUT_START
078 0 0777949160 LICK
078 0 0777949652 TIMEOUT_START
078 0 0777953784 RESP_END
078 0 0784950160 TIMEOUT_END
079 1 0788180844 STIM_START
079 1 0790688452 LICK
079 1 0790835160 LICK
079 1 0791001560 LICK
079 1 0791939396 LICK
079 1 0791956304 STIM_END_RESP_START
079 1 0792073220 LICK
079 1 0792073708 REWARD_START
079 1 0792210000 LICK
079 1 0792364344 LICK
079 1 0792497448 LICK
079 1 0792596772 LICK
079 1 0793156356 RESP_END
079 1 0792086732 REWARD_END
080 0 0796276176 STIM_START
080 0 0796449832 LICK
080 0 0796581876 LICK
080 0 0798726532 LICK
080 0 0798860564 LICK
080 0 0799046384 LICK
080 0 0799225632 LICK
080 0 0799498312 LICK
080 0 0799551584 STIM_END_RESP_START
080 0 0800221464 LICK
080 0 0800221948 TIMEOUT_START
080 0 0800358476 LICK
080 0 0800358956 TIMEOUT_START
080 0 0800528928 LICK
080 0 0800529420 TIMEOUT_START
080 0 0800751624 RESP_END
080 0 0807529920 TIMEOUT_END
081 0 0811338700 STIM_START
081 0 0814278872 LICK
081 0 0814437436 LICK
081 0 0815364208 STIM_END_RESP_START
081 0 0816564244 RESP_END
082 1 0818636844 STIM_START
082 1 0821846776 LICK
082 1 0821912240 STIM_END_RESP_START
082 1 0821978008 LICK
082 1 0821978500 REWARD_START
082 1 0822174820 LICK
082 1 0822297832 LICK
082 1 0822436576 LICK
082 1 0822564768 LICK
082 1 0823112264 RESP_END
082 1 0821991504 REWARD_END
083 1 0826534168 STIM_START
083 1 0826643228 LICK
083 1 0826762440 LICK
083 1 0827652476 LICK
083 1 0827925536 LICK
083 1 0828131900 LICK
083 1 0828326552 LICK
083 1 0829250228 LICK
083 1 0829397184 LICK
083 1 0829626980 LICK
083 1 0830079120 LICK
083 1 0830237688 LICK
083 1 0830559660 STIM_END_RESP_START
083 1 0830703112 LICK
083 1 0830703600 REWARD_START
083 1 0830844124 LICK
083 1 0831014296 LICK
083 1 0831149116 LICK
083 1 0831257752 LICK
083 1 0831759700 RESP_END
083 1 0830716624 REWARD_END
084 1 0833820380 STIM_START
084 1 0833833936 LICK
084 1 0833996848 LICK
084 1 0834760052 LICK
084 1 0836857692 LICK
084 1 0836993776 LICK
084 1 0837595824 STIM_END_RESP_START
084 1 0837711608 LICK
084 1 0837712100 REWARD_START
084 1 0837891600 LICK
084 1 0837996848 LICK
084 1 0838122956 LICK
084 1 0838263568 LICK
084 1 0838417312 LICK
084 1 0838795864 RESP_END
084 1 0837725116 REWARD_END
085 0 0841486688 STIM_START
085 0 0845012112 STIM_END_RESP_START
085 0 0845629952 LICK
085 0 0845630436 TIMEOUT_START
085 0 0845748352 LICK
085 0 0845748836 TIMEOUT_START
085 0 0846212152 RESP_END
085 0 0852749336 TIMEOUT_END
086 1 0854741832 STIM_START
086 1 0857363692 LICK
086 1 0857487520 LICK
086 1 0858017212 STIM_END_RESP_START
086 1 0858096148 LICK
086 1 0858096632 REWARD_START
086 1 0858223912 LICK
086 1 0858378168 LICK
086 1 0859217256 RESP_END
086 1 0858109656 REWARD_END
087 1 0861270908 STIM_START
087 1 0864546328 STIM_END_RESP_START
087 1 0864651952 LICK
087 1 0864652444 REWARD_START
087 1 0864762344 LICK
087 1 0865746372 RESP_END
087 1 0864665460 REWARD_END
088 1 0867891980 STIM_START
088 1 0871366572 LICK
088 1 0871514852 LICK
088 1 0871917464 STIM_END_RESP_START
088 1 0872037224 LICK
088 1 0872037712 REWARD_START
088 1 0872177392 LICK
088 1 0872538068 LICK
088 1 0872848796 LICK
088 1 0872992376 LICK
088 1 0873106412 LICK
088 1 0873117484 RESP_END
088 1 0872050736 REWARD_END
089 0 0878962844 STIM_START
089 0 0882160220 LICK
089 0 0882238228 STIM_END_RESP_START
089 0 0882285448 LICK
089 0 0882285940 TIMEOUT_START
089 0 0882447524 LICK
089 0 0882448008 TIMEOUT_START
089 0 0882624040 LICK
089 0 0882624532 TIMEOUT_START
089 0 0883191396 LICK
089 0 0883191888 TIMEOUT_START
089 0 0883338680 LICK
089 0 0883339164 TIMEOUT_START
089 0 0883438264 RESP_END
089 0 0890339676 TIMEOUT_END
090 1 0892088032 STIM_START
090 1 0895310172 LICK
090 1 0895363432 STIM_END_RESP_START
090 1 0895422196 LICK
090 1 0895422688 REWARD_START
090 1 0895574592 LICK
090 1 0895750540 LICK
090 1 0895847880 LICK
090 1 0895987128 LICK
090 1 0896111572 LICK
090 1 0896533016 LICK
090 1 0896563448 RESP_END
090 1 0895435708 REWARD_END
091 0 0899992312 STIM_START
091 0 0903120048 LICK
091 0 0903242612 LICK
091 0 0903267728 STIM_END_RESP_START
091 0 0903397064 LICK
091 0 0903397556 TIMEOUT_START
091 0 0903984752 LICK
091 0 0903985244 TIMEOUT_START
091 0 0904157768 LICK
091 0 0904158260 TIMEOUT_START
091 0 0904467772 RESP_END
091 0 0911158764 TIMEOUT_END
092 0 0913333544 STIM_START
092 0 0913824792 LICK
092 0 0913939348 LICK
092 0 0914646940 LICK
092 0 0914791220 LICK
092 0 0915673376 LICK
092 0 0915828200 LICK
092 0 0916512024 LICK
092 0 0916652228 LICK
092 0 0916825188 LICK
092 0 0917109024 STIM_END_RESP_START
092 0 0917319440 LICK
092 0 0917319932 TIMEOUT_START
092 0 0917482684 LICK
092 0 0917483172 TIMEOUT_START
092 0 0918254036 LICK
092 0 0918254524 TIMEOUT_START
092 0 0918309036 RESP_END
092 0 0925255028 TIMEOUT_END
093 0 0927064780 STIM_START
093 0 0928061596 LICK
093 0 0928257276 LICK
093 0 0928450744 LICK
093 0 0928991000 LICK
093 0 0929192260 LICK
093 0 0929776824 LICK
093 0 0929914588 LICK
093 0 0930088020 LICK
093 0 0930590208 STIM_END_RESP_START
093 0 0930610728 LICK
093 0 0930611220 TIMEOUT_START
093 0 0930755580 LICK
093 0 0930756072 TIMEOUT_START
093 0 0931484820 LICK
093 0 0931485308 TIMEOUT_START
093 0 0931651332 LICK
093 0 0931651824 TIMEOUT_START
093 0 0931790236 RESP_END
093 0 0938652324 TIMEOUT_END
094 1 0940507992 STIM_START
094 1 0943222272 LICK
094 1 0943829912 LICK
094 1 0943973124 LICK
094 1 0944489668 LICK
094 1 0944533476 STIM_END_RESP_START
094 1 0944659036 LICK
094 1 0944659528 REWARD_START
094 1 0944821808 LICK
094 1 0945518316 LICK
094 1 0945710808 LICK
094 1 0945733524 RESP_END
094 1 0944672544 REWARD_END
095 0 0947572172 STIM_START
095 0 0949888140 LICK
095 0 0950036736 LICK
095 0 0950773176 LICK
095 0 0950931864 LICK
095 0 0951511612 LICK
095 0 0951597648 STIM_END_RESP_START
095 0 0951678200 LICK
095 0 0951678684 TIMEOUT_START
095 0 0951838680 LICK
095 0 0951839172 TIMEOUT_START
095 0 0952062808 LICK
095 0 0952063300 TIMEOUT_START
095 0 0952188192 LICK
095 0 0952188680 TIMEOUT_START
095 0 0952343452 LICK
095 0 0952343940 TIMEOUT_START
095 0 0952797664 RESP_END
095 0 0959344440 TIMEOUT_END
096 1 0961236428 STIM_START
096 1 0964145216 LICK
096 1 0964277336 LICK
096 1 0964465820 LICK
096 1 0964866736 LICK
096 1 0965011868 STIM_END_RESP_START
096 1 0965031692 LICK
096 1 0965032184 REWARD_START
096 1 0965226808 LICK
096 1 0965376972 LICK
096 1 0965892432 LICK
096 1 0966082720 LICK
096 1 0966211912 RESP_END
096 1 0965045200 REWARD_END
097 0 0968288560 STIM_START
097 0 0970668460 LICK
097 0 0970785904 LICK
097 0 0971563972 STIM_END_RESP_START
097 0 0971696200 LICK
097 0 0971696684 TIMEOUT_START
097 0 0971853176 LICK
097 0 0971853660 TIMEOUT_START
097 0 0972051664 LICK
097 0 0972052152 TIMEOUT_START
097 0 0972156788 LICK
097 0 0972157280 TIMEOUT_START
097 0 0972297336 LICK
097 0 0972297824 TIMEOUT_START
097 0 0972409884 LICK
097 0 0972410372 TIMEOUT_START
097 0 0972764020 RESP_END
097 0 0979410880 TIMEOUT_END
098 0 0981244680 STIM_START
098 0 0984520100 STIM_END_RESP_START
098 0 0984619932 LICK
098 0 0984620424 TIMEOUT_START
098 0 0984767244 LICK
098 0 0984767736 TIMEOUT_START
098 0 0985284884 LICK
098 0 0985285368 TIMEOUT_START
098 0 0985405120 LICK
098 0 0985405612 TIMEOUT_START
098 0 0985589372 LICK
098 0 0985589868 TIMEOUT_START
098 0 0985720136 RESP_END
098 0 0992590376 TIMEOUT_END
099 0 0994355848 STIM_START
099 0 0997888324 LICK
099 0 0997997912 LICK
099 0 0998167828 LICK
099 0 0998381340 STIM_END_RESP_START
099 0 0998614748 LICK
099 0 0998615240 TIMEOUT_START
099 0 0998781592 LICK
099 0 0998782084 TIMEOUT_START
099 0 0999581368 RESP_END
099 0 1005782588 TIMEOUT_END
100 1 1008799284 STIM_START
100 1 1011335212 LICK
100 1 1011472624 LICK
100 1 1012107672 LICK
100 1 1012314900 LICK
100 1 1012414500 LICK
100 1 1012824760 STIM_END_RESP_START
100 1 1012930396 LICK
100 1 1012930936 REWARD_START
100 1 1013078332 LICK
100 1 1013236884 LICK
100 1 1013355828 LICK
100 1 1013489288 LICK
100 1 1013600544 LICK
100 1 1013754972 LICK
100 1 1014024788 RESP_END
100 1 1012944016 REWARD_END
101 0 1024175816 STIM_START
101 0 1025938296 LICK
101 0 1027343392 LICK
101 0 1027508316 LICK
101 0 1027951264 STIM_END_RESP_START
101 0 1028143408 LICK
101 0 1028143940 TIMEOUT_START
101 0 1028271004 LICK
101 0 1028271540 TIMEOUT_START
101 0 1029151292 RESP_END
101 0 1035272096 TIMEOUT_END
102 1 1037734052 STIM_START
102 1 1041009440 STIM_END_RESP_START
102 1 1041282604 LICK
102 1 1041283140 REWARD_START
102 1 1041419304 LICK
102 1 1042047028 LICK
102 1 1042209480 RESP_END
102 1 1041296212 REWARD_END
103 0 1044341088 STIM_START
103 0 1047866532 STIM_END_RESP_START
103 0 1048587704 LICK
103 0 1048588232 TIMEOUT_START
103 0 1049066564 RESP_END
103 0 1055588792 TIMEOUT_END
104 0 1057813332 STIM_START
104 0 1060083272 LICK
104 0 1060224912 LICK
104 0 1060403196 LICK
104 0 1060893648 LICK
104 0 1061060868 LICK
104 0 1061588776 STIM_END_RESP_START
104 0 1062157576 LICK
104 0 1062158104 TIMEOUT_START
104 0 1062334756 LICK
104 0 1062335288 TIMEOUT_START
104 0 1062710552 LICK
104 0 1062711080 TIMEOUT_START
104 0 1062788820 RESP_END
104 0 1069711640 TIMEOUT_END
105 0 1071912648 STIM_START
105 0 1075938144 STIM_END_RESP_START
105 0 1077138192 RESP_END
106 1 1082131336 STIM_START
106 1 1085161728 LICK
106 1 1085309132 LICK
106 1 1085406728 STIM_END_RESP_START
106 1 1085518288 LICK
106 1 1085518820 REWARD_START
106 1 1085698104 LICK
106 1 1085858092 LICK
106 1 1085989864 LICK
106 1 1086100656 LICK
106 1 1086250080 LICK
106 1 1086606772 RESP_END
106 1 1085531900 REWARD_END
107 1 1096092684 STIM_START
107 1 1099368072 STIM_END_RESP_START
107 1 1099771036 LICK
107 1 1099771572 REWARD_START
107 1 1099912712 LICK
107 1 1100097020 LICK
107 1 1100299744 LICK
107 1 1100411424 LICK
107 1 1100530896 LICK
107 1 1100568096 RESP_END
107 1 1099784652 REWARD_END
108 1 1104325016 STIM_START
108 1 1104587200 LICK
108 1 1104739292 LICK
108 1 1105612292 LICK
108 1 1105756224 LICK
108 1 1106553780 LICK
108 1 1106750768 LICK
108 1 1106928780 LICK
108 1 1107156324 LICK
108 1 1107604140 LICK
108 1 1107850452 STIM_END_RESP_START
108 1 1107968096 LICK
108 1 1107968624 REWARD_START
108 1 1108160548 LICK
108 1 1108301932 LICK
108 1 1108424736 LICK
108 1 1108992384 LICK
108 1 1109050500 RESP_END
108 1 1107981700 REWARD_END
109 0 1112879448 STIM_START
109 0 1116154840 STIM_END_RESP_START
109 0 1116422900 LICK
109 0 1116423436 TIMEOUT_START
109 0 1116564356 LICK
109 0 1116564896 TIMEOUT_START
109 0 1117354872 RESP_END
109 0 1123565452 TIMEOUT_END
110 1 1125733520 STIM_START
110 1 1129759016 STIM_END_RESP_START
110 1 1129906628 LICK
110 1 1129907160 REWARD_START
110 1 1130005660 LICK
110 1 1130174972 LICK
110 1 1130959060 RESP_END
110 1 1129920240 REWARD_END
111 0 1133092764 STIM_START
111 0 1134791068 LICK
111 0 1134940136 LICK
111 0 1136431604 LICK
111 0 1136556220 LICK
111 0 1136729728 LICK
111 0 1136843100 LICK
111 0 1136868232 STIM_END_RESP_START
111 0 1136988696 LICK
111 0 1136989236 TIMEOUT_START
111 0 1137137216 LICK
111 0 1137137752 TIMEOUT_START
111 0 1138068276 RESP_END
111 0 1144138312 TIMEOUT_END
112 1 1146269980 STIM_START
112 1 1148779732 LICK
112 1 1148950504 LICK
112 1 1150011460 LICK
112 1 1150148064 LICK
112 1 1150295468 STIM_END_RESP_START
112 1 1150314504 LICK
112 1 1150315040 REWARD_START
112 1 1150489952 LICK
112 1 1150656804 LICK
112 1 1151495508 RESP_END
112 1 1150328120 REWARD_END
113 0 1153660124 STIM_START
113 0 1153745948 LICK
113 0 1153882076 LICK
113 0 1157685596 STIM_END_RESP_START
113 0 1157795720 LICK
113 0 1157796256 TIMEOUT_START
113 0 1157924832 LICK
113 0 1157925368 TIMEOUT_START
113 0 1158089296 LICK
113 0 1158089832 TIMEOUT_START
113 0 1158885632 RESP_END
113 0 1165090392 TIMEOUT_END
114 0 1167324408 STIM_START
114 0 1171349904 STIM_END_RESP_START
114 0 1172412892 LICK
114 0 1172413424 TIMEOUT_START
114 0 1172549944 RESP_END
114 0 1179413980 TIMEOUT_END
115 0 1181767800 STIM_START
115 0 1184223020 LICK
115 0 1184377816 LICK
115 0 1184549044 LICK
115 0 1185249696 LICK
115 0 1185415492 LICK
115 0 1185589268 LICK
115 0 1185793296 STIM_END_RESP_START
115 0 1186993344 RESP_END
116 1 1189153972 STIM_START
116 1 1193179468 STIM_END_RESP_START
116 1 1193336504 LICK
116 1 1193337044 REWARD_START
116 1 1193463044 LICK
116 1 1193622052 LICK
116 1 1193716056 LICK
116 1 1193840696 LICK
116 1 1194012776 LICK
116 1 1194379488 RESP_END
116 1 1193350116 REWARD_END
117 1 1196788268 STIM_START
117 1 1200350304 LICK
117 1 1200502844 LICK
117 1 1200660368 LICK
117 1 1200813752 STIM_END_RESP_START
117 1 1200979544 LICK
117 1 1200980084 REWARD_START
117 1 1201137976 LICK
117 1 1201294524 LICK
117 1 1201446092 LICK
117 1 1202013780 RESP_END
117 1 1200993152 REWARD_END
118 0 1204210504 STIM_START
118 0 1207865552 LICK
118 0 1207985972 STIM_END_RESP_START
118 0 1208005096 LICK
118 0 1208005628 TIMEOUT_START
118 0 1208410792 LICK
118 0 1208411328 TIMEOUT_START
118 0 1208575300 LICK
118 0 1208575832 TIMEOUT_START
118 0 1208768904 LICK
118 0 1208769436 TIMEOUT_START
118 0 1209186016 RESP_END
118 0 1215770000 TIMEOUT_END
119 1 1217837732 STIM_START
119 1 1221363176 STIM_END_RESP_START
119 1 1221536540 LICK
119 1 1221537080 REWARD_START
119 1 1221659252 LICK
119 1 1221811712 LICK
119 1 1222010564 LICK
119 1 1222563196 RESP_END
119 1 1221550160 REWARD_END
120 0 1224655828 STIM_START
120 0 1228431280 STIM_END_RESP_START
120 0 1228984096 LICK
120 0 1228984632 TIMEOUT_START
120 0 1229136280 LICK
120 0 1229136812 TIMEOUT_START
120 0 1229631304 RESP_END
120 0 1236137360 TIMEOUT_END
121 0 1238069028 STIM_START
121 0 1241344668 LICK
121 0 1241475256 LICK
121 0 1241747612 LICK
121 0 1241867196 LICK
121 0 1242028732 LICK
121 0 1242094524 STIM_END_RESP_START
121 0 1243294540 RESP_END
122 1 1245407304 STIM_START
122 1 1245591152 LICK
122 1 1245736680 LICK
122 1 1246601808 LICK
122 1 1246755620 LICK
122 1 1247258224 LICK
122 1 1247450212 LICK
122 1 1247658796 LICK
122 1 1248222552 LICK
122 1 1248401956 LICK
122 1 1248682712 STIM_END_RESP_START
122 1 1248804220 LICK
122 1 1248804752 REWARD_START
122 1 1248969972 LICK
122 1 1249159824 LICK
122 1 1249248004 LICK
122 1 1249673956 LICK
122 1 1249828308 LICK
122 1 1249882744 RESP_END
122 1 1248817828 REWARD_END
123 0 1254241728 STIM_START
123 0 1257411720 LICK
123 0 1257563032 LICK
123 0 1257767160 STIM_END_RESP_START
123 0 1257943800 LICK
123 0 1257944340 TIMEOUT_START
123 0 1258132272 LICK
123 0 1258132812 TIMEOUT_START
123 0 1258312668 LICK
123 0 1258313204 TIMEOUT_START
123 0 1258967184 RESP_END
123 0 1265313756 TIMEOUT_END
124 0 1267412908 STIM_START
124 0 1270688304 STIM_END_RESP_START
124 0 1271888320 RESP_END
125 1 1273818984 STIM_START
125 1 1276987228 LICK
125 1 1277094376 STIM_END_RESP_START
125 1 1277118980 LICK
125 1 1277119520 REWARD_START
125 1 1277299412 LICK
125 1 1277457800 LICK
125 1 1277592836 LICK
125 1 1277743840 LICK
125 1 1278294404 RESP_END
125 1 1277132596 REWARD_END
126 1 1280277020 STIM_START
126 1 1283701024 LICK
126 1 1283837284 LICK
126 1 1283998648 LICK
126 1 1284302504 STIM_END_RESP_START
126 1 1284435520 LICK
126 1 1284436060 REWARD_START
126 1 1284613572 LICK
126 1 1284767212 LICK
126 1 1284913948 LICK
126 1 1285058404 LICK
126 1 1285502552 RESP_END
126 1 1284449132 REWARD_END
127 0 1288951496 STIM_START
127 0 1289115184 LICK
127 0 1289255768 LICK
127 0 1289846356 LICK
127 0 1290011164 LICK
127 0 1290203932 LICK
127 0 1290712420 LICK
127 0 1290885388 LICK
127 0 1291429772 LICK
127 0 1291648304 LICK
127 0 1291864132 LICK
127 0 1292518264 LICK
127 0 1292675872 LICK
127 0 1292833628 LICK
127 0 1292976968 STIM_END_RESP_START
127 0 1294176980 RESP_END
128 0 1296530700 STIM_START
128 0 1300350636 LICK
128 0 1300556200 STIM_END_RESP_START
128 0 1301756216 RESP_END
129 0 1303556860 STIM_START
129 0 1306516464 LICK
129 0 1306672696 LICK
129 0 1306839784 LICK
129 0 1307082304 STIM_END_RESP_START
129 0 1307836140 LICK
129 0 1307836680 TIMEOUT_START
129 0 1307993808 LICK
129 0 1307994348 TIMEOUT_START
129 0 1308282324 RESP_END
129 0 1314994904 TIMEOUT_END
130 1 1317177072 STIM_START
130 1 1320452468 STIM_END_RESP_START
130 1 1320908344 LICK
130 1 1320908884 REWARD_START
130 1 1321083504 LICK
130 1 1321652484 RESP_END
130 1 1320921956 REWARD_END
131 0 1324763348 STIM_START
131 0 1328788844 STIM_END_RESP_START
131 0 1329025636 LICK
131 0 1329026172 TIMEOUT_START
131 0 1329173832 LICK
131 0 1329174364 TIMEOUT_START
131 0 1329988860 RESP_END
131 0 1336174924 TIMEOUT_END
132 1 1338305568 STIM_START
132 1 1342081012 STIM_END_RESP_START
132 1 1342450960 LICK
132 1 1342451492 REWARD_START
132 1 1342602272 LICK
132 1 1342793664 LICK
132 1 1343281048 RESP_END
132 1 1342464572 REWARD_END
133 1 1346384892 STIM_START
133 1 1348783972 LICK
133 1 1349203784 LICK
133 1 1349387064 LICK
133 1 1349660304 STIM_END_RESP_START
133 1 1349833904 LICK
133 1 1349834436 REWARD_START
133 1 1350008532 LICK
133 1 1350390168 LICK
133 1 1350620636 LICK
133 1 1350744368 LICK
133 1 1350860352 RESP_END
133 1 1349847516 REWARD_END
134 0 1355561396 STIM_START
134 0 1359086836 STIM_END_RESP_START
134 0 1360286852 RESP_END
135 1 1362334536 STIM_START
135 1 1364794196 LICK
135 1 1364926200 LICK
135 1 1365636776 LICK
135 1 1365780860 LICK
135 1 1365859976 STIM_END_RESP_START
135 1 1365958920 LICK
135 1 1365959452 REWARD_START
135 1 1366146760 LICK
135 1 1366261416 LICK
135 1 1366435068 LICK
135 1 1367060020 RESP_END
135 1 1365972528 REWARD_END
136 0 1369526692 STIM_START
136 0 1369739564 LICK
136 0 1369883140 LICK
136 0 1370089176 LICK
136 0 1372105612 LICK
136 0 1372245172 LICK
136 0 1372422644 LICK
136 0 1373164940 LICK
136 0 1373302156 STIM_END_RESP_START
136 0 1373330492 LICK
136 0 1373331024 TIMEOUT_START
136 0 1373530636 LICK
136 0 1373531176 TIMEOUT_START
136 0 1374502200 RESP_END
136 0 1380531736 TIMEOUT_END
137 0 1382313820 STIM_START
137 0 1386339320 STIM_END_RESP_START
137 0 1387539332 RESP_END
138 1 1389600008 STIM_START
138 1 1392875396 STIM_END_RESP_START
138 1 1393040408 LICK
138 1 1393040940 REWARD_START
138 1 1393149420 LICK
138 1 1393309376 LICK
138 1 1393903200 LICK
138 1 1394075416 RESP_END
138 1 1393054016 REWARD_END
139 0 1396200092 STIM_START
139 0 1399415396 LICK
139 0 1400225576 STIM_END_RESP_START
139 0 1400386076 LICK
139 0 1400386616 TIMEOUT_START
139 0 1400552436 LICK
139 0 1400552972 TIMEOUT_START
139 0 1401425620 RESP_END
139 0 1407553548 TIMEOUT_END
140 0 1409763344 STIM_START
140 0 1410284484 LICK
140 0 1410651332 LICK
140 0 1410847364 LICK
140 0 1413288748 STIM_END_RESP_START
140 0 1413400176 LICK
140 0 1413400716 TIMEOUT_START
140 0 1413545548 LICK
140 0 1413546084 TIMEOUT_START
140 0 1413683932 LICK
140 0 1413684472 TIMEOUT_START
140 0 1413851076 LICK
140 0 1413851616 TIMEOUT_START
140 0 1414294100 LICK
140 0 1414294636 TIMEOUT_START
140 0 1414488784 RESP_END
140 0 1421295192 TIMEOUT_END
141 1 1454238564 STIM_START
141 1 1458014012 STIM_END_RESP_START
141 1 1458207540 LICK
141 1 1458208080 REWARD_START
141 1 1458326836 LICK
141 1 1458500960 LICK
141 1 1459214040 RESP_END
141 1 1458221136 REWARD_END
142 1 1461118668 STIM_START
142 1 1464644112 STIM_END_RESP_START
142 1 1464854476 LICK
142 1 1464855016 REWARD_START
142 1 1464997532 LICK
142 1 1465168620 LICK
142 1 1465272908 LICK
142 1 1465395552 LICK
142 1 1465540088 LICK
142 1 1465690884 LICK
142 1 1465844128 RESP_END
142 1 1464868076 REWARD_END
143 1 1468483920 STIM_START
143 1 1471759308 STIM_END_RESP_START
143 1 1471918420 LICK
143 1 1471918956 REWARD_START
143 1 1472056084 LICK
143 1 1472245948 LICK
143 1 1472365276 LICK
143 1 1472512944 LICK
143 1 1472959356 RESP_END
143 1 1471932036 REWARD_END
144 0 1477023276 STIM_START
144 0 1481048772 STIM_END_RESP_START
144 0 1481247532 LICK
144 0 1481248068 TIMEOUT_START
144 0 1481398340 LICK
144 0 1481398872 TIMEOUT_START
144 0 1481606012 LICK
144 0 1481606548 TIMEOUT_START
144 0 1482248788 RESP_END
144 0 1488607112 TIMEOUT_END
145 0 1490399520 STIM_START
145 0 1493649944 LICK
145 0 1493674928 STIM_END_RESP_START
145 0 1493784324 LICK
145 0 1493784860 TIMEOUT_START
145 0 1493967740 LICK
145 0 1493968276 TIMEOUT_START
145 0 1494539252 LICK
145 0 1494539792 TIMEOUT_START
145 0 1494713544 LICK
145 0 1494714076 TIMEOUT_START
145 0 1494874952 RESP_END
145 0 1501714644 TIMEOUT_END
146 0 1503543668 STIM_START
146 0 1506986796 LICK
146 0 1507142116 LICK
146 0 1507569136 STIM_END_RESP_START
146 0 1507811624 LICK
146 0 1507812156 TIMEOUT_START
146 0 1508769168 RESP_END
146 0 1514812712 TIMEOUT_END
147 1 1516728868 STIM_START
147 1 1517585976 LICK
147 1 1517722420 LICK
147 1 1517900332 LICK
147 1 1520261588 LICK
147 1 1520426484 LICK
147 1 1520754336 STIM_END_RESP_START
147 1 1520883064 LICK
147 1 1520883596 REWARD_START
147 1 1521039300 LICK
147 1 1521189416 LICK
147 1 1521325192 LICK
147 1 1521776348 LICK
147 1 1521932728 LICK
147 1 1521954360 RESP_END
147 1 1520896672 REWARD_END
148 0 1525780348 STIM_START
148 0 1529305796 STIM_END_RESP_START
148 0 1530505812 RESP_END
149 1 1532292468 STIM_START
149 1 1535420452 LICK
149 1 1535546416 LICK
149 1 1535747796 LICK
149 1 1535817912 STIM_END_RESP_START
149 1 1535914936 LICK
149 1 1535915476 REWARD_START
149 1 1536092508 LICK
149 1 1536258528 LICK
149 1 1536399116 LICK
149 1 1536782448 LICK
149 1 1536958516 LICK
149 1 1537017940 RESP_END
149 1 1535928544 REWARD_END
150 1 1555423172 STIM_START
150 1 1558950216 LICK
150 1 1559448640 STIM_END_RESP_START
150 1 1559699340 LICK
150 1 1559699884 REWARD_START
150 1 1559818680 LICK
150 1 1559987572 LICK
150 1 1560151396 LICK
150 1 1560648676 RESP_END
150 1 1559712944 REWARD_END
151 0 1563213476 STIM_START
151 0 1566488872 STIM_END_RESP_START
151 0 1567688888 RESP_END
152 1 1574460284 STIM_START
152 1 1577735684 STIM_END_RESP_START
152 1 1577967400 LICK
152 1 1577967940 REWARD_START
152 1 1578122784 LICK
152 1 1578272416 LICK
152 1 1578449140 LICK
152 1 1578935700 RESP_END
152 1 1577981020 REWARD_END
153 1 1581144392 STIM_START
153 1 1581309284 LICK
153 1 1581498684 LICK
153 1 1581644296 LICK
153 1 1584505968 LICK
153 1 1584676668 LICK
153 1 1584840884 LICK
153 1 1585169880 STIM_END_RESP_START
153 1 1585393784 LICK
153 1 1585394316 REWARD_START
153 1 1585519012 LICK
153 1 1585699480 LICK
153 1 1586369904 RESP_END
153 1 1585407396 REWARD_END
154 0 1590611980 STIM_START
154 0 1593887372 STIM_END_RESP_START
154 0 1594937076 LICK
154 0 1594937616 TIMEOUT_START
154 0 1595087420 RESP_END
154 0 1601938180 TIMEOUT_END
155 1 1604128172 STIM_START
155 1 1607653612 STIM_END_RESP_START
155 1 1608011376 LICK
155 1 1608011912 REWARD_START
155 1 1608146160 LICK
155 1 1608338468 LICK
155 1 1608539484 LICK
155 1 1608853624 RESP_END
155 1 1608024984 REWARD_END
156 1 1611097432 STIM_START
156 1 1614047564 LICK
156 1 1614689128 LICK
156 1 1614872892 STIM_END_RESP_START
156 1 1614889884 LICK
156 1 1614890420 REWARD_START
156 1 1615010860 LICK
156 1 1615220948 LICK
156 1 1615385192 LICK
156 1 1616072940 RESP_END
156 1 1614903480 REWARD_END
157 1 1618537580 STIM_START
157 1 1622563076 STIM_END_RESP_START
157 1 1622871476 LICK
157 1 1622872008 REWARD_START
157 1 1623018236 LICK
157 1 1623184724 LICK
157 1 1623317784 LICK
157 1 1623763100 RESP_END
157 1 1622885088 REWARD_END
158 0 1629727372 STIM_START
158 0 1633502820 STIM_END_RESP_START
158 0 1634031088 LICK
158 0 1634031628 TIMEOUT_START
158 0 1634186932 LICK
158 0 1634187472 TIMEOUT_START
158 0 1634702856 RESP_END
158 0 1641188036 TIMEOUT_END
159 1 1643068568 STIM_START
159 1 1646844016 STIM_END_RESP_START
159 1 1646955260 LICK
159 1 1646955800 REWARD_START
159 1 1647132356 LICK
159 1 1647308552 LICK
159 1 1647456448 LICK
159 1 1648044040 RESP_END
159 1 1646968876 REWARD_END
160 0 1650552796 STIM_START
160 0 1653080228 LICK
160 0 1653256568 LICK
160 0 1653714044 LICK
160 0 1653963240 LICK
160 0 1654185228 LICK
160 0 1654578272 STIM_END_RESP_START
160 0 1654724836 LICK
160 0 1654725368 TIMEOUT_START
160 0 1654948612 LICK
160 0 1654949148 TIMEOUT_START
160 0 1655020752 LICK
160 0 1655021284 TIMEOUT_START
160 0 1655778288 RESP_END
160 0 1662021840 TIMEOUT_END
161 0 1663830064 STIM_START
161 0 1667616160 LICK
161 0 1667790772 LICK
161 0 1667855560 STIM_END_RESP_START
161 0 1668054912 LICK
161 0 1668055448 TIMEOUT_START
161 0 1669055608 RESP_END
161 0 1675056000 TIMEOUT_END
162 0 1677185240 STIM_START
162 0 1680710680 STIM_END_RESP_START
162 0 1681910724 RESP_END
163 1 1684024340 STIM_START
163 1 1687876044 LICK
163 1 1688049820 STIM_END_RESP_START
163 1 1688081588 LICK
163 1 1688082120 REWARD_START
163 1 1688257676 LICK
163 1 1688431088 LICK
163 1 1688586216 LICK
163 1 1689249868 RESP_END
163 1 1688095196 REWARD_END
164 0 1694277072 STIM_START
164 0 1696661876 LICK
164 0 1696858252 LICK
164 0 1697570668 LICK
164 0 1697782500 LICK
164 0 1697802504 STIM_END_RESP_START
164 0 1697993256 LICK
164 0 1697993796 TIMEOUT_START
164 0 1698336140 LICK
164 0 1698336668 TIMEOUT_START
164 0 1698590428 LICK
164 0 1698590964 TIMEOUT_START
164 0 1699002536 RESP_END
164 0 1705591520 TIMEOUT_END
165 0 1707601236 STIM_START
165 0 1711126676 STIM_END_RESP_START
165 0 1712326728 RESP_END
166 0 1714062272 STIM_START
166 0 1717337668 STIM_END_RESP_START
166 0 1718537684 RESP_END
167 1 1720510376 STIM_START
167 1 1723785772 STIM_END_RESP_START
167 1 1724291272 LICK
167 1 1724291804 REWARD_START
167 1 1724492076 LICK
167 1 1724695184 LICK
167 1 1724799280 LICK
167 1 1724985816 RESP_END
167 1 1724304880 REWARD_END
168 1 1726799372 STIM_START
168 1 1726990196 LICK
168 1 1727178156 LICK
168 1 1730824840 STIM_END_RESP_START
168 1 1730954096 LICK
168 1 1730954632 REWARD_START
168 1 1731082472 LICK
168 1 1731268464 LICK
168 1 1731406276 LICK
168 1 1732024884 RESP_END
168 1 1730967692 REWARD_END
169 0 1735160728 STIM_START
169 0 1738936176 STIM_END_RESP_START
169 0 1740136192 RESP_END
170 0 1742255968 STIM_START
170 0 1746031420 STIM_END_RESP_START
170 0 1746301760 LICK
170 0 1746302300 TIMEOUT_START
170 0 1746450296 LICK
170 0 1746450832 TIMEOUT_START
170 0 1746668108 LICK
170 0 1746668644 TIMEOUT_START
170 0 1746934052 LICK
170 0 1746934584 TIMEOUT_START
170 0 1747108932 LICK
170 0 1747109460 TIMEOUT_START
170 0 1747165316 LICK
170 0 1747165848 TIMEOUT_START
170 0 1747231452 RESP_END
170 0 1754166412 TIMEOUT_END
171 0 1756325264 STIM_START
171 0 1759600664 STIM_END_RESP_START
171 0 1760800712 RESP_END
172 1 1762961304 STIM_START
172 1 1766486744 STIM_END_RESP_START
172 1 1766705600 LICK
172 1 1766706132 REWARD_START
172 1 1766852412 LICK
172 1 1767056156 LICK
172 1 1767204112 LICK
172 1 1767686768 RESP_END
172 1 1766719212 REWARD_END
173 0 1769522408 STIM_START
173 0 1770247584 LICK
173 0 1770476352 LICK
173 0 1771027172 LICK
173 0 1771244136 LICK
173 0 1771995744 LICK
173 0 1772221096 LICK
173 0 1772654704 LICK
173 0 1772797824 STIM_END_RESP_START
173 0 1772874228 LICK
173 0 1772874764 TIMEOUT_START
173 0 1773321124 LICK
173 0 1773321664 TIMEOUT_START
173 0 1773575540 LICK
173 0 1773576068 TIMEOUT_START
173 0 1773997852 RESP_END
173 0 1780576628 TIMEOUT_END
174 1 1782358536 STIM_START
174 1 1786384036 STIM_END_RESP_START
174 1 1786753220 LICK
174 1 1786753752 REWARD_START
174 1 1786879452 LICK
174 1 1787053304 LICK
174 1 1787175260 LICK
174 1 1787584076 RESP_END
174 1 1786766832 REWARD_END
175 0 1789879808 STIM_START
175 0 1793452772 LICK
175 0 1793655260 STIM_END_RESP_START
175 0 1794036536 LICK
175 0 1794037072 TIMEOUT_START
175 0 1794265748 LICK
175 0 1794266284 TIMEOUT_START
175 0 1794855276 RESP_END
175 0 1801266848 TIMEOUT_END
176 0 1803195952 STIM_START
176 0 1806471352 STIM_END_RESP_START
176 0 1807671368 RESP_END
177 0 1809687056 STIM_START
177 0 1813712552 STIM_END_RESP_START
177 0 1813750164 LICK
177 0 1813750696 TIMEOUT_START
177 0 1813910192 LICK
177 0 1813910732 TIMEOUT_START
177 0 1814821992 LICK
177 0 1814822524 TIMEOUT_START
177 0 1814912596 RESP_END
177 0 1821823092 TIMEOUT_END
178 1 1823989440 STIM_START
178 1 1827514884 STIM_END_RESP_START
178 1 1827715928 LICK
178 1 1827716468 REWARD_START
178 1 1827841732 LICK
178 1 1828018628 LICK
178 1 1828152220 LICK
178 1 1828714912 RESP_END
178 1 1827729548 REWARD_END
179 0 1830844532 STIM_START
179 0 1834369968 STIM_END_RESP_START
179 0 1834765036 LICK
179 0 1834765576 TIMEOUT_START
179 0 1834966176 LICK
179 0 1834966712 TIMEOUT_START
179 0 1835569996 RESP_END
179 0 1841967288 TIMEOUT_END
180 0 1844167692 STIM_START
180 0 1845513616 LICK
180 0 1846692928 LICK
180 0 1846942200 LICK
180 0 1847693124 STIM_END_RESP_START
180 0 1847733068 LICK
180 0 1847733604 TIMEOUT_START
180 0 1847885472 LICK
180 0 1847886008 TIMEOUT_START
180 0 1848274152 LICK
180 0 1848274680 TIMEOUT_START
180 0 1848315956 LICK
180 0 1848316492 TIMEOUT_START
180 0 1848571496 LICK
180 0 1848572036 TIMEOUT_START
180 0 1848893168 RESP_END
180 0 1855572584 TIMEOUT_END
181 1 1857531944 STIM_START
181 1 1861307388 STIM_END_RESP_START
181 1 1861683368 LICK
181 1 1861683900 REWARD_START
181 1 1861845932 LICK
181 1 1862062128 LICK
181 1 1862180940 LICK
181 1 1862321672 LICK
181 1 1862507412 RESP_END
181 1 1861696976 REWARD_END
182 1 1866326380 STIM_START
182 1 1869601772 STIM_END_RESP_START
182 1 1869997828 LICK
182 1 1869998368 REWARD_START
182 1 1870129284 LICK
182 1 1870300628 LICK
182 1 1870485660 LICK
182 1 1870801804 RESP_END
182 1 1870011448 REWARD_END
183 0 1875679924 STIM_START
183 0 1875719948 LICK
183 0 1878955336 STIM_END_RESP_START
183 0 1880012120 LICK
183 0 1880012652 TIMEOUT_START
183 0 1880155376 RESP_END
183 0 1887013216 TIMEOUT_END
184 0 1889028068 STIM_START
184 0 1892303464 STIM_END_RESP_START
184 0 1892385536 LICK
184 0 1892386072 TIMEOUT_START
184 0 1893503512 RESP_END
184 0 1899386636 TIMEOUT_END
185 1 1901572160 STIM_START
185 1 1905597656 STIM_END_RESP_START
185 1 1905776552 LICK
185 1 1905777092 REWARD_START
185 1 1905935424 LICK
185 1 1906138876 LICK
185 1 1906293268 LICK
185 1 1906797696 RESP_END
185 1 1905790172 REWARD_END
186 0 1909950536 STIM_START
186 0 1913413968 LICK
186 0 1913725980 STIM_END_RESP_START
186 0 1914174892 LICK
186 0 1914175424 TIMEOUT_START
186 0 1914391648 LICK
186 0 1914392184 TIMEOUT_START
186 0 1914925992 RESP_END
186 0 1921392744 TIMEOUT_END
187 1 1923446724 STIM_START
187 1 1926972168 STIM_END_RESP_START
187 1 1927356712 LICK
187 1 1927357248 REWARD_START
187 1 1927501740 LICK
187 1 1927670008 LICK
187 1 1927830760 LICK
187 1 1927977320 LICK
187 1 1928172216 RESP_END
187 1 1927370328 REWARD_END
188 1 1930896000 STIM_START
188 1 1934171396 STIM_END_RESP_START
188 1 1934528752 LICK
188 1 1934529284 REWARD_START
188 1 1934661908 LICK
188 1 1934837904 LICK
188 1 1934997304 LICK
188 1 1935371440 RESP_END
188 1 1934542364 REWARD_END
189 1 1938891272 STIM_START
189 1 1942166672 STIM_END_RESP_START
189 1 1942500632 LICK
189 1 1942501164 REWARD_START
189 1 1942621636 LICK
189 1 1942795128 LICK
189 1 1942983112 LICK
189 1 1943366716 RESP_END
189 1 1942514244 REWARD_END
190 0 1945919460 STIM_START
190 0 1949194856 STIM_END_RESP_START
190 0 1949799460 LICK
190 0 1949799992 TIMEOUT_START
190 0 1950394904 RESP_END
190 0 1956800548 TIMEOUT_END
191 0 1958871572 STIM_START
191 0 1962897068 STIM_END_RESP_START
191 0 1962977892 LICK
191 0 1962978428 TIMEOUT_START
191 0 1964097096 RESP_END
191 0 1969978988 TIMEOUT_END
192 0 1971773656 STIM_START
192 0 1975049044 STIM_END_RESP_START
192 0 1976249060 RESP_END
193 1 1978213732 STIM_START
193 1 1981908132 LICK
193 1 1982084960 LICK
193 1 1982239220 STIM_END_RESP_START
193 1 1982350476 LICK
193 1 1982351008 REWARD_START
193 1 1982493336 LICK
193 1 1982683332 LICK
193 1 1982805688 LICK
193 1 1983439252 RESP_END
193 1 1982364092 REWARD_END
194 0 1986076060 STIM_START
194 0 1989351460 STIM_END_RESP_START
194 0 1990302836 LICK
194 0 1990303368 TIMEOUT_START
194 0 1990412864 LICK
194 0 1990413400 TIMEOUT_START
194 0 1990551492 RESP_END
194 0 1997413968 TIMEOUT_END
195 0 1999218244 STIM_START
195 0 2002493644 STIM_END_RESP_START
195 0 2003693660 RESP_END
196 1 2007238528 STIM_START
196 1 2011264028 STIM_END_RESP_START
196 1 2011468324 LICK
196 1 2011468864 REWARD_START
196 1 2011589572 LICK
196 1 2011757040 LICK
196 1 2011922488 LICK
196 1 2012059668 LICK
196 1 2012464056 RESP_END
196 1 2011481936 REWARD_END
197 1 2015219856 STIM_START
197 1 2018418528 LICK
197 1 2018593472 LICK
197 1 2018745284 STIM_END_RESP_START
197 1 2018970324 LICK
197 1 2018970864 REWARD_START
197 1 2019130564 LICK
197 1 2019281668 LICK
197 1 2019440040 LICK
197 1 2019847588 LICK
197 1 2019945296 RESP_END
197 1 2018983940 REWARD_END
198 0 2021838920 STIM_START
198 0 2025614372 STIM_END_RESP_START
198 0 2026814420 RESP_END
199 1 2028779040 STIM_START
199 1 2032304484 STIM_END_RESP_START
199 1 2032687632 LICK
199 1 2032688172 REWARD_START
199 1 2032827320 LICK
199 1 2033011732 LICK
199 1 2033178240 LICK
199 1 2033504500 RESP_END
199 1 2032701244 REWARD_END
200 0 2036125252 STIM_START
200 0 2039716240 LICK
200 0 2039886632 LICK
200 0 2039900692 STIM_END_RESP_START
200 0 2040040328 LICK
200 0 2040040864 TIMEOUT_START
200 0 2041100724 RESP_END
200 0 2047041428 TIMEOUT_END
201 1 2048852384 STIM_START
201 1 2052377824 STIM_END_RESP_START
201 1 2052746348 LICK
201 1 2052746880 REWARD_START
201 1 2052867448 LICK
201 1 2053040236 LICK
201 1 2053191720 LICK
201 1 2053577860 RESP_END
201 1 2052759960 REWARD_END
202 0 2056419628 STIM_START
202 0 2060445120 STIM_END_RESP_START
202 0 2061645136 RESP_END
203 0 2063846824 STIM_START
203 0 2067243712 LICK
203 0 2067372256 STIM_END_RESP_START
203 0 2067448484 LICK
203 0 2067449020 TIMEOUT_START
203 0 2067916484 LICK
203 0 2067917024 TIMEOUT_START
203 0 2068141520 LICK
203 0 2068142052 TIMEOUT_START
203 0 2068572288 RESP_END
203 0 2075142624 TIMEOUT_END
204 1 2077247044 STIM_START
204 1 2080522176 LICK
204 1 2080709124 LICK
204 1 2080772464 STIM_END_RESP_START
204 1 2080965852 LICK
204 1 2080966384 REWARD_START
204 1 2081149696 LICK
204 1 2081372560 LICK
204 1 2081505128 LICK
204 1 2081972476 RESP_END
204 1 2080979460 REWARD_END
205 1 2084498244 STIM_START
205 1 2088023684 STIM_END_RESP_START
205 1 2088281356 LICK
205 1 2088281888 REWARD_START
205 1 2088377304 LICK
205 1 2088552748 LICK
205 1 2088735800 LICK
205 1 2089223704 RESP_END
205 1 2088294968 REWARD_END
206 1 2092028444 STIM_START
206 1 2095553888 STIM_END_RESP_START
206 1 2095945556 LICK
206 1 2095946096 REWARD_START
206 1 2096062480 LICK
206 1 2096221348 LICK
206 1 2096397344 LICK
206 1 2096753924 RESP_END
206 1 2095959160 REWARD_END
207 0 2099623692 STIM_START
207 0 2103649184 STIM_END_RESP_START
207 0 2104849196 RESP_END
208 0 2108121108 STIM_START
208 0 2111646544 STIM_END_RESP_START
208 0 2112846560 RESP_END
209 1 2115903388 STIM_START
209 1 2119678836 STIM_END_RESP_START
209 1 2120043144 LICK
209 1 2120043684 REWARD_START
209 1 2120196960 LICK
209 1 2120367484 LICK
209 1 2120511228 LICK
209 1 2120878848 RESP_END
209 1 2120056756 REWARD_END
210 1 2123257600 STIM_START
210 1 2127033048 STIM_END_RESP_START
210 1 2127481904 LICK
210 1 2127482440 REWARD_START
210 1 2127617484 LICK
210 1 2127805092 LICK
210 1 2127963820 LICK
210 1 2128233076 RESP_END
210 1 2127495516 REWARD_END
211 0 2130890900 STIM_START
211 0 2134166292 STIM_END_RESP_START
211 0 2135366304 RESP_END
212 1 2137554000 STIM_START
212 1 2141579496 STIM_END_RESP_START
212 1 2142090940 LICK
212 1 2142091476 REWARD_START
212 1 2142242868 LICK
212 1 2142426652 LICK
212 1 2142608728 LICK
212 1 2142779540 RESP_END
212 1 2142104552 REWARD_END
213 0 2144706120 STIM_START
213 0 2145404212 LICK
213 0 2145569304 LICK
213 0 2146755000 LICK
213 0 2146971328 LICK
213 0 2147615196 LICK
213 0 2148231540 STIM_END_RESP_START
213 0 2148684860 LICK
213 0 2148685388 TIMEOUT_START
213 0 2148858188 LICK
213 0 2148858720 TIMEOUT_START
213 0 2149431564 RESP_END
213 0 2155859284 TIMEOUT_END
214 0 2157804296 STIM_START
214 0 2161079696 STIM_END_RESP_START
214 0 2162279708 RESP_END
215 0 2164061332 STIM_START
215 0 2164993380 LICK
215 0 2165526344 LICK
215 0 2165813440 LICK
215 0 2166020984 LICK
215 0 2166215548 LICK
215 0 2167889928 LICK
215 0 2168086800 STIM_END_RESP_START
215 0 2168330552 LICK
215 0 2168331080 TIMEOUT_START
215 0 2168541928 LICK
215 0 2168542468 TIMEOUT_START
215 0 2169286816 RESP_END
215 0 2175543028 TIMEOUT_END
216 1 2177524640 STIM_START
216 1 2181050080 STIM_END_RESP_START
216 1 2181277932 LICK
216 1 2181278464 REWARD_START
216 1 2181439920 LICK
216 1 2181579024 LICK
216 1 2181753076 LICK
216 1 2182250096 RESP_END
216 1 2181291544 REWARD_END
217 0 2184712724 STIM_START
217 0 2188207304 LICK
217 0 2188403684 LICK
217 0 2188618544 LICK
217 0 2188738204 STIM_END_RESP_START
217 0 2189938220 RESP_END
218 0 2192144932 STIM_START
218 0 2195920380 STIM_END_RESP_START
218 0 2196170676 LICK
218 0 2196171212 TIMEOUT_START
218 0 2197120396 RESP_END
218 0 2203171772 TIMEOUT_END
219 1 2205331148 STIM_START
219 1 2208606548 STIM_END_RESP_START
219 1 2209144252 LICK
219 1 2209144788 REWARD_START
219 1 2209291192 LICK
219 1 2209501288 LICK
219 1 2209806584 RESP_END
219 1 2209157864 REWARD_END
220 1 2212444252 STIM_START
220 1 2216469748 STIM_END_RESP_START
220 1 2216665024 LICK
220 1 2216665564 REWARD_START
220 1 2216814920 LICK
220 1 2216982240 LICK
220 1 2217117880 LICK
220 1 2217669764 RESP_END
220 1 2216678628 REWARD_END
221 1 2220191548 STIM_START
221 1 2223967000 STIM_END_RESP_START
221 1 2224170792 LICK
221 1 2224171332 REWARD_START
221 1 2224325376 LICK
221 1 2224491032 LICK
221 1 2224970492 LICK
221 1 2225119092 LICK
221 1 2225167024 RESP_END
221 1 2224184392 REWARD_END
222 0 2227080696 STIM_START
222 0 2230637068 LICK
222 0 2230755696 LICK
222 0 2230856140 STIM_END_RESP_START
222 0 2231274448 LICK
222 0 2231274988 TIMEOUT_START
222 0 2231459900 LICK
222 0 2231460432 TIMEOUT_START
222 0 2232056152 RESP_END
222 0 2238460992 TIMEOUT_END
223 1 2240419920 STIM_START
223 1 2244445412 STIM_END_RESP_START
223 1 2244677100 LICK
223 1 2244677636 REWARD_START
223 1 2244821124 LICK
223 1 2244989144 LICK
223 1 2245122196 LICK
223 1 2245645460 RESP_END
223 1 2244690708 REWARD_END
224 1 2247985168 STIM_START
224 1 2252010624 STIM_END_RESP_START
224 1 2252377560 LICK
224 1 2252378096 REWARD_START
224 1 2252489584 LICK
224 1 2252650044 LICK
224 1 2252813244 LICK
224 1 2253210652 RESP_END
224 1 2252391176 REWARD_END
225 1 2256219512 STIM_START
225 1 2259744952 STIM_END_RESP_START
225 1 2260074696 LICK
225 1 2260075228 REWARD_START
225 1 2260208772 LICK
225 1 2260349592 LICK
225 1 2260507616 LICK
225 1 2260944964 RESP_END
225 1 2260088308 REWARD_END
226 0 2262853588 STIM_START
226 0 2266879088 STIM_END_RESP_START
226 0 2268079144 RESP_END
227 0 2270128752 STIM_START
227 0 2274036652 LICK
227 0 2274154252 STIM_END_RESP_START
227 0 2274198544 LICK
227 0 2274199076 TIMEOUT_START
227 0 2275354300 RESP_END
227 0 2281199640 TIMEOUT_END
228 1 2283088908 STIM_START
228 1 2286364300 STIM_END_RESP_START
228 1 2287564316 RESP_END
229 0 2289327968 STIM_START
229 0 2293353464 STIM_END_RESP_START
229 0 2294553480 RESP_END
230 1 2296273060 STIM_START
230 1 2298248856 LICK
230 1 2298415948 LICK
230 1 2298703376 LICK
230 1 2299364412 LICK
230 1 2299548444 STIM_END_RESP_START
230 1 2299598260 LICK
230 1 2299598796 REWARD_START
230 1 2299755284 LICK
230 1 2299964048 LICK
230 1 2300136664 LICK
230 1 2300735196 LICK
230 1 2300748468 RESP_END
230 1 2299611876 REWARD_END
231 0 2302911160 STIM_START
231 0 2306600956 LICK
231 0 2306785268 LICK
231 0 2306936648 STIM_END_RESP_START
231 0 2308136660 RESP_END
232 1 2309914300 STIM_START
232 1 2313162580 LICK
232 1 2313386300 LICK
232 1 2313439740 STIM_END_RESP_START
232 1 2313686092 LICK
232 1 2313686624 REWARD_START
232 1 2313806760 LICK
232 1 2314012684 LICK
232 1 2314122160 LICK
232 1 2314639780 RESP_END
232 1 2313699704 REWARD_END
233 1 2317291540 STIM_START
233 1 2321066984 STIM_END_RESP_START
233 1 2321277128 LICK
233 1 2321277660 REWARD_START
233 1 2321407252 LICK
233 1 2321555076 LICK
233 1 2322267016 RESP_END
233 1 2321290740 REWARD_END
234 0 2324498724 STIM_START
234 0 2328274172 STIM_END_RESP_START
234 0 2328334244 LICK
234 0 2328334780 TIMEOUT_START
234 0 2328475776 LICK
234 0 2328476308 TIMEOUT_START
234 0 2329474196 RESP_END
234 0 2335476864 TIMEOUT_END
235 0 2337650900 STIM_START
235 0 2341176344 STIM_END_RESP_START
235 0 2342376392 RESP_END
236 0 2344501976 STIM_START
236 0 2347758260 LICK
236 0 2348527452 STIM_END_RESP_START
236 0 2349727472 RESP_END
237 1 2351925244 STIM_START
237 1 2355700696 STIM_END_RESP_START
237 1 2356084836 LICK
237 1 2356085368 REWARD_START
237 1 2356250596 LICK
237 1 2356415432 LICK
237 1 2356535588 LICK
237 1 2356702504 LICK
237 1 2356900736 RESP_END
237 1 2356098448 REWARD_END
238 1 2359259432 STIM_START
238 1 2363034888 STIM_END_RESP_START
238 1 2363298944 LICK
238 1 2363299480 REWARD_START
238 1 2363444660 LICK
238 1 2363610544 LICK
238 1 2363797536 LICK
238 1 2364234904 RESP_END
238 1 2363312556 REWARD_END
239 1 2366094572 STIM_START
239 1 2369369960 STIM_END_RESP_START
239 1 2369604016 LICK
239 1 2369604548 REWARD_START
239 1 2369717640 LICK
239 1 2369880208 LICK
239 1 2370046756 LICK
239 1 2370569988 RESP_END
239 1 2369617624 REWARD_END
240 0 2372750644 STIM_START
240 0 2376276088 STIM_END_RESP_START
240 0 2377476140 RESP_END
241 1 2379234716 STIM_START
241 1 2383010168 STIM_END_RESP_START
241 1 2383353392 LICK
241 1 2383353932 REWARD_START
241 1 2383491248 LICK
241 1 2383653564 LICK
241 1 2384210192 RESP_END
241 1 2383367008 REWARD_END
242 0 2386564920 STIM_START
242 0 2390340372 STIM_END_RESP_START
242 0 2391540392 RESP_END
243 0 2393552068 STIM_START
243 0 2396827460 STIM_END_RESP_START
243 0 2398027476 RESP_END
244 1 2400030180 STIM_START
244 1 2404055676 STIM_END_RESP_START
244 1 2404431576 LICK
244 1 2404432120 REWARD_START
244 1 2404575812 LICK
244 1 2404742352 LICK
244 1 2404925216 LICK
244 1 2405255704 RESP_END
244 1 2404445196 REWARD_END
245 0 2407281332 STIM_START
245 0 2410786372 LICK
245 0 2410972460 LICK
245 0 2411161928 LICK
245 0 2411306808 STIM_END_RESP_START
245 0 2412506824 RESP_END
246 0 2414512552 STIM_START
246 0 2418538048 STIM_END_RESP_START
246 0 2419738064 RESP_END
247 1 2421676696 STIM_START
247 1 2425452148 STIM_END_RESP_START
247 1 2425829588 LICK
247 1 2425830124 REWARD_START
247 1 2425969048 LICK
247 1 2426151408 LICK
247 1 2426320960 LICK
247 1 2426652184 RESP_END
247 1 2425843200 REWARD_END
248 1 2428619832 STIM_START
248 1 2432145272 STIM_END_RESP_START
248 1 2432363036 LICK
248 1 2432363576 REWARD_START
248 1 2432469256 LICK
248 1 2432639032 LICK
248 1 2432801196 LICK
248 1 2433345312 RESP_END
248 1 2432376648 REWARD_END
249 1 2436768216 STIM_START
249 1 2440543664 STIM_END_RESP_START
249 1 2440902104 LICK
249 1 2440902636 REWARD_START
249 1 2441027992 LICK
249 1 2441196052 LICK
249 1 2441358096 LICK
249 1 2441743704 RESP_END
249 1 2440915716 REWARD_END
250 0 2444763512 STIM_START
250 0 2448038904 STIM_END_RESP_START
250 0 2449238920 RESP_END
251 0 2451118560 STIM_START
251 0 2455144056 STIM_END_RESP_START
251 0 2456344072 RESP_END
252 1 2458120724 STIM_START
252 1 2461396116 STIM_END_RESP_START
252 1 2461795136 LICK
252 1 2461795676 REWARD_START
252 1 2461988960 LICK
252 1 2462117764 LICK
252 1 2462260020 LICK
252 1 2462596156 RESP_END
252 1 2461808756 REWARD_END
253 0 2465023852 STIM_START
253 0 2468799304 STIM_END_RESP_START
253 0 2469999320 RESP_END
254 0 2471960008 STIM_START
254 0 2475485452 STIM_END_RESP_START
254 0 2476685468 RESP_END
255 1 2478462076 STIM_START
255 1 2482237528 STIM_END_RESP_START
255 1 2482519632 LICK
255 1 2482520176 REWARD_START
255 1 2482658896 LICK
255 1 2482866988 LICK
255 1 2483437564 RESP_END
255 1 2482533248 REWARD_END
256 1 2485971420 STIM_START
256 1 2489246816 STIM_END_RESP_START
256 1 2489331532 LICK
256 1 2489332072 REWARD_START
256 1 2489434468 LICK
256 1 2489602156 LICK
256 1 2489777184 LICK
256 1 2490446840 RESP_END
256 1 2489345136 REWARD_END
257 0 2493383528 STIM_START
257 0 2496733192 LICK
257 0 2496888004 LICK
257 0 2497158988 STIM_END_RESP_START
257 0 2497655216 LICK
257 0 2497655752 TIMEOUT_START
257 0 2497828656 LICK
257 0 2497829196 TIMEOUT_START
257 0 2498359036 RESP_END
257 0 2504829752 TIMEOUT_END
258 0 2506783756 STIM_START
258 0 2510059148 STIM_END_RESP_START
258 0 2511259164 RESP_END
259 0 2513458832 STIM_START
259 0 2517299244 LICK
259 0 2517484312 STIM_END_RESP_START
259 0 2517759988 LICK
259 0 2517760528 TIMEOUT_START
259 0 2518684324 RESP_END
259 0 2524761100 TIMEOUT_END
260 1 2526675036 STIM_START
260 1 2530700532 STIM_END_RESP_START
260 1 2530887532 LICK
260 1 2530888072 REWARD_START
260 1 2531028424 LICK
260 1 2531186280 LICK
260 1 2531726484 LICK
260 1 2531900560 RESP_END
260 1 2530901152 REWARD_END
261 1 2533945196 STIM_START
261 1 2537255432 LICK
261 1 2537431864 LICK
261 1 2537470612 STIM_END_RESP_START
261 1 2537598160 LICK
261 1 2537598692 REWARD_START
261 1 2537788668 LICK
261 1 2537968820 LICK
261 1 2538670628 RESP_END
261 1 2537611772 REWARD_END
262 0 2541435436 STIM_START
262 0 2544960880 STIM_END_RESP_START
262 0 2546160892 RESP_END
263 0 2548306564 STIM_START
263 0 2552082016 STIM_END_RESP_START
263 0 2553282032 RESP_END
264 0 2555092644 STIM_START
264 0 2558368044 STIM_END_RESP_START
264 0 2559568060 RESP_END
265 1 2561451720 STIM_START
265 1 2564977160 STIM_END_RESP_START
265 1 2565170716 LICK
265 1 2565171252 REWARD_START
265 1 2565309384 LICK
265 1 2565475996 LICK
265 1 2565615780 LICK
265 1 2565786684 LICK
265 1 2566177172 RESP_END
265 1 2565184324 REWARD_END
266 0 2568354912 STIM_START
266 0 2572130364 STIM_END_RESP_START
266 0 2573330412 RESP_END
267 1 2575093944 STIM_START
267 1 2579119440 STIM_END_RESP_START
267 1 2579316300 LICK
267 1 2579316840 REWARD_START
267 1 2579455684 LICK
267 1 2579612112 LICK
267 1 2579781068 LICK
267 1 2580319472 RESP_END
267 1 2579329912 REWARD_END
268 1 2582256156 STIM_START
268 1 2586031608 STIM_END_RESP_START
268 1 2586235160 LICK
268 1 2586235692 REWARD_START
268 1 2586351804 LICK
268 1 2586532828 LICK
268 1 2586697708 LICK
268 1 2587231644 RESP_END
268 1 2586248772 REWARD_END
269 1 2589466316 STIM_START
269 1 2592741712 STIM_END_RESP_START
269 1 2593077908 LICK
269 1 2593078444 REWARD_START
269 1 2593265968 LICK
269 1 2593437152 LICK
269 1 2593941736 RESP_END
269 1 2593091520 REWARD_END
270 0 2596600552 STIM_START
270 0 2599875952 STIM_END_RESP_START
270 0 2600777048 LICK
270 0 2600777580 TIMEOUT_START
270 0 2600989900 LICK
270 0 2600990432 TIMEOUT_START
270 0 2601075980 RESP_END
270 0 2607990992 TIMEOUT_END
271 1 2609869696 STIM_START
271 1 2613645148 STIM_END_RESP_START
271 1 2613845144 LICK
271 1 2613845676 REWARD_START
271 1 2613973644 LICK
271 1 2614144244 LICK
271 1 2614302688 LICK
271 1 2614806064 LICK
271 1 2614845192 RESP_END
271 1 2613858756 REWARD_END
272 0 2616923864 STIM_START
272 0 2620555544 LICK
272 0 2620699324 STIM_END_RESP_START
272 0 2621899340 RESP_END
273 0 2623843956 STIM_START
273 0 2627369400 STIM_END_RESP_START
273 0 2628569416 RESP_END
274 1 2630758112 STIM_START
274 1 2634783608 STIM_END_RESP_START
274 1 2635043492 LICK
274 1 2635044028 REWARD_START
274 1 2635174292 LICK
274 1 2635359648 LICK
274 1 2635527124 LICK
274 1 2635983620 RESP_END
274 1 2635057100 REWARD_END
275 1 2638368424 STIM_START
275 1 2641735812 LICK
275 1 2641893868 STIM_END_RESP_START
275 1 2641913068 LICK
275 1 2641913600 REWARD_START
275 1 2642148708 LICK
275 1 2642306920 LICK
275 1 2642504940 LICK
275 1 2643093888 RESP_END
275 1 2641926680 REWARD_END
276 0 2646037608 STIM_START
276 0 2649563040 STIM_END_RESP_START
276 0 2649596976 LICK
276 0 2649597508 TIMEOUT_START
276 0 2649791216 LICK
276 0 2649791752 TIMEOUT_START
276 0 2650763068 RESP_END
276 0 2656792308 TIMEOUT_END
277 0 2658736748 STIM_START
277 0 2662262188 STIM_END_RESP_START
277 0 2663246164 LICK
277 0 2663246692 TIMEOUT_START
277 0 2663462216 RESP_END
277 0 2670247256 TIMEOUT_END
278 1 2673680172 STIM_START
278 1 2677455624 STIM_END_RESP_START
278 1 2677689596 LICK
278 1 2677690132 REWARD_START
278 1 2677837188 LICK
278 1 2678001576 LICK
278 1 2678177768 LICK
278 1 2678655652 RESP_END
278 1 2677703208 REWARD_END
279 0 2681297452 STIM_START
279 0 2684822896 STIM_END_RESP_START
279 0 2685282648 LICK
279 0 2685283180 TIMEOUT_START
279 0 2685438148 LICK
279 0 2685438680 TIMEOUT_START
279 0 2686022908 RESP_END
279 0 2692439240 TIMEOUT_END
280 1 2694565612 STIM_START
280 1 2698591104 STIM_END_RESP_START
280 1 2698829716 LICK
280 1 2698830256 REWARD_START
280 1 2698977296 LICK
280 1 2699163692 LICK
280 1 2699313696 LICK
280 1 2699791136 RESP_END
280 1 2698843316 REWARD_END
281 0 2701578740 STIM_START
281 0 2705420624 LICK
281 0 2705570080 LICK
281 0 2705604232 STIM_END_RESP_START
281 0 2706804264 RESP_END
282 1 2708669952 STIM_START
282 1 2712695448 STIM_END_RESP_START
282 1 2713070092 LICK
282 1 2713070632 REWARD_START
282 1 2713202760 LICK
282 1 2713379148 LICK
282 1 2713559848 LICK
282 1 2713895488 RESP_END
282 1 2713083704 REWARD_END
283 0 2717279352 STIM_START
283 0 2721054804 STIM_END_RESP_START
283 0 2722254852 RESP_END
284 0 2724031480 STIM_START
284 0 2728056984 STIM_END_RESP_START
284 0 2729257032 RESP_END
285 1 2731083652 STIM_START
285 1 2735109156 STIM_END_RESP_START
285 1 2735466852 LICK
285 1 2735467388 REWARD_START
285 1 2735615976 LICK
285 1 2735819400 LICK
285 1 2735970088 LICK
285 1 2736309188 RESP_END
285 1 2735480468 REWARD_END
286 0 2738250796 STIM_START
286 0 2742276292 STIM_END_RESP_START
286 0 2743476308 RESP_END
287 1 2745473992 STIM_START
287 1 2748749388 STIM_END_RESP_START
287 1 2749146300 LICK
287 1 2749146836 REWARD_START
287 1 2749294168 LICK
287 1 2749474508 LICK
287 1 2749647748 LICK
287 1 2749949404 RESP_END
287 1 2749159916 REWARD_END
288 0 2752327116 STIM_START
288 0 2755602516 STIM_END_RESP_START
288 0 2756802568 RESP_END
289 1 2758689248 STIM_START
289 1 2761964644 STIM_END_RESP_START
289 1 2762221828 LICK
289 1 2762222364 REWARD_START
289 1 2762389528 LICK
289 1 2762533144 LICK
289 1 2762697784 LICK
289 1 2763164696 RESP_END
289 1 2762235444 REWARD_END
290 0 2765103244 STIM_START
290 0 2768378632 STIM_END_RESP_START
290 0 2769391412 LICK
290 0 2769391952 TIMEOUT_START
290 0 2769578660 RESP_END
290 0 2776392516 TIMEOUT_END
291 0 2778325380 STIM_START
291 0 2781600780 STIM_END_RESP_START
291 0 2782800788 RESP_END
292 1 2784602436 STIM_START
292 1 2788127880 STIM_END_RESP_START
292 1 2788596580 LICK
292 1 2788597120 REWARD_START
292 1 2788767732 LICK
292 1 2788944084 LICK
292 1 2789090368 LICK
292 1 2789327924 RESP_END
292 1 2788610180 REWARD_END
293 1 2791441588 STIM_START
293 1 2795217040 STIM_END_RESP_START
293 1 2795612876 LICK
293 1 2795613416 REWARD_START
293 1 2795740300 LICK
293 1 2795898916 LICK
293 1 2796252844 LICK
293 1 2796417068 RESP_END
293 1 2795626488 REWARD_END
294 1 2799109812 STIM_START
294 1 2803135308 STIM_END_RESP_START
294 1 2803524436 LICK
294 1 2803524976 REWARD_START
294 1 2803676468 LICK
294 1 2803852452 LICK
294 1 2804010836 LICK
294 1 2804335348 RESP_END
294 1 2803538036 REWARD_END
295 0 2806256016 STIM_START
295 0 2809781460 STIM_END_RESP_START
295 0 2810981476 RESP_END
296 0 2813236136 STIM_START
296 0 2817261600 STIM_END_RESP_START
296 0 2818461648 RESP_END
297 1 2820436368 STIM_START
297 1 2824211820 STIM_END_RESP_START
297 1 2824651164 LICK
297 1 2824651696 REWARD_START
297 1 2824771592 LICK
297 1 2824936580 LICK
297 1 2825119684 LICK
297 1 2825411856 RESP_END
297 1 2824664776 REWARD_END
298 1 2827418484 STIM_START
298 1 2831443984 STIM_END_RESP_START
298 1 2831769788 LICK
298 1 2831770320 REWARD_START
298 1 2831930468 LICK
298 1 2832110624 LICK
298 1 2832605624 LICK
298 1 2832644028 RESP_END
298 1 2831783396 REWARD_END
299 0 2834753720 STIM_START
299 0 2838029112 STIM_END_RESP_START
299 0 2839229128 RESP_END
300 0 2841220780 STIM_START
300 0 2844996232 STIM_END_RESP_START
300 0 2846196248 RESP_END
301 0 2848002904 STIM_START
301 0 2851778356 STIM_END_RESP_START
301 0 2852978372 RESP_END
302 1 2855012096 STIM_START
302 1 2858287496 STIM_END_RESP_START
302 1 2858734604 LICK
302 1 2858735140 REWARD_START
302 1 2858900788 LICK
302 1 2859067188 LICK
302 1 2859233480 LICK
302 1 2859487536 RESP_END
302 1 2858748220 REWARD_END
303 0 2862459284 STIM_START
303 0 2866234736 STIM_END_RESP_START
303 0 2867434752 RESP_END
304 1 2869457432 STIM_START
304 1 2873482928 STIM_END_RESP_START
304 1 2873634696 LICK
304 1 2873635236 REWARD_START
304 1 2873787452 LICK
304 1 2873965632 LICK
304 1 2874682952 RESP_END
304 1 2873648296 REWARD_END
305 1 2876448540 STIM_START
305 1 2876801104 LICK
305 1 2876999052 LICK
305 1 2880474020 STIM_END_RESP_START
305 1 2880604716 LICK
305 1 2880605256 REWARD_START
305 1 2880753212 LICK
305 1 2880946256 LICK
305 1 2881674036 RESP_END
305 1 2880618328 REWARD_END
306 0 2884020844 STIM_START
306 0 2887385052 LICK
306 0 2887546268 STIM_END_RESP_START
306 0 2887570620 LICK
306 0 2887571152 TIMEOUT_START
306 0 2888409948 LICK
306 0 2888410484 TIMEOUT_START
306 0 2888746296 RESP_END
306 0 2895411032 TIMEOUT_END
307 1 2897268964 STIM_START
307 1 2901044412 STIM_END_RESP_START
307 1 2901325104 LICK
307 1 2901325636 REWARD_START
307 1 2901457728 LICK
307 1 2901603372 LICK
307 1 2901773452 LICK
307 1 2902244452 RESP_END
307 1 2901338716 REWARD_END
308 0 2904522200 STIM_START
308 0 2907797600 STIM_END_RESP_START
308 0 2908997608 RESP_END
309 0 2911008256 STIM_START
309 0 2914712948 LICK
309 0 2914783728 STIM_END_RESP_START
309 0 2914911700 LICK
309 0 2914912236 TIMEOUT_START
309 0 2915983756 RESP_END
309 0 2921912796 TIMEOUT_END
310 0 2923958360 STIM_START
310 0 2927003604 LICK
310 0 2927209128 LICK
310 0 2927490032 LICK
310 0 2927983848 STIM_END_RESP_START
310 0 2929183864 RESP_END
311 1 2931169612 STIM_START
311 1 2934945064 STIM_END_RESP_START
311 1 2935130052 LICK
311 1 2935130592 REWARD_START
311 1 2935310992 LICK
311 1 2935479968 LICK
311 1 2935610900 LICK
311 1 2936145112 RESP_END
311 1 2935143656 REWARD_END
312 0 2938247740 STIM_START
312 0 2941773180 STIM_END_RESP_START
312 0 2942039568 LICK
312 0 2942040108 TIMEOUT_START
312 0 2942251284 LICK
312 0 2942251816 TIMEOUT_START
312 0 2942411516 LICK
312 0 2942412056 TIMEOUT_START
312 0 2942973228 RESP_END
312 0 2949412608 TIMEOUT_END
313 1 2951460908 STIM_START
313 1 2954736296 STIM_END_RESP_START
313 1 2955113540 LICK
313 1 2955114076 REWARD_START
313 1 2955276584 LICK
313 1 2955443436 LICK
313 1 2955592108 LICK
313 1 2955936340 RESP_END
313 1 2955127156 REWARD_END
314 0 2958953164 STIM_START
314 0 2962728612 STIM_END_RESP_START
314 0 2963928628 RESP_END
315 0 2966068360 STIM_START
315 0 2969593796 STIM_END_RESP_START
315 0 2970793816 RESP_END
316 0 2972942480 STIM_START
316 0 2976967976 STIM_END_RESP_START
316 0 2978167992 RESP_END
317 1 2980247632 STIM_START
317 1 2983523028 STIM_END_RESP_START
317 1 2984723044 RESP_END
318 0 2986658676 STIM_START
318 0 2989934072 STIM_END_RESP_START
318 0 2991134092 RESP_END
319 0 2993175812 STIM_START
319 0 2996701256 STIM_END_RESP_START
319 0 2997901304 RESP_END
320 1 3000006928 STIM_START
320 1 3004032424 STIM_END_RESP_START
320 1 3005232440 RESP_END
321 1 3007229088 STIM_START
321 1 3011254588 STIM_END_RESP_START
321 1 3011728768 LICK
321 1 3011729304 REWARD_START
321 1 3011918796 LICK
321 1 3012035320 LICK
321 1 3012190580 LICK
321 1 3012454616 RESP_END
321 1 3011742384 REWARD_END
322 1 3014592300 STIM_START
322 1 3017867700 STIM_END_RESP_START
322 1 3018203736 LICK
322 1 3018204280 REWARD_START
322 1 3018349788 LICK
322 1 3018532920 LICK
322 1 3019067724 RESP_END
322 1 3018217352 REWARD_END
323 0 3020877384 STIM_START
323 0 3024652836 STIM_END_RESP_START
323 0 3025852848 RESP_END
324 1 3027873492 STIM_START
324 1 3031398932 STIM_END_RESP_START
324 1 3031770844 LICK
324 1 3031771388 REWARD_START
324 1 3031902900 LICK
324 1 3032049212 LICK
324 1 3032598972 RESP_END
324 1 3031784464 REWARD_END
325 1 3034692628 STIM_START
325 1 3038468072 STIM_END_RESP_START
325 1 3038835860 LICK
325 1 3038836392 REWARD_START
325 1 3038977092 LICK
325 1 3039166580 LICK
325 1 3039325204 LICK
325 1 3039668092 RESP_END
325 1 3038849476 REWARD_END
326 0 3041851828 STIM_START
326 0 3045627276 STIM_END_RESP_START
326 0 3046827292 RESP_END
327 1 3048751948 STIM_START
327 1 3052777444 STIM_END_RESP_START
327 1 3053977460 RESP_END
328 1 3056045136 STIM_START
328 1 3060070632 STIM_END_RESP_START
328 1 3061270648 RESP_END
329 0 3063299320 STIM_START
329 0 3066824764 STIM_END_RESP_START
329 0 3068024776 RESP_END
330 0 3070003520 STIM_START
330 0 3073778972 STIM_END_RESP_START
330 0 3074978988 RESP_END
331 1 3077121592 STIM_START
331 1 3080647036 STIM_END_RESP_START
331 1 3081847052 RESP_END
332 0 3083926736 STIM_START
332 0 3087202128 STIM_END_RESP_START
332 0 3088402144 RESP_END
333 1 3090260768 STIM_START
333 1 3094286264 STIM_END_RESP_START
333 1 3095486276 RESP_END
334 1 3097524964 STIM_START
334 1 3100800360 STIM_END_RESP_START
334 1 3102000376 RESP_END
335 0 3104075032 STIM_START
335 0 3107850484 STIM_END_RESP_START
335 0 3109050500 RESP_END
336 0 3110782180 STIM_START
336 0 3114057576 STIM_END_RESP_START
336 0 3115257592 RESP_END
337 1 3117215236 STIM_START
337 1 3121240732 STIM_END_RESP_START
337 1 3122440748 RESP_END
338 1 3124261380 STIM_START
338 1 3128036832 STIM_END_RESP_START
338 1 3129236848 RESP_END
339 1 3131329528 STIM_START
339 1 3135104980 STIM_END_RESP_START
339 1 3136304996 RESP_END
340 0 3138266688 STIM_START
340 0 3142292184 STIM_END_RESP_START
340 0 3143492204 RESP_END
341 1 3145299848 STIM_START
341 1 3149325352 STIM_END_RESP_START
341 1 3150525400 RESP_END
342 0 3152247964 STIM_START
342 0 3155773404 STIM_END_RESP_START
342 0 3156973420 RESP_END
343 1 3159040124 STIM_START
343 1 3162815568 STIM_END_RESP_START
343 1 3164015580 RESP_END
344 0 3165813224 STIM_START
344 0 3169338668 STIM_END_RESP_START
344 0 3170538684 RESP_END
345 1 3172327312 STIM_START
345 1 3175852756 STIM_END_RESP_START
345 1 3177052772 RESP_END
346 0 3178957408 STIM_START
346 0 3182982904 STIM_END_RESP_START
346 0 3184182924 RESP_END
347 0 3185927556 STIM_START
347 0 3189953052 STIM_END_RESP_START
347 0 3191153068 RESP_END
348 1 3193009664 STIM_START
348 1 3197035164 STIM_END_RESP_START
348 1 3198235180 RESP_END
349 0 3200051820 STIM_START
349 0 3203327216 STIM_END_RESP_START
349 0 3204527232 RESP_END
350 0 3206719944 STIM_START
350 0 3210495396 STIM_END_RESP_START
350 0 3211695412 RESP_END
USER_EXIT