001 2 2 7 0022713920 STIM_START
001 2 2 7 0025839296 STIM_END_RESP_START
001 2 2 7 0027039316 RESP_END
002 2 4 6 0028829908 STIM_START
002 2 4 6 0032355320 STIM_END_RESP_START
002 2 4 6 0033555340 RESP_END
003 1 4 1 0035356992 STIM_START
003 1 4 1 0038882412 STIM_END_RESP_START
003 1 4 1 0039327108 LICK
003 1 4 1 0039327548 REWARD_START
003 1 4 1 0039497912 LICK
003 1 4 1 0039646112 LICK
003 1 4 1 0039795360 LICK
003 1 4 1 0039944160 LICK
003 1 4 1 0040082456 RESP_END
003 1 4 1 0039340520 REWARD_END
004 0 3 8 0042067068 STIM_START
004 0 3 8 0045342452 STIM_END_RESP_START
004 0 3 8 0046542472 RESP_END
005 1 2 6 0048312144 STIM_START
005 1 2 6 0051437520 STIM_END_RESP_START
005 1 2 6 0052593084 LICK
005 1 2 6 0052593516 REWARD_START
005 1 2 6 0052637544 RESP_END
005 1 2 6 0052606492 REWARD_END
006 2 2 2 0055776300 STIM_START
006 2 2 2 0058901684 STIM_END_RESP_START
006 2 2 2 0060101700 RESP_END
007 0 2 10 0061814328 STIM_START
007 0 2 10 0064939704 STIM_END_RESP_START
007 0 2 10 0066139724 RESP_END
008 1 2 4 0067855300 STIM_START
008 1 2 4 0070980684 STIM_END_RESP_START
008 1 2 4 0071383896 LICK
008 1 2 4 0071384340 REWARD_START
008 1 2 4 0071530644 LICK
008 1 2 4 0071686896 LICK
008 1 2 4 0071830948 LICK
008 1 2 4 0072180704 RESP_END
008 1 2 4 0071397308 REWARD_END
009 0 5 6 0075186456 STIM_START
009 0 5 6 0079211940 STIM_END_RESP_START
009 0 5 6 0080411960 RESP_END
010 1 4 10 0082130556 STIM_START
010 1 4 10 0085655976 STIM_END_RESP_START
010 1 4 10 0086542256 LICK
010 1 4 10 0086542700 REWARD_START
010 1 4 10 0086733436 LICK
010 1 4 10 0086855988 RESP_END
010 1 4 10 0086555672 REWARD_END
011 1 2 4 0088913684 STIM_START
011 1 2 4 0089218244 LICK
011 1 2 4 0090221608 LICK
011 1 2 4 0092039060 STIM_END_RESP_START
011 1 2 4 0092301160 LICK
011 1 2 4 0092301604 REWARD_START
011 1 2 4 0092439968 LICK
011 1 2 4 0092611836 LICK
011 1 2 4 0092795656 LICK
011 1 2 4 0093239072 RESP_END
011 1 2 4 0092314572 REWARD_END
012 1 5 7 0096120836 STIM_START
012 1 5 7 0100146316 STIM_END_RESP_START
012 1 5 7 0100482620 LICK
012 1 5 7 0100483108 REWARD_START
012 1 5 7 0100646336 LICK
012 1 5 7 0100802916 LICK
012 1 5 7 0100987388 LICK
012 1 5 7 0101346360 RESP_END
012 1 5 7 0100496120 REWARD_END
013 0 1 10 0103059956 STIM_START
013 0 1 10 0103266120 LICK
013 0 1 10 0103488296 LICK
013 0 1 10 0106135324 STIM_END_RESP_START
013 0 1 10 0107335360 RESP_END
014 1 1 5 0109044936 STIM_START
014 1 1 5 0111895420 LICK
014 1 1 5 0112073924 LICK
014 1 1 5 0112120316 STIM_END_RESP_START
014 1 1 5 0112397856 LICK
014 1 1 5 0112398344 REWARD_START
014 1 1 5 0112550336 LICK
014 1 1 5 0112686144 LICK
014 1 1 5 0113320336 RESP_END
014 1 1 5 0112411360 REWARD_END
015 1 5 3 0115649040 STIM_START
015 1 5 3 0119122192 LICK
015 1 5 3 0119288288 LICK
015 1 5 3 0119518804 LICK
015 1 5 3 0119674500 STIM_END_RESP_START
015 1 5 3 0119923048 LICK
015 1 5 3 0119923536 REWARD_START
015 1 5 3 0120099020 LICK
015 1 5 3 0120275140 LICK
015 1 5 3 0120443672 LICK
015 1 5 3 0120653096 LICK
015 1 5 3 0120874536 RESP_END
015 1 5 3 0119936556 REWARD_END
016 1 1 2 0122587156 STIM_START
016 1 1 2 0125662520 STIM_END_RESP_START
016 1 1 2 0125924144 LICK
016 1 1 2 0125924632 REWARD_START
016 1 1 2 0126069968 LICK
016 1 1 2 0126215236 LICK
016 1 1 2 0126399112 LICK
016 1 1 2 0126862540 RESP_END
016 1 1 2 0125937648 REWARD_END
017 0 2 6 0129395268 STIM_START
017 0 2 6 0132520656 STIM_END_RESP_START
017 0 2 6 0133720692 RESP_END
018 2 4 4 0137101464 STIM_START
018 2 4 4 0140626892 STIM_END_RESP_START
018 2 4 4 0140628756 LICK
018 2 4 4 0140629256 REWARD_START
018 2 4 4 0140853008 LICK
018 2 4 4 0140997092 LICK
018 2 4 4 0141165944 LICK
018 2 4 4 0141345164 LICK
018 2 4 4 0141826944 RESP_END
018 2 4 4 0140642272 REWARD_END
019 1 4 9 0143548520 STIM_START
019 1 4 9 0147073952 STIM_END_RESP_START
019 1 4 9 0147253752 LICK
019 1 4 9 0147254236 REWARD_START
019 1 4 9 0147397140 LICK
019 1 4 9 0147543920 LICK
019 1 4 9 0147706152 LICK
019 1 4 9 0148273996 RESP_END
019 1 4 9 0147267256 REWARD_END
020 0 4 5 0150508680 STIM_START
020 0 4 5 0153832008 LICK
020 0 4 5 0154001320 LICK
020 0 4 5 0154034108 STIM_END_RESP_START
020 0 4 5 0154195428 LICK
020 0 4 5 0154195908 TIMEOUT_START
020 0 4 5 0155234124 RESP_END
020 0 4 5 0161196396 TIMEOUT_END
021 0 4 3 0162919676 STIM_START
021 0 4 3 0165014248 LICK
021 0 4 3 0165269688 LICK
021 0 4 3 0166109900 LICK
021 0 4 3 0166445116 STIM_END_RESP_START
021 0 4 3 0167645144 RESP_END
022 1 2 7 0169349756 STIM_START
022 1 2 7 0169580764 LICK
022 1 2 7 0172475120 STIM_END_RESP_START
022 1 2 7 0172854032 LICK
022 1 2 7 0172854520 REWARD_START
022 1 2 7 0173040952 LICK
022 1 2 7 0173216248 LICK
022 1 2 7 0173380316 LICK
022 1 2 7 0173675168 RESP_END
022 1 2 7 0172867532 REWARD_END
023 2 1 4 0176913932 STIM_START
023 2 1 4 0179989296 STIM_END_RESP_START
023 2 1 4 0180279468 LICK
023 2 1 4 0180279948 REWARD_START
023 2 1 4 0180430216 LICK
023 2 1 4 0180613460 LICK
023 2 1 4 0180771008 LICK
023 2 1 4 0181189332 RESP_END
023 2 1 4 0180292972 REWARD_END
024 1 3 8 0183549048 STIM_START
024 1 3 8 0186824448 STIM_END_RESP_START
024 1 3 8 0187189660 LICK
024 1 3 8 0187190144 REWARD_START
024 1 3 8 0187375912 LICK
024 1 3 8 0187553592 LICK
024 1 3 8 0187753892 LICK
024 1 3 8 0187951688 LICK
024 1 3 8 0188024488 RESP_END
024 1 3 8 0187203164 REWARD_END
025 0 4 4 0189752012 STIM_START
025 0 4 4 0193277448 STIM_END_RESP_START
025 0 4 4 0194007116 LICK
025 0 4 4 0194007600 TIMEOUT_START
025 0 4 4 0194148776 LICK
025 0 4 4 0194149264 TIMEOUT_START
025 0 4 4 0194333920 LICK
025 0 4 4 0194334404 TIMEOUT_START
025 0 4 4 0194477464 RESP_END
025 0 4 4 0201334896 TIMEOUT_END
026 0 5 3 0203078196 STIM_START
026 0 5 3 0207103692 STIM_END_RESP_START
026 0 5 3 0208303728 RESP_END
027 0 5 9 0210043324 STIM_START
027 0 5 9 0213454972 LICK
027 0 5 9 0213620700 LICK
027 0 5 9 0214068788 STIM_END_RESP_START
027 0 5 9 0214889960 LICK
027 0 5 9 0214890444 TIMEOUT_START
027 0 5 9 0215102208 LICK
027 0 5 9 0215102696 TIMEOUT_START
027 0 5 9 0215268808 RESP_END
027 0 5 9 0222103180 TIMEOUT_END
028 2 2 4 0223810616 STIM_START
028 2 2 4 0226936008 STIM_END_RESP_START
028 2 2 4 0228136044 RESP_END
029 0 3 9 0229845568 STIM_START
029 0 3 9 0233120976 STIM_END_RESP_START
029 0 3 9 0234321012 RESP_END
030 1 4 6 0236055540 STIM_START
030 1 4 6 0239580976 STIM_END_RESP_START
030 1 4 6 0240391880 LICK
030 1 4 6 0240392372 REWARD_START
030 1 4 6 0240566708 LICK
030 1 4 6 0240780992 RESP_END
030 1 4 6 0240405388 REWARD_END
031 1 3 10 0243010672 STIM_START
031 1 3 10 0246286076 STIM_END_RESP_START
031 1 3 10 0246642208 LICK
031 1 3 10 0246642696 REWARD_START
031 1 3 10 0246825324 LICK
031 1 3 10 0246995584 LICK
031 1 3 10 0247168800 LICK
031 1 3 10 0247486088 RESP_END
031 1 3 10 0246655712 REWARD_END
032 2 3 7 0249203696 STIM_START
032 2 3 7 0249249876 LICK
032 2 3 7 0252479108 STIM_END_RESP_START
032 2 3 7 0252888120 LICK
032 2 3 7 0252888604 REWARD_START
032 2 3 7 0253035276 LICK
032 2 3 7 0253201048 LICK
032 2 3 7 0253370612 LICK
032 2 3 7 0253679140 RESP_END
032 2 3 7 0252901624 REWARD_END
033 0 5 10 0255417680 STIM_START
033 0 5 10 0255722596 LICK
033 0 5 10 0256979484 LICK
033 0 5 10 0257151768 LICK
033 0 5 10 0258183560 LICK
033 0 5 10 0258420516 LICK
033 0 5 10 0259443156 STIM_END_RESP_START
033 0 5 10 0260643192 RESP_END
034 2 1 2 0262663860 STIM_START
034 2 1 2 0264897628 LICK
034 2 1 2 0265053488 LICK
034 2 1 2 0265284780 LICK
034 2 1 2 0265739212 STIM_END_RESP_START
034 2 1 2 0266939232 RESP_END
035 1 4 3 0268862856 STIM_START
035 1 4 3 0272388292 STIM_END_RESP_START
035 1 4 3 0272603924 LICK
035 1 4 3 0272604416 REWARD_START
035 1 4 3 0272759544 LICK
035 1 4 3 0272949096 LICK
035 1 4 3 0273111072 LICK
035 1 4 3 0273300228 LICK
035 1 4 3 0273470704 LICK
035 1 4 3 0273588324 RESP_END
035 1 4 3 0272617432 REWARD_END
036 2 5 2 0275328952 STIM_START
036 2 5 2 0278981776 LICK
036 2 5 2 0279150252 LICK
036 2 5 2 0279354420 STIM_END_RESP_START
036 2 5 2 0280415320 LICK
036 2 5 2 0280415808 REWARD_START
036 2 5 2 0280554440 RESP_END
036 2 5 2 0280428828 REWARD_END
037 0 1 8 0283684260 STIM_START
037 0 1 8 0284044604 LICK
037 0 1 8 0286759628 STIM_END_RESP_START
037 0 1 8 0287959664 RESP_END
038 1 5 9 0289702264 STIM_START
038 1 5 9 0293727760 STIM_END_RESP_START
038 1 5 9 0293924240 LICK
038 1 5 9 0293924728 REWARD_START
038 1 5 9 0294067804 LICK
038 1 5 9 0294220852 LICK
038 1 5 9 0294390268 LICK
038 1 5 9 0294578736 LICK
038 1 5 9 0294927788 RESP_END
038 1 5 9 0293937748 REWARD_END
039 2 3 10 0296646440 STIM_START
039 2 3 10 0299587424 LICK
039 2 3 10 0299732688 LICK
039 2 3 10 0299921392 LICK
039 2 3 10 0299921920 STIM_END_RESP_START
039 2 3 10 0301121968 RESP_END
040 2 1 6 0302829448 STIM_START
040 2 1 6 0305904816 STIM_END_RESP_START
040 2 1 6 0306701704 LICK
040 2 1 6 0306702188 REWARD_START
040 2 1 6 0306879856 LICK
040 2 1 6 0307080500 LICK
040 2 1 6 0307104836 RESP_END
040 2 1 6 0306715212 REWARD_END
041 0 3 6 0310315632 STIM_START
041 0 3 6 0313591040 STIM_END_RESP_START
041 0 3 6 0314566640 LICK
041 0 3 6 0314567132 TIMEOUT_START
041 0 3 6 0314722532 LICK
041 0 3 6 0314723016 TIMEOUT_START
041 0 3 6 0314791072 RESP_END
041 0 3 6 0321723508 TIMEOUT_END
042 1 3 2 0323441720 STIM_START
042 1 3 2 0326717128 STIM_END_RESP_START
042 1 3 2 0327130152 LICK
042 1 3 2 0327130636 REWARD_START
042 1 3 2 0327288224 LICK
042 1 3 2 0327456300 LICK
042 1 3 2 0327633656 LICK
042 1 3 2 0327917144 RESP_END
042 1 3 2 0327143644 REWARD_END
043 2 1 6 0330246832 STIM_START
043 2 1 6 0333322196 STIM_END_RESP_START
043 2 1 6 0334055320 LICK
043 2 1 6 0334055812 REWARD_START
043 2 1 6 0334228712 LICK
043 2 1 6 0334448976 LICK
043 2 1 6 0334522212 RESP_END
043 2 1 6 0334068820 REWARD_END
044 0 1 7 0337409984 STIM_START
044 0 1 7 0340485352 STIM_END_RESP_START
044 0 1 7 0341381132 LICK
044 0 1 7 0341381616 TIMEOUT_START
044 0 1 7 0341540148 LICK
044 0 1 7 0341540632 TIMEOUT_START
044 0 1 7 0341685400 RESP_END
044 0 1 7 0348541124 TIMEOUT_END
045 1 3 4 0350257128 STIM_START
045 1 3 4 0353532496 STIM_END_RESP_START
045 1 3 4 0353838656 LICK
045 1 3 4 0353839148 REWARD_START
045 1 3 4 0354020436 LICK
045 1 3 4 0354198436 LICK
045 1 3 4 0354394972 LICK
045 1 3 4 0354558572 LICK
045 1 3 4 0354732524 RESP_END
045 1 3 4 0353852164 REWARD_END
046 0 4 4 0356447160 STIM_START
046 0 4 4 0359972560 STIM_END_RESP_START
046 0 4 4 0361172596 RESP_END
047 1 1 4 0362871184 STIM_START
047 1 1 4 0365946548 STIM_END_RESP_START
047 1 1 4 0366289008 LICK
047 1 1 4 0366289492 REWARD_START
047 1 1 4 0366473436 LICK
047 1 1 4 0366667012 LICK
047 1 1 4 0366822476 LICK
047 1 1 4 0367146596 RESP_END
047 1 1 4 0366302516 REWARD_END
048 0 4 10 0369293216 STIM_START
048 0 4 10 0372818652 STIM_END_RESP_START
048 0 4 10 0374018688 RESP_END
049 0 4 7 0375737216 STIM_START
049 0 4 7 0379262652 STIM_END_RESP_START
049 0 4 7 0380462692 RESP_END
050 0 5 8 0382194328 STIM_START
050 0 5 8 0386219784 STIM_END_RESP_START
050 0 5 8 0387419824 RESP_END
051 1 1 6 0389120396 STIM_START
051 1 1 6 0392195756 STIM_END_RESP_START
051 1 1 6 0393032696 LICK
051 1 1 6 0393033192 REWARD_START
051 1 1 6 0393179064 LICK
051 1 1 6 0393382364 LICK
051 1 1 6 0393395788 RESP_END
051 1 1 6 0393046216 REWARD_END
052 0 5 4 0396654664 STIM_START
052 0 5 4 0400246996 LICK
052 0 5 4 0400389280 LICK
052 0 5 4 0400585300 LICK
052 0 5 4 0400680136 STIM_END_RESP_START
052 0 5 4 0401766432 LICK
052 0 5 4 0401766912 TIMEOUT_START
052 0 5 4 0401880176 RESP_END
052 0 5 4 0408767396 TIMEOUT_END
053 1 2 2 0410481888 STIM_START
053 1 2 2 0413607244 STIM_END_RESP_START
053 1 2 2 0414021060 LICK
053 1 2 2 0414021544 REWARD_START
053 1 2 2 0414205236 LICK
053 1 2 2 0414364988 LICK
053 1 2 2 0414530340 LICK
053 1 2 2 0414807288 RESP_END
053 1 2 2 0414034568 REWARD_END
054 0 5 10 0416541896 STIM_START
054 0 5 10 0416868616 LICK
054 0 5 10 0419681568 LICK
054 0 5 10 0419836360 LICK
054 0 5 10 0419878016 LICK
054 0 5 10 0420567384 STIM_END_RESP_START
054 0 5 10 0420731080 LICK
054 0 5 10 0420731564 TIMEOUT_START
054 0 5 10 0421767408 RESP_END
054 0 5 10 0427732056 TIMEOUT_END
055 2 5 3 0429470948 STIM_START
055 2 5 3 0433361108 LICK
055 2 5 3 0433496424 STIM_END_RESP_START
055 2 5 3 0433542872 LICK
055 2 5 3 0433543364 REWARD_START
055 2 5 3 0434696452 RESP_END
055 2 5 3 0433556380 REWARD_END
056 0 3 1 0436409092 STIM_START
056 0 3 1 0439684500 STIM_END_RESP_START
056 0 3 1 0440884536 RESP_END
057 0 3 5 0442600096 STIM_START
057 0 3 5 0445875504 STIM_END_RESP_START
057 0 3 5 0447075540 RESP_END
058 0 3 2 0448793184 STIM_START
058 0 3 2 0452068592 STIM_END_RESP_START
058 0 3 2 0453268628 RESP_END
059 2 5 7 0455025152 STIM_START
059 2 5 7 0459050648 STIM_END_RESP_START
059 2 5 7 0460250684 RESP_END
060 1 2 3 0463405512 STIM_START
060 1 2 3 0466530868 STIM_END_RESP_START
060 1 2 3 0466983004 LICK
060 1 2 3 0466983488 REWARD_START
060 1 2 3 0467140256 LICK
060 1 2 3 0467452212 LICK
060 1 2 3 0467620800 LICK
060 1 2 3 0467730900 RESP_END
060 1 2 3 0466996508 REWARD_END
061 1 2 3 0469539460 STIM_START
061 1 2 3 0472664812 STIM_END_RESP_START
061 1 2 3 0472748560 LICK
061 1 2 3 0472749044 REWARD_START
061 1 2 3 0472921132 LICK
061 1 2 3 0473082600 LICK
061 1 2 3 0473249164 LICK
061 1 2 3 0473612548 LICK
061 1 2 3 0473864828 RESP_END
061 1 2 3 0472762068 REWARD_END
062 0 1 2 0475562480 STIM_START
062 0 1 2 0475951212 LICK
062 0 1 2 0478637836 STIM_END_RESP_START
062 0 1 2 0479837876 RESP_END
063 0 2 5 0481553416 STIM_START
063 0 2 5 0484336396 LICK
063 0 2 5 0484489164 LICK
063 0 2 5 0484678788 STIM_END_RESP_START
063 0 2 5 0484702356 LICK
063 0 2 5 0484702844 TIMEOUT_START
063 0 2 5 0485259048 LICK
063 0 2 5 0485259536 TIMEOUT_START
063 0 2 5 0485439456 LICK
063 0 2 5 0485439948 TIMEOUT_START
063 0 2 5 0485878836 RESP_END
063 0 2 5 0492440432 TIMEOUT_END
064 1 3 9 0494160460 STIM_START
064 1 3 9 0497435868 STIM_END_RESP_START
064 1 3 9 0497852036 LICK
064 1 3 9 0497852528 REWARD_START
064 1 3 9 0497997300 LICK
064 1 3 9 0498179436 LICK
064 1 3 9 0498341900 LICK
064 1 3 9 0498635904 RESP_END
064 1 3 9 0497865544 REWARD_END
065 2 5 10 0502607884 STIM_START
065 2 5 10 0506633344 STIM_END_RESP_START
065 2 5 10 0506843236 LICK
065 2 5 10 0506843724 REWARD_START
065 2 5 10 0506985524 LICK
065 2 5 10 0507167196 LICK
065 2 5 10 0507344348 LICK
065 2 5 10 0507833364 RESP_END
065 2 5 10 0506856748 REWARD_END
066 1 1 6 0510746196 STIM_START
066 1 1 6 0513821564 STIM_END_RESP_START
066 1 1 6 0514042224 LICK
066 1 1 6 0514042708 REWARD_START
066 1 1 6 0514182432 LICK
066 1 1 6 0514366532 LICK
066 1 1 6 0514510680 LICK
066 1 1 6 0514699680 LICK
066 1 1 6 0514852856 LICK
066 1 1 6 0515021600 RESP_END
066 1 1 6 0514055732 REWARD_END
067 0 3 10 0517003220 STIM_START
067 0 3 10 0517331616 LICK
067 0 3 10 0520084712 LICK
067 0 3 10 0520278612 STIM_END_RESP_START
067 0 3 10 0520323136 LICK
067 0 3 10 0520323620 TIMEOUT_START
067 0 3 10 0520677280 LICK
067 0 3 10 0520677772 TIMEOUT_START
067 0 3 10 0521478644 RESP_END
067 0 3 10 0527678256 TIMEOUT_END
068 0 3 9 0529387180 STIM_START
068 0 3 9 0532662588 STIM_END_RESP_START
068 0 3 9 0533862624 RESP_END
069 0 1 7 0535566184 STIM_START
069 0 1 7 0538641552 STIM_END_RESP_START
069 0 1 7 0539841588 RESP_END
070 1 4 10 0541575192 STIM_START
070 1 4 10 0545100624 STIM_END_RESP_START
070 1 4 10 0545490252 LICK
070 1 4 10 0545490736 REWARD_START
070 1 4 10 0545695116 LICK
070 1 4 10 0545874360 LICK
070 1 4 10 0546051008 LICK
070 1 4 10 0546300652 RESP_END
070 1 4 10 0545503756 REWARD_END
071 2 2 8 0548908348 STIM_START
071 2 2 8 0552033740 STIM_END_RESP_START
071 2 2 8 0552497280 LICK
071 2 2 8 0552497764 REWARD_START
071 2 2 8 0552665572 LICK
071 2 2 8 0552845040 LICK
071 2 2 8 0553018356 LICK
071 2 2 8 0553213708 LICK
071 2 2 8 0553233772 RESP_END
071 2 2 8 0552510788 REWARD_END
072 0 2 1 0555538436 STIM_START
072 0 2 1 0558663804 STIM_END_RESP_START
072 0 2 1 0559863840 RESP_END
073 0 2 3 0561576464 STIM_START
073 0 2 3 0564701856 STIM_END_RESP_START
073 0 2 3 0565901896 RESP_END
074 1 4 8 0567620396 STIM_START
074 1 4 8 0571066072 LICK
074 1 4 8 0571145828 STIM_END_RESP_START
074 1 4 8 0571279216 LICK
074 1 4 8 0571279708 REWARD_START
074 1 4 8 0572119640 LICK
074 1 4 8 0572286700 LICK
074 1 4 8 0572345848 RESP_END
074 1 4 8 0571292732 REWARD_END
075 1 3 6 0575378712 STIM_START
075 1 3 6 0578654116 STIM_END_RESP_START
075 1 3 6 0578987160 LICK
075 1 3 6 0578987644 REWARD_START
075 1 3 6 0579193752 LICK
075 1 3 6 0579337940 LICK
075 1 3 6 0579854152 RESP_END
075 1 3 6 0579000668 REWARD_END
076 2 5 7 0582203808 STIM_START
076 2 5 7 0582525756 LICK
076 2 5 7 0586229268 STIM_END_RESP_START
076 2 5 7 0586293932 LICK
076 2 5 7 0586294424 REWARD_START
076 2 5 7 0586522316 LICK
076 2 5 7 0586667808 LICK
076 2 5 7 0586839548 LICK
076 2 5 7 0587411036 LICK
076 2 5 7 0587429288 RESP_END
076 2 5 7 0586307440 REWARD_END
077 0 4 7 0590731144 STIM_START
077 0 4 7 0594256548 STIM_END_RESP_START
077 0 4 7 0594474948 LICK
077 0 4 7 0594475440 TIMEOUT_START
077 0 4 7 0594641320 LICK
077 0 4 7 0594641804 TIMEOUT_START
077 0 4 7 0595456576 RESP_END
077 0 4 7 0601642296 TIMEOUT_END
078 2 3 10 0603359220 STIM_START
078 2 3 10 0606634588 STIM_END_RESP_START
078 2 3 10 0607695376 LICK
078 2 3 10 0607695864 REWARD_START
078 2 3 10 0607833468 LICK
078 2 3 10 0607834632 RESP_END
078 2 3 10 0607708888 REWARD_END
079 1 5 4 0610746396 STIM_START
079 1 5 4 0614771864 STIM_END_RESP_START
079 1 5 4 0615094384 LICK
079 1 5 4 0615094868 REWARD_START
079 1 5 4 0615244104 LICK
079 1 5 4 0615420084 LICK
079 1 5 4 0615971880 RESP_END
079 1 5 4 0615107892 REWARD_END
080 0 4 5 0618567692 STIM_START
080 0 4 5 0622093124 STIM_END_RESP_START
080 0 4 5 0622264424 LICK
080 0 4 5 0622264908 TIMEOUT_START
080 0 4 5 0622422044 LICK
080 0 4 5 0622422532 TIMEOUT_START
080 0 4 5 0622614124 LICK
080 0 4 5 0622614612 TIMEOUT_START
080 0 4 5 0622826972 LICK
080 0 4 5 0622827460 TIMEOUT_START
080 0 4 5 0623293164 RESP_END
080 0 4 5 0629827952 TIMEOUT_END
081 0 4 8 0631553824 STIM_START
081 0 4 8 0635079224 STIM_END_RESP_START
081 0 4 8 0636279260 RESP_END
082 1 1 3 0637986828 STIM_START
082 1 1 3 0641062192 STIM_END_RESP_START
082 1 1 3 0641438656 LICK
082 1 1 3 0641439148 REWARD_START
082 1 1 3 0641629972 LICK
082 1 1 3 0641789372 LICK
082 1 1 3 0641965916 LICK
082 1 1 3 0642262236 RESP_END
082 1 1 3 0641452172 REWARD_END
083 0 5 3 0644015852 STIM_START
083 0 5 3 0648041348 STIM_END_RESP_START
083 0 5 3 0649241384 RESP_END
084 0 3 6 0650950932 STIM_START
084 0 3 6 0654226332 STIM_END_RESP_START
084 0 3 6 0655426372 RESP_END
085 2 4 5 0657149968 STIM_START
085 2 4 5 0660675360 STIM_END_RESP_START
085 2 4 5 0661392020 LICK
085 2 4 5 0661392508 REWARD_START
085 2 4 5 0661588772 LICK
085 2 4 5 0661751088 LICK
085 2 4 5 0661875404 RESP_END
085 2 4 5 0661405524 REWARD_END
086 0 4 7 0663856072 STIM_START
086 0 4 7 0667381508 STIM_END_RESP_START
086 0 4 7 0668227344 LICK
086 0 4 7 0668227832 TIMEOUT_START
086 0 4 7 0668445036 LICK
086 0 4 7 0668445524 TIMEOUT_START
086 0 4 7 0668581540 RESP_END
086 0 4 7 0675446012 TIMEOUT_END
087 0 3 2 0677167204 STIM_START
087 0 3 2 0680442604 STIM_END_RESP_START
087 0 3 2 0681642640 RESP_END
088 2 2 6 0683349216 STIM_START
088 2 2 6 0686474608 STIM_END_RESP_START
088 2 2 6 0687674648 RESP_END
089 1 2 5 0689388188 STIM_START
089 1 2 5 0692513580 STIM_END_RESP_START
089 1 2 5 0692882500 LICK
089 1 2 5 0692882984 REWARD_START
089 1 2 5 0693039952 LICK
089 1 2 5 0693229164 LICK
089 1 2 5 0693389804 LICK
089 1 2 5 0693549956 LICK
089 1 2 5 0693713616 RESP_END
089 1 2 5 0692896004 REWARD_END
090 2 2 8 0695430204 STIM_START
090 2 2 8 0698555600 STIM_END_RESP_START
090 2 2 8 0699270828 LICK
090 2 2 8 0699271316 REWARD_START
090 2 2 8 0699427772 LICK
090 2 2 8 0699609004 LICK
090 2 2 8 0699755612 RESP_END
090 2 2 8 0699284336 REWARD_END
091 0 3 8 0701835244 STIM_START
091 0 3 8 0704556736 LICK
091 0 3 8 0704747236 LICK
091 0 3 8 0705110652 STIM_END_RESP_START
091 0 3 8 0705608528 LICK
091 0 3 8 0705609016 TIMEOUT_START
091 0 3 8 0705794884 LICK
091 0 3 8 0705795372 TIMEOUT_START
091 0 3 8 0706310684 RESP_END
091 0 3 8 0712795856 TIMEOUT_END
092 1 5 8 0714552324 STIM_START
092 1 5 8 0718577780 STIM_END_RESP_START
092 1 5 8 0718914544 LICK
092 1 5 8 0718915036 REWARD_START
092 1 5 8 0719092116 LICK
092 1 5 8 0719273520 LICK
092 1 5 8 0719444980 LICK
092 1 5 8 0719777824 RESP_END
092 1 5 8 0718928060 REWARD_END
093 1 5 6 0722384544 STIM_START
093 1 5 6 0726410040 STIM_END_RESP_START
093 1 5 6 0726603764 LICK
093 1 5 6 0726604256 REWARD_START
093 1 5 6 0726804488 LICK
093 1 5 6 0726955836 LICK
093 1 5 6 0727146680 LICK
093 1 5 6 0727610052 RESP_END
093 1 5 6 0726617264 REWARD_END
094 0 5 3 0729358708 STIM_START
094 0 5 3 0729727108 LICK
094 0 5 3 0733384200 STIM_END_RESP_START
094 0 5 3 0733695740 LICK
094 0 5 3 0733696232 TIMEOUT_START
094 0 5 3 0733836032 LICK
094 0 5 3 0733836524 TIMEOUT_START
094 0 5 3 0734022056 LICK
094 0 5 3 0734022540 TIMEOUT_START
094 0 5 3 0734584232 RESP_END
094 0 5 3 0741023028 TIMEOUT_END
095 0 3 1 0742749872 STIM_START
095 0 3 1 0746025280 STIM_END_RESP_START
095 0 3 1 0747225316 RESP_END
096 0 5 1 0748997876 STIM_START
096 0 5 1 0752985944 LICK
096 0 5 1 0753023352 STIM_END_RESP_START
096 0 5 1 0754223384 RESP_END
097 2 1 2 0755937020 STIM_START
097 2 1 2 0759012388 STIM_END_RESP_START
097 2 1 2 0760212420 RESP_END
098 1 4 2 0761940988 STIM_START
098 1 4 2 0765466384 STIM_END_RESP_START
098 1 4 2 0765952596 LICK
098 1 4 2 0765953088 REWARD_START
098 1 4 2 0766111644 LICK
098 1 4 2 0766282432 LICK
098 1 4 2 0766456444 LICK
098 1 4 2 0766632780 LICK
098 1 4 2 0766666428 RESP_END
098 1 4 2 0765966104 REWARD_END
099 1 2 3 0768397028 STIM_START
099 1 2 3 0771522420 STIM_END_RESP_START
099 1 2 3 0771892092 LICK
099 1 2 3 0771892584 REWARD_START
099 1 2 3 0772089196 LICK
099 1 2 3 0772256244 LICK
099 1 2 3 0772420512 LICK
099 1 2 3 0772722460 RESP_END
099 1 2 3 0771905588 REWARD_END
100 0 3 8 0775192124 STIM_START
100 0 3 8 0778359024 LICK
100 0 3 8 0778467508 STIM_END_RESP_START
100 0 3 8 0778502116 LICK
100 0 3 8 0778502608 TIMEOUT_START
100 0 3 8 0778703544 LICK
100 0 3 8 0778704036 TIMEOUT_START
100 0 3 8 0779667548 RESP_END
100 0 3 8 0785704520 TIMEOUT_END
101 0 1 10 0787413116 STIM_START
101 0 1 10 0790488480 STIM_END_RESP_START
101 0 1 10 0791688516 RESP_END
102 2 3 5 0793406120 STIM_START
102 2 3 5 0796681492 STIM_END_RESP_START
102 2 3 5 0797881528 RESP_END
103 0 5 6 0799625120 STIM_START
103 0 5 6 0803650620 STIM_END_RESP_START
103 0 5 6 0804850652 RESP_END
104 1 2 2 0806551236 STIM_START
104 1 2 2 0809676628 STIM_END_RESP_START
104 1 2 2 0810419444 LICK
104 1 2 2 0810419928 REWARD_START
104 1 2 2 0810594356 LICK
104 1 2 2 0810763288 LICK
104 1 2 2 0810876676 RESP_END
104 1 2 2 0810432952 REWARD_END
105 1 5 1 0814234476 STIM_START
105 1 5 1 0818259936 STIM_END_RESP_START
105 1 5 1 0818460268 LICK
105 1 5 1 0818460760 REWARD_START
105 1 5 1 0818596528 LICK
105 1 5 1 0818765548 LICK
105 1 5 1 0818915648 LICK
105 1 5 1 0819459964 RESP_END
105 1 5 1 0818473780 REWARD_END
106 1 4 8 0821824700 STIM_START
106 1 4 8 0825350128 STIM_END_RESP_START
106 1 4 8 0825646468 LICK
106 1 4 8 0825646952 REWARD_START
106 1 4 8 0825829512 LICK
106 1 4 8 0826001156 LICK
106 1 4 8 0826145320 LICK
106 1 4 8 0826550164 RESP_END
106 1 4 8 0825659976 REWARD_END
107 0 2 2 0829173896 STIM_START
107 0 2 2 0831772172 LICK
107 0 2 2 0832003056 LICK
107 0 2 2 0832299264 STIM_END_RESP_START
107 0 2 2 0832590512 LICK
107 0 2 2 0832591000 TIMEOUT_START
107 0 2 2 0833499296 RESP_END
107 0 2 2 0839591484 TIMEOUT_END
108 1 3 2 0841304868 STIM_START
108 1 3 2 0844580276 STIM_END_RESP_START
108 1 3 2 0844936232 LICK
108 1 3 2 0844936712 REWARD_START
108 1 3 2 0845107692 LICK
108 1 3 2 0845289224 LICK
108 1 3 2 0845780304 RESP_END
108 1 3 2 0844949736 REWARD_END
109 0 4 9 0847925988 STIM_START
109 0 4 9 0851451388 STIM_END_RESP_START
109 0 4 9 0852651424 RESP_END
110 0 4 7 0854378040 STIM_START
110 0 4 7 0857903476 STIM_END_RESP_START
110 0 4 7 0859103516 RESP_END
111 0 5 8 0860841088 STIM_START
111 0 5 8 0864866584 STIM_END_RESP_START
111 0 5 8 0866066620 RESP_END
112 2 1 7 0867783240 STIM_START
112 2 1 7 0870858604 STIM_END_RESP_START
112 2 1 7 0872058640 RESP_END
113 2 1 6 0873771148 STIM_START
113 2 1 6 0876846512 STIM_END_RESP_START
113 2 1 6 0877906572 LICK
113 2 1 6 0877907064 REWARD_START
113 2 1 6 0878046544 RESP_END
113 2 1 6 0877920080 REWARD_END
114 0 1 10 0881055368 STIM_START
114 0 1 10 0884130732 STIM_END_RESP_START
114 0 1 10 0884974240 LICK
114 0 1 10 0884974732 TIMEOUT_START
114 0 1 10 0885153396 LICK
114 0 1 10 0885153884 TIMEOUT_START
114 0 1 10 0885330740 RESP_END
114 0 1 10 0892154368 TIMEOUT_END
115 2 3 4 0893867452 STIM_START
115 2 3 4 0897142860 STIM_END_RESP_START
115 2 3 4 0897871284 LICK
115 2 3 4 0897871768 REWARD_START
115 2 3 4 0898039108 LICK
115 2 3 4 0898223412 LICK
115 2 3 4 0898342896 RESP_END
115 2 3 4 0897884792 REWARD_END
116 0 5 5 0901363676 STIM_START
116 0 5 5 0905249408 LICK
116 0 5 5 0905389148 STIM_END_RESP_START
116 0 5 5 0905412636 LICK
116 0 5 5 0905413124 TIMEOUT_START
116 0 5 5 0906589180 RESP_END
116 0 5 5 0912413604 TIMEOUT_END
117 0 2 6 0914113708 STIM_START
117 0 2 6 0917239104 STIM_END_RESP_START
117 0 2 6 0918439144 RESP_END
118 1 1 8 0920153716 STIM_START
118 1 1 8 0920328280 LICK
118 1 1 8 0920478856 LICK
118 1 1 8 0921288640 LICK
118 1 1 8 0923229104 STIM_END_RESP_START
118 1 1 8 0923619144 LICK
118 1 1 8 0923619636 REWARD_START
118 1 1 8 0923809996 LICK
118 1 1 8 0923962676 LICK
118 1 1 8 0924129452 LICK
118 1 1 8 0924429140 RESP_END
118 1 1 8 0923632660 REWARD_END
119 0 4 7 0927138868 STIM_START
119 0 4 7 0930664300 STIM_END_RESP_START
119 0 4 7 0931864336 RESP_END
120 2 1 3 0933577916 STIM_START
120 2 1 3 0936653280 STIM_END_RESP_START
120 2 1 3 0937853320 RESP_END
121 1 1 2 0939565892 STIM_START
121 1 1 2 0942641264 STIM_END_RESP_START
121 1 1 2 0942975036 LICK
121 1 1 2 0942975524 REWARD_START
121 1 1 2 0943153224 LICK
121 1 1 2 0943331384 LICK
121 1 1 2 0943841300 RESP_END
121 1 1 2 0942988548 REWARD_END
122 1 5 3 0945587872 STIM_START
122 1 5 3 0945825832 LICK
122 1 5 3 0949171596 LICK
122 1 5 3 0949342284 LICK
122 1 5 3 0949562520 LICK
122 1 5 3 0949613368 STIM_END_RESP_START
122 1 5 3 0949758884 LICK
122 1 5 3 0949759376 REWARD_START
122 1 5 3 0949981508 LICK
122 1 5 3 0950430964 LICK
122 1 5 3 0950813412 RESP_END
122 1 5 3 0949772404 REWARD_END
123 0 5 1 0953372144 STIM_START
123 0 5 1 0957397604 STIM_END_RESP_START
123 0 5 1 0958597644 RESP_END
124 2 5 1 0960340248 STIM_START
124 2 5 1 0964365744 STIM_END_RESP_START
124 2 5 1 0964592428 LICK
124 2 5 1 0964592920 REWARD_START
124 2 5 1 0964744224 LICK
124 2 5 1 0964916140 LICK
124 2 5 1 0965086516 LICK
124 2 5 1 0965565788 RESP_END
124 2 5 1 0964605940 REWARD_END
125 1 3 3 0967288424 STIM_START
125 1 3 3 0970563832 STIM_END_RESP_START
125 1 3 3 0970916020 LICK
125 1 3 3 0970916504 REWARD_START
125 1 3 3 0971101284 LICK
125 1 3 3 0971269476 LICK
125 1 3 3 0971465932 LICK
125 1 3 3 0971763856 RESP_END
125 1 3 3 0970929528 REWARD_END
126 1 5 9 0974914652 STIM_START
126 1 5 9 0978940112 STIM_END_RESP_START
126 1 5 9 0979108568 LICK
126 1 5 9 0979109060 REWARD_START
126 1 5 9 0979247956 LICK
126 1 5 9 0979417192 LICK
126 1 5 9 0979582280 LICK
126 1 5 9 0979754404 LICK
126 1 5 9 0980140160 RESP_END
126 1 5 9 0979122076 REWARD_END
127 0 4 2 0981860768 STIM_START
127 0 4 2 0985386168 STIM_END_RESP_START
127 0 4 2 0986586204 RESP_END
128 2 5 10 0988741912 STIM_START
128 2 5 10 0992767412 STIM_END_RESP_START
128 2 5 10 0993100108 LICK
128 2 5 10 0993100592 REWARD_START
128 2 5 10 0993301568 LICK
128 2 5 10 0993490560 LICK
128 2 5 10 0993967420 RESP_END
128 2 5 10 0993113620 REWARD_END
129 2 1 2 0996099060 STIM_START
129 2 1 2 0999174432 STIM_END_RESP_START
129 2 1 2 0999466932 LICK
129 2 1 2 0999467424 REWARD_START
129 2 1 2 0999643460 LICK
129 2 1 2 0999829536 LICK
129 2 1 2 0999975540 LICK
129 2 1 2 1000374460 RESP_END
129 2 1 2 0999480432 REWARD_END
130 0 1 8 1002762216 STIM_START
130 0 1 8 1005837600 STIM_END_RESP_START
130 0 1 8 1006224212 LICK
130 0 1 8 1006224752 TIMEOUT_START
130 0 1 8 1006396900 LICK
130 0 1 8 1006397432 TIMEOUT_START
130 0 1 8 1007037640 RESP_END
130 0 1 8 1013397976 TIMEOUT_END
131 1 3 1 1015154136 STIM_START
131 1 3 1 1018429520 STIM_END_RESP_START
131 1 3 1 1018748192 LICK
131 1 3 1 1018748724 REWARD_START
131 1 3 1 1018948184 LICK
131 1 3 1 1019098248 LICK
131 1 3 1 1019274736 LICK
131 1 3 1 1019629540 RESP_END
131 1 3 1 1018761804 REWARD_END
132 2 5 9 1021839224 STIM_START
132 2 5 9 1025864700 STIM_END_RESP_START
132 2 5 9 1026275380 LICK
132 2 5 9 1026275912 REWARD_START
132 2 5 9 1026416236 LICK
132 2 5 9 1026604188 LICK
132 2 5 9 1027064744 RESP_END
132 2 5 9 1026288988 REWARD_END
133 1 3 1 1029774528 STIM_START
133 1 3 1 1033049904 STIM_END_RESP_START
133 1 3 1 1033253704 LICK
133 1 3 1 1033254244 REWARD_START
133 1 3 1 1033375076 LICK
133 1 3 1 1033564996 LICK
133 1 3 1 1033700624 LICK
133 1 3 1 1034249924 RESP_END
133 1 3 1 1033267320 REWARD_END
134 0 5 9 1036458592 STIM_START
134 0 5 9 1040484064 STIM_END_RESP_START
134 0 5 9 1041018608 LICK
134 0 5 9 1041019144 TIMEOUT_START
134 0 5 9 1041209760 LICK
134 0 5 9 1041210288 TIMEOUT_START
134 0 5 9 1041684080 RESP_END
134 0 5 9 1048210836 TIMEOUT_END
135 0 5 9 1049956792 STIM_START
135 0 5 9 1053982264 STIM_END_RESP_START
135 0 5 9 1055182280 RESP_END
136 1 1 8 1056887920 STIM_START
136 1 1 8 1059963300 STIM_END_RESP_START
136 1 1 8 1060311960 LICK
136 1 1 8 1060312500 REWARD_START
136 1 1 8 1060479036 LICK
136 1 1 8 1060641980 LICK
136 1 1 8 1061163316 RESP_END
136 1 1 8 1060325576 REWARD_END
137 2 1 6 1063208944 STIM_START
137 2 1 6 1066284328 STIM_END_RESP_START
137 2 1 6 1066867324 LICK
137 2 1 6 1066867860 REWARD_START
137 2 1 6 1067035396 LICK
137 2 1 6 1067220172 LICK
137 2 1 6 1067394752 LICK
137 2 1 6 1067484356 RESP_END
137 2 1 6 1066880932 REWARD_END
138 1 5 9 1071456308 STIM_START
138 1 5 9 1074688436 LICK
138 1 5 9 1075481780 STIM_END_RESP_START
138 1 5 9 1075618988 LICK
138 1 5 9 1075619516 REWARD_START
138 1 5 9 1075785276 LICK
138 1 5 9 1075958872 LICK
138 1 5 9 1076141548 LICK
138 1 5 9 1076317732 LICK
138 1 5 9 1076497404 LICK
138 1 5 9 1076681804 RESP_END
138 1 5 9 1075632592 REWARD_END
139 0 5 2 1078424468 STIM_START
139 0 5 2 1081682664 LICK
139 0 5 2 1081873692 LICK
139 0 5 2 1082156904 LICK
139 0 5 2 1082449928 STIM_END_RESP_START
139 0 5 2 1083649936 RESP_END
140 2 2 4 1085367564 STIM_START
140 2 2 4 1088492932 STIM_END_RESP_START
140 2 2 4 1089288320 LICK
140 2 2 4 1089288848 REWARD_START
140 2 2 4 1089506380 LICK
140 2 2 4 1089692964 LICK
140 2 2 4 1089693508 RESP_END
140 2 2 4 1089301924 REWARD_END
141 0 5 3 1092643744 STIM_START
141 0 5 3 1096669232 STIM_END_RESP_START
141 0 5 3 1097869280 RESP_END
142 0 3 8 1099580920 STIM_START
142 0 3 8 1102755476 LICK
142 0 3 8 1102856304 STIM_END_RESP_START
142 0 3 8 1102913372 LICK
142 0 3 8 1102913912 TIMEOUT_START
142 0 3 8 1103137580 LICK
142 0 3 8 1103138116 TIMEOUT_START
142 0 3 8 1104056356 RESP_END
142 0 3 8 1110138652 TIMEOUT_END
143 1 5 8 1111889888 STIM_START
143 1 5 8 1115915368 STIM_END_RESP_START
143 1 5 8 1116318892 LICK
143 1 5 8 1116319424 REWARD_START
143 1 5 8 1116538568 LICK
143 1 5 8 1116647596 LICK
143 1 5 8 1116820488 LICK
143 1 5 8 1117115400 RESP_END
143 1 5 8 1116332500 REWARD_END
144 0 2 2 1118821992 STIM_START
144 0 2 2 1121947368 STIM_END_RESP_START
144 0 2 2 1123147380 RESP_END
145 0 5 7 1124895024 STIM_START
145 0 5 7 1128920500 STIM_END_RESP_START
145 0 5 7 1130120512 RESP_END
146 2 2 9 1131826104 STIM_START
146 2 2 9 1134951480 STIM_END_RESP_START
146 2 2 9 1136151528 RESP_END
147 1 1 2 1137867148 STIM_START
147 1 1 2 1140942532 STIM_END_RESP_START
147 1 1 2 1141319048 LICK
147 1 1 2 1141319580 REWARD_START
147 1 1 2 1141488020 LICK
147 1 1 2 1141679692 LICK
147 1 1 2 1141842596 LICK
147 1 1 2 1142142564 RESP_END
147 1 1 2 1141332656 REWARD_END
148 0 5 4 1144042100 STIM_START
148 0 5 4 1147639276 LICK
148 0 5 4 1147836040 LICK
148 0 5 4 1147993728 LICK
148 0 5 4 1148067576 STIM_END_RESP_START
148 0 5 4 1148221280 LICK
148 0 5 4 1148221820 TIMEOUT_START
148 0 5 4 1149267624 RESP_END
148 0 5 4 1155222360 TIMEOUT_END
149 2 4 3 1156951200 STIM_START
149 2 4 3 1160476604 STIM_END_RESP_START
149 2 4 3 1161676620 RESP_END
150 0 1 7 1163559272 STIM_START
150 0 1 7 1166634652 STIM_END_RESP_START
150 0 1 7 1167834664 RESP_END
151 1 5 8 1169583248 STIM_START
151 1 5 8 1173608724 STIM_END_RESP_START
151 1 5 8 1173934064 LICK
151 1 5 8 1173934604 REWARD_START
151 1 5 8 1174121008 LICK
151 1 5 8 1174317284 LICK
151 1 5 8 1174476168 LICK
151 1 5 8 1174808748 RESP_END
151 1 5 8 1173947680 REWARD_END
152 0 5 5 1176561380 STIM_START
152 0 5 5 1179595168 LICK
152 0 5 5 1179754076 LICK
152 0 5 5 1179928264 LICK
152 0 5 5 1180144800 LICK
152 0 5 5 1180586880 STIM_END_RESP_START
152 0 5 5 1181496424 LICK
152 0 5 5 1181496952 TIMEOUT_START
152 0 5 5 1181786908 RESP_END
152 0 5 5 1188497500 TIMEOUT_END
153 1 4 2 1190225656 STIM_START
153 1 4 2 1193751072 STIM_END_RESP_START
153 1 4 2 1194137840 LICK
153 1 4 2 1194138372 REWARD_START
153 1 4 2 1194344604 LICK
153 1 4 2 1194534028 LICK
153 1 4 2 1194691500 LICK
153 1 4 2 1194951088 RESP_END
153 1 4 2 1194151448 REWARD_END
154 0 5 10 1197200784 STIM_START
154 0 5 10 1201226256 STIM_END_RESP_START
154 0 5 10 1202426272 RESP_END
155 0 2 3 1204129896 STIM_START
155 0 2 3 1207255268 STIM_END_RESP_START
155 0 2 3 1208455284 RESP_END
156 2 2 6 1210168864 STIM_START
156 2 2 6 1213294236 STIM_END_RESP_START
156 2 2 6 1214494252 RESP_END
157 2 5 5 1216249848 STIM_START
157 2 5 5 1219993572 LICK
157 2 5 5 1220194200 LICK
157 2 5 5 1220275312 STIM_END_RESP_START
157 2 5 5 1221133360 LICK
157 2 5 5 1221133892 REWARD_START
157 2 5 5 1221304116 LICK
157 2 5 5 1221475360 RESP_END
157 2 5 5 1221146968 REWARD_END
158 1 5 7 1224861284 STIM_START
158 1 5 7 1228886760 STIM_END_RESP_START
158 1 5 7 1229086032 LICK
158 1 5 7 1229086564 REWARD_START
158 1 5 7 1229269028 LICK
158 1 5 7 1229414692 LICK
158 1 5 7 1230086788 RESP_END
158 1 5 7 1229099640 REWARD_END
159 0 3 5 1232276500 STIM_START
159 0 3 5 1235551876 STIM_END_RESP_START
159 0 3 5 1236751892 RESP_END
160 1 4 8 1238470504 STIM_START
160 1 4 8 1241995920 STIM_END_RESP_START
160 1 4 8 1242467300 LICK
160 1 4 8 1242467840 REWARD_START
160 1 4 8 1242638556 LICK
160 1 4 8 1242769072 LICK
160 1 4 8 1242938168 LICK
160 1 4 8 1243195964 RESP_END
160 1 4 8 1242480916 REWARD_END
161 0 1 5 1244891504 STIM_START
161 0 1 5 1247966884 STIM_END_RESP_START
161 0 1 5 1249159216 LICK
161 0 1 5 1249159748 TIMEOUT_START
161 0 1 5 1249166920 RESP_END
161 0 1 5 1256160292 TIMEOUT_END
162 2 4 1 1257891624 STIM_START
162 2 4 1 1261417048 STIM_END_RESP_START
162 2 4 1 1262215572 LICK
162 2 4 1 1262216104 REWARD_START
162 2 4 1 1262404992 LICK
162 2 4 1 1262580320 LICK
162 2 4 1 1262617080 RESP_END
162 2 4 1 1262229180 REWARD_END
163 0 1 7 1266099020 STIM_START
163 0 1 7 1269174376 STIM_END_RESP_START
163 0 1 7 1270182656 LICK
163 0 1 7 1270183192 TIMEOUT_START
163 0 1 7 1270314372 LICK
163 0 1 7 1270314904 TIMEOUT_START
163 0 1 7 1270374392 RESP_END
163 0 1 7 1277315448 TIMEOUT_END
164 1 4 6 1279047160 STIM_START
164 1 4 6 1282572580 STIM_END_RESP_START
164 1 4 6 1282786776 LICK
164 1 4 6 1282787308 REWARD_START
164 1 4 6 1282928896 LICK
164 1 4 6 1283103380 LICK
164 1 4 6 1283269768 LICK
164 1 4 6 1283772612 RESP_END
164 1 4 6 1282800384 REWARD_END
165 0 2 2 1285850248 STIM_START
165 0 2 2 1288975616 STIM_END_RESP_START
165 0 2 2 1289860260 LICK
165 0 2 2 1289860788 TIMEOUT_START
165 0 2 2 1290175652 RESP_END
165 0 2 2 1296861332 TIMEOUT_END
166 1 1 9 1298578256 STIM_START
166 1 1 9 1301653604 STIM_END_RESP_START
166 1 1 9 1302013092 LICK
166 1 1 9 1302013624 REWARD_START
166 1 1 9 1302195576 LICK
166 1 1 9 1302373372 LICK
166 1 1 9 1302853628 RESP_END
166 1 1 9 1302026704 REWARD_END
167 1 5 9 1306061504 STIM_START
167 1 5 9 1310086976 STIM_END_RESP_START
167 1 5 9 1310395612 LICK
167 1 5 9 1310396148 REWARD_START
167 1 5 9 1310573880 LICK
167 1 5 9 1310750060 LICK
167 1 5 9 1311287000 RESP_END
167 1 5 9 1310409228 REWARD_END
168 2 2 1 1313641736 STIM_START
168 2 2 1 1316767104 STIM_END_RESP_START
168 2 2 1 1317967120 RESP_END
169 0 3 2 1319689680 STIM_START
169 0 3 2 1322965060 STIM_END_RESP_START
169 0 3 2 1324162100 LICK
169 0 3 2 1324162628 TIMEOUT_START
169 0 3 2 1324165100 RESP_END
169 0 3 2 1331163172 TIMEOUT_END
170 0 1 2 1332873888 STIM_START
170 0 1 2 1335949240 STIM_END_RESP_START
170 0 1 2 1337149256 RESP_END
171 2 5 10 1338896804 STIM_START
171 2 5 10 1342922276 STIM_END_RESP_START
171 2 5 10 1343338572 LICK
171 2 5 10 1343339104 REWARD_START
171 2 5 10 1343522596 LICK
171 2 5 10 1343688692 LICK
171 2 5 10 1343856888 LICK
171 2 5 10 1344022936 LICK
171 2 5 10 1344122300 RESP_END
171 2 5 10 1343352184 REWARD_END
172 0 4 4 1347430200 STIM_START
172 0 4 4 1347996192 LICK
172 0 4 4 1350955628 STIM_END_RESP_START
172 0 4 4 1352155644 RESP_END
173 0 2 1 1353866264 STIM_START
173 0 2 1 1356991628 STIM_END_RESP_START
173 0 2 1 1358191684 RESP_END
174 0 3 1 1359912276 STIM_START
174 0 3 1 1363187652 STIM_END_RESP_START
174 0 3 1 1364387668 RESP_END
175 2 5 2 1366131244 STIM_START
175 2 5 2 1370156716 STIM_END_RESP_START
175 2 5 2 1371356732 RESP_END
176 1 5 5 1373744480 STIM_START
176 1 5 5 1374117600 LICK
176 1 5 5 1377769964 STIM_END_RESP_START
176 1 5 5 1377971416 LICK
176 1 5 5 1377971948 REWARD_START
176 1 5 5 1378119740 LICK
176 1 5 5 1378295004 LICK
176 1 5 5 1378458716 LICK
176 1 5 5 1378629552 LICK
176 1 5 5 1378970016 RESP_END
176 1 5 5 1377985024 REWARD_END
177 2 3 8 1380690608 STIM_START
177 2 3 8 1383965988 STIM_END_RESP_START
177 2 3 8 1385166004 RESP_END
178 0 4 6 1386880652 STIM_START
178 0 4 6 1390406064 STIM_END_RESP_START
178 0 4 6 1391606080 RESP_END
179 2 4 1 1393341708 STIM_START
179 2 4 1 1396867120 STIM_END_RESP_START
179 2 4 1 1398067164 RESP_END
180 0 1 10 1399773712 STIM_START
180 0 1 10 1402849092 STIM_END_RESP_START
180 0 1 10 1404049112 RESP_END
181 2 4 9 1405773744 STIM_START
181 2 4 9 1409299160 STIM_END_RESP_START
181 2 4 9 1410479220 LICK
181 2 4 9 1410479752 REWARD_START
181 2 4 9 1410499184 RESP_END
181 2 4 9 1410492832 REWARD_END
182 0 2 10 1413432976 STIM_START
182 0 2 10 1416558356 STIM_END_RESP_START
182 0 2 10 1417158648 LICK
182 0 2 10 1417159188 TIMEOUT_START
182 0 2 10 1417341288 LICK
182 0 2 10 1417341816 TIMEOUT_START
182 0 2 10 1417567804 LICK
182 0 2 10 1417568340 TIMEOUT_START
182 0 2 10 1417758388 RESP_END
182 0 2 10 1424568880 TIMEOUT_END
183 0 4 10 1426295028 STIM_START
183 0 4 10 1429820444 STIM_END_RESP_START
183 0 4 10 1431020492 RESP_END
184 0 2 2 1432744100 STIM_START
184 0 2 2 1435869472 STIM_END_RESP_START
184 0 2 2 1437069488 RESP_END
185 1 5 8 1438843088 STIM_START
185 1 5 8 1442868560 STIM_END_RESP_START
185 1 5 8 1443226604 LICK
185 1 5 8 1443227140 REWARD_START
185 1 5 8 1443399452 LICK
185 1 5 8 1443561292 LICK
185 1 5 8 1444068604 RESP_END
185 1 5 8 1443240216 REWARD_END
186 0 2 5 1446546352 STIM_START
186 0 2 5 1449671728 STIM_END_RESP_START
186 0 2 5 1450871772 RESP_END
187 1 2 10 1452593312 STIM_START
187 1 2 10 1455718684 STIM_END_RESP_START
187 1 2 10 1456584028 LICK
187 1 2 10 1456584560 REWARD_START
187 1 2 10 1456747772 LICK
187 1 2 10 1456918720 RESP_END
187 1 2 10 1456597640 REWARD_END
188 0 2 9 1460632688 STIM_START
188 0 2 9 1463758064 STIM_END_RESP_START
188 0 2 9 1464958080 RESP_END
189 2 1 9 1466675632 STIM_START
189 2 1 9 1469751012 STIM_END_RESP_START
189 2 1 9 1470951028 RESP_END
190 0 1 8 1472661612 STIM_START
190 0 1 8 1475736988 STIM_END_RESP_START
190 0 1 8 1476937004 RESP_END
191 2 3 7 1478659544 STIM_START
191 2 3 7 1481934928 STIM_END_RESP_START
191 2 3 7 1483134972 RESP_END
192 0 2 4 1484839620 STIM_START
192 0 2 4 1487964988 STIM_END_RESP_START
192 0 2 4 1489165004 RESP_END
193 1 1 8 1490876540 STIM_START
193 1 1 8 1493951920 STIM_END_RESP_START
193 1 1 8 1495026344 LICK
193 1 1 8 1495026888 REWARD_START
193 1 1 8 1495151944 RESP_END
193 1 1 8 1495039960 REWARD_END
194 0 1 5 1497289648 STIM_START
194 0 1 5 1500364992 STIM_END_RESP_START
194 0 1 5 1501565008 RESP_END
195 1 3 2 1503290576 STIM_START
195 1 3 2 1506565956 STIM_END_RESP_START
195 1 3 2 1506924500 LICK
195 1 3 2 1506925040 REWARD_START
195 1 3 2 1507103584 LICK
195 1 3 2 1507257356 LICK
195 1 3 2 1507419664 LICK
195 1 3 2 1507765980 RESP_END
195 1 3 2 1506938120 REWARD_END
196 1 1 9 1509721624 STIM_START
196 1 1 9 1512797004 STIM_END_RESP_START
196 1 1 9 1513132132 LICK
196 1 1 9 1513132668 REWARD_START
196 1 1 9 1513320464 LICK
196 1 1 9 1513632576 LICK
196 1 1 9 1513997032 RESP_END
196 1 1 9 1513145748 REWARD_END
197 1 4 8 1515729596 STIM_START
197 1 4 8 1519255012 STIM_END_RESP_START
197 1 4 8 1519562352 LICK
197 1 4 8 1519562892 REWARD_START
197 1 4 8 1519711088 LICK
197 1 4 8 1519911220 LICK
197 1 4 8 1520455032 RESP_END
197 1 4 8 1519575968 REWARD_END
198 0 3 1 1522179636 STIM_START
198 0 3 1 1525319288 LICK
198 0 3 1 1525455012 STIM_END_RESP_START
198 0 3 1 1525502380 LICK
198 0 3 1 1525502916 TIMEOUT_START
198 0 3 1 1525710448 LICK
198 0 3 1 1525710988 TIMEOUT_START
198 0 3 1 1526655052 RESP_END
198 0 3 1 1532711532 TIMEOUT_END
199 1 1 10 1534424640 STIM_START
199 1 1 10 1537500020 STIM_END_RESP_START
199 1 1 10 1537785360 LICK
199 1 1 10 1537785900 REWARD_START
199 1 1 10 1537949508 LICK
199 1 1 10 1538148912 LICK
199 1 1 10 1538700044 RESP_END
199 1 1 10 1537798972 REWARD_END
200 0 4 8 1540964732 STIM_START
200 0 4 8 1544490144 STIM_END_RESP_START
200 0 4 8 1544748868 LICK
200 0 4 8 1544749404 TIMEOUT_START
200 0 4 8 1544927464 LICK
200 0 4 8 1544927996 TIMEOUT_START
200 0 4 8 1545152460 LICK
200 0 4 8 1545152996 TIMEOUT_START
200 0 4 8 1545690180 RESP_END
200 0 4 8 1552153540 TIMEOUT_END
201 1 3 6 1553873792 STIM_START
201 1 3 6 1557149176 STIM_END_RESP_START
201 1 3 6 1557384800 LICK
201 1 3 6 1557385340 REWARD_START
201 1 3 6 1557539064 LICK
201 1 3 6 1557719240 LICK
201 1 3 6 1557863760 LICK
201 1 3 6 1558077624 LICK
201 1 3 6 1558349212 RESP_END
201 1 3 6 1557398412 REWARD_END
202 0 3 6 1560134812 STIM_START
202 0 3 6 1563410192 STIM_END_RESP_START
202 0 3 6 1564610208 RESP_END
203 1 2 1 1566326844 STIM_START
203 1 2 1 1569452216 STIM_END_RESP_START
203 1 2 1 1569756552 LICK
203 1 2 1 1569757084 REWARD_START
203 1 2 1 1569925528 LICK
203 1 2 1 1570121020 LICK
203 1 2 1 1570272784 LICK
203 1 2 1 1570652260 RESP_END
203 1 2 1 1569770164 REWARD_END
204 0 4 6 1572380800 STIM_START
204 0 4 6 1575906208 STIM_END_RESP_START
204 0 4 6 1577106224 RESP_END
205 2 5 10 1578847900 STIM_START
205 2 5 10 1582873376 STIM_END_RESP_START
205 2 5 10 1583209628 LICK
205 2 5 10 1583210160 REWARD_START
205 2 5 10 1583397680 LICK
205 2 5 10 1583570740 LICK
205 2 5 10 1584073416 RESP_END
205 2 5 10 1583223236 REWARD_END
206 0 4 1 1586261100 STIM_START
206 0 4 1 1589786512 STIM_END_RESP_START
206 0 4 1 1589972780 LICK
206 0 4 1 1589973316 TIMEOUT_START
206 0 4 1 1590132712 LICK
206 0 4 1 1590133248 TIMEOUT_START
206 0 4 1 1590358196 LICK
206 0 4 1 1590358728 TIMEOUT_START
206 0 4 1 1590625436 LICK
206 0 4 1 1590625968 TIMEOUT_START
206 0 4 1 1590986552 RESP_END
206 0 4 1 1597626516 TIMEOUT_END
207 0 3 7 1599344196 STIM_START
207 0 3 7 1602619580 STIM_END_RESP_START
207 0 3 7 1603819592 RESP_END
208 0 3 4 1605532240 STIM_START
208 0 3 4 1608807624 STIM_END_RESP_START
208 0 3 4 1610007636 RESP_END
209 1 5 7 1611746212 STIM_START
209 1 5 7 1615771696 STIM_END_RESP_START
209 1 5 7 1616138236 LICK
209 1 5 7 1616138776 REWARD_START
209 1 5 7 1616303416 LICK
209 1 5 7 1616466996 LICK
209 1 5 7 1616633560 LICK
209 1 5 7 1616971736 RESP_END
209 1 5 7 1616151852 REWARD_END
210 2 4 1 1619221468 STIM_START
210 2 4 1 1622746884 STIM_END_RESP_START
210 2 4 1 1622993340 LICK
210 2 4 1 1622993872 REWARD_START
210 2 4 1 1623142616 LICK
210 2 4 1 1623321896 LICK
210 2 4 1 1623493008 LICK
210 2 4 1 1623946928 RESP_END
210 2 4 1 1623006952 REWARD_END
211 1 5 6 1626660680 STIM_START
211 1 5 6 1630686152 STIM_END_RESP_START
211 1 5 6 1631005540 LICK
211 1 5 6 1631006080 REWARD_START
211 1 5 6 1631177548 LICK
211 1 5 6 1631356680 LICK
211 1 5 6 1631531888 LICK
211 1 5 6 1631886196 RESP_END
211 1 5 6 1631019160 REWARD_END
212 0 2 2 1634376896 STIM_START
212 0 2 2 1637502268 STIM_END_RESP_START
212 0 2 2 1638702288 RESP_END
213 1 3 1 1640442904 STIM_START
213 1 3 1 1643718320 STIM_END_RESP_START
213 1 3 1 1644063184 LICK
213 1 3 1 1644063716 REWARD_START
213 1 3 1 1644223896 LICK
213 1 3 1 1644399152 LICK
213 1 3 1 1644719912 LICK
213 1 3 1 1644918360 RESP_END
213 1 3 1 1644076796 REWARD_END
214 1 2 8 1646637952 STIM_START
214 1 2 8 1649763320 STIM_END_RESP_START
214 1 2 8 1650014300 LICK
214 1 2 8 1650014832 REWARD_START
214 1 2 8 1650123892 LICK
214 1 2 8 1650299648 LICK
214 1 2 8 1650433140 LICK
214 1 2 8 1650963344 RESP_END
214 1 2 8 1650027908 REWARD_END
215 1 2 3 1653196944 STIM_START
215 1 2 3 1656322312 STIM_END_RESP_START
215 1 2 3 1656631284 LICK
215 1 2 3 1656631824 REWARD_START
215 1 2 3 1656822516 LICK
215 1 2 3 1656994460 LICK
215 1 2 3 1657192624 LICK
215 1 2 3 1657522328 RESP_END
215 1 2 3 1656644900 REWARD_END
216 0 4 5 1659803036 STIM_START
216 0 4 5 1663328448 STIM_END_RESP_START
216 0 4 5 1664528464 RESP_END
217 2 2 6 1666244116 STIM_START
217 2 2 6 1669369488 STIM_END_RESP_START
217 2 2 6 1670569504 RESP_END
218 2 5 10 1672324080 STIM_START
218 2 5 10 1676349556 STIM_END_RESP_START
218 2 5 10 1677380600 LICK
218 2 5 10 1677381140 REWARD_START
218 2 5 10 1677524328 LICK
218 2 5 10 1677549604 RESP_END
218 2 5 10 1677394220 REWARD_END
219 1 1 7 1679593260 STIM_START
219 1 1 7 1682668616 STIM_END_RESP_START
219 1 1 7 1682853504 LICK
219 1 1 7 1682854044 REWARD_START
219 1 1 7 1683014104 LICK
219 1 1 7 1683184648 LICK
219 1 1 7 1683868656 RESP_END
219 1 1 7 1682867112 REWARD_END
220 0 2 7 1686199436 STIM_START
220 0 2 7 1688714524 LICK
220 0 2 7 1688880992 LICK
220 0 2 7 1689081796 LICK
220 0 2 7 1689324828 STIM_END_RESP_START
220 0 2 7 1690381348 LICK
220 0 2 7 1690381880 TIMEOUT_START
220 0 2 7 1690524864 RESP_END
220 0 2 7 1697382428 TIMEOUT_END
221 1 2 10 1699104496 STIM_START
221 1 2 10 1702229864 STIM_END_RESP_START
221 1 2 10 1702663196 LICK
221 1 2 10 1702663728 REWARD_START
221 1 2 10 1702808740 LICK
221 1 2 10 1702974572 LICK
221 1 2 10 1703156788 LICK
221 1 2 10 1703429908 RESP_END
221 1 2 10 1702676804 REWARD_END
222 1 3 8 1705701488 STIM_START
222 1 3 8 1708976864 STIM_END_RESP_START
222 1 3 8 1709284920 LICK
222 1 3 8 1709285456 REWARD_START
222 1 3 8 1709475220 LICK
222 1 3 8 1709651376 LICK
222 1 3 8 1710176892 RESP_END
222 1 3 8 1709298524 REWARD_END
223 1 4 2 1712245572 STIM_START
223 1 4 2 1714155368 LICK
223 1 4 2 1714311468 LICK
223 1 4 2 1714676836 LICK
223 1 4 2 1714866720 LICK
223 1 4 2 1715098312 LICK
223 1 4 2 1715383760 LICK
223 1 4 2 1715771000 STIM_END_RESP_START
223 1 4 2 1715945180 LICK
223 1 4 2 1715945720 REWARD_START
223 1 4 2 1716177076 LICK
223 1 4 2 1716327144 LICK
223 1 4 2 1716515024 LICK
223 1 4 2 1716832692 LICK
223 1 4 2 1716971040 RESP_END
223 1 4 2 1715958796 REWARD_END
224 0 1 1 1718745624 STIM_START
224 0 1 1 1721821004 STIM_END_RESP_START
224 0 1 1 1723021016 RESP_END
225 1 5 1 1724772596 STIM_START
225 1 5 1 1728460492 LICK
225 1 5 1 1728652100 LICK
225 1 5 1 1728798076 STIM_END_RESP_START
225 1 5 1 1729059536 LICK
225 1 5 1 1729060072 REWARD_START
225 1 5 1 1729321304 LICK
225 1 5 1 1729464372 LICK
225 1 5 1 1729634692 LICK
225 1 5 1 1729813944 LICK
225 1 5 1 1729998104 RESP_END
225 1 5 1 1729073144 REWARD_END
226 1 1 9 1731711768 STIM_START
226 1 1 9 1734787116 STIM_END_RESP_START
226 1 1 9 1734994484 LICK
226 1 1 9 1734995024 REWARD_START
226 1 1 9 1735139800 LICK
226 1 1 9 1735319188 LICK
226 1 1 9 1735504964 LICK
226 1 1 9 1735987156 RESP_END
226 1 1 9 1735008096 REWARD_END
227 1 1 5 1738021792 STIM_START
227 1 1 5 1740684788 LICK
227 1 1 5 1740851364 LICK
227 1 1 5 1741097148 STIM_END_RESP_START
227 1 1 5 1741239064 LICK
227 1 1 5 1741239600 REWARD_START
227 1 1 5 1741442316 LICK
227 1 1 5 1741619880 LICK
227 1 1 5 1742297168 RESP_END
227 1 1 5 1741252676 REWARD_END
228 0 5 6 1744040740 STIM_START
228 0 5 6 1748066212 STIM_END_RESP_START
228 0 5 6 1749266228 RESP_END
229 2 5 3 1751009888 STIM_START
229 2 5 3 1752703152 LICK
229 2 5 3 1752917008 LICK
229 2 5 3 1755035356 STIM_END_RESP_START
229 2 5 3 1755320592 LICK
229 2 5 3 1755321124 REWARD_START
229 2 5 3 1755499556 LICK
229 2 5 3 1755666344 LICK
229 2 5 3 1755839268 LICK
229 2 5 3 1756024560 LICK
229 2 5 3 1756235372 RESP_END
229 2 5 3 1755334204 REWARD_END
230 0 2 4 1757943012 STIM_START
230 0 2 4 1761068384 STIM_END_RESP_START
230 0 2 4 1761506044 LICK
230 0 2 4 1761506580 TIMEOUT_START
230 0 2 4 1761644944 LICK
230 0 2 4 1761645476 TIMEOUT_START
230 0 2 4 1762268396 RESP_END
230 0 2 4 1768646012 TIMEOUT_END
231 2 5 7 1770391072 STIM_START
231 2 5 7 1774416544 STIM_END_RESP_START
231 2 5 7 1775616560 RESP_END
232 0 1 7 1777317168 STIM_START
232 0 1 7 1780392548 STIM_END_RESP_START
232 0 1 7 1781592564 RESP_END
233 2 1 4 1783303164 STIM_START
233 2 1 4 1786378552 STIM_END_RESP_START
233 2 1 4 1787578564 RESP_END
234 0 1 3 1790051220 STIM_START
234 0 1 3 1793126604 STIM_END_RESP_START
234 0 1 3 1793671788 LICK
234 0 1 3 1793672324 TIMEOUT_START
234 0 1 3 1794326628 RESP_END
234 0 1 3 1800672860 TIMEOUT_END
235 2 4 10 1802407304 STIM_START
235 2 4 10 1805932716 STIM_END_RESP_START
235 2 4 10 1807132732 RESP_END
236 0 5 4 1808875340 STIM_START
236 0 5 4 1812900812 STIM_END_RESP_START
236 0 5 4 1814100828 RESP_END
237 0 4 8 1815819448 STIM_START
237 0 4 8 1819344852 STIM_END_RESP_START
237 0 4 8 1820544868 RESP_END
238 1 2 4 1822265492 STIM_START
238 1 2 4 1825390860 STIM_END_RESP_START
238 1 2 4 1825783028 LICK
238 1 2 4 1825783560 REWARD_START
238 1 2 4 1825971308 LICK
238 1 2 4 1826104852 LICK
238 1 2 4 1826257860 LICK
238 1 2 4 1826590880 RESP_END
238 1 2 4 1825796640 REWARD_END
239 1 2 1 1828773664 STIM_START
239 1 2 1 1831899036 STIM_END_RESP_START
239 1 2 1 1832244476 LICK
239 1 2 1 1832245012 REWARD_START
239 1 2 1 1832422780 LICK
239 1 2 1 1832599424 LICK
239 1 2 1 1832775176 LICK
239 1 2 1 1833099052 RESP_END
239 1 2 1 1832258088 REWARD_END
240 0 3 6 1835437612 STIM_START
240 0 3 6 1838712996 STIM_END_RESP_START
240 0 3 6 1839913012 RESP_END
241 1 3 7 1841638624 STIM_START
241 1 3 7 1844914000 STIM_END_RESP_START
241 1 3 7 1845708752 LICK
241 1 3 7 1845709288 REWARD_START
241 1 3 7 1845889996 LICK
241 1 3 7 1846052916 LICK
241 1 3 7 1846114024 RESP_END
241 1 3 7 1845722348 REWARD_END
242 1 1 9 1848621752 STIM_START
242 1 1 9 1851697132 STIM_END_RESP_START
242 1 1 9 1851878276 LICK
242 1 1 9 1851878816 REWARD_START
242 1 1 9 1852013524 LICK
242 1 1 9 1852186020 LICK
242 1 1 9 1852355496 LICK
242 1 1 9 1852897160 RESP_END
242 1 1 9 1851891896 REWARD_END
243 2 3 5 1855114804 STIM_START
243 2 3 5 1858390188 STIM_END_RESP_START
243 2 3 5 1858959328 LICK
243 2 3 5 1858959868 REWARD_START
243 2 3 5 1859146276 LICK
243 2 3 5 1859354620 LICK
243 2 3 5 1859590208 RESP_END
243 2 3 5 1858972948 REWARD_END
244 0 4 2 1862199988 STIM_START
244 0 4 2 1865725400 STIM_END_RESP_START
244 0 4 2 1866925420 RESP_END
245 2 3 1 1868644064 STIM_START
245 2 3 1 1871919448 STIM_END_RESP_START
245 2 3 1 1872271604 LICK
245 2 3 1 1872272136 REWARD_START
245 2 3 1 1872497620 LICK
245 2 3 1 1872655220 LICK
245 2 3 1 1872804256 LICK
245 2 3 1 1873119496 RESP_END
245 2 3 1 1872285216 REWARD_END
246 1 3 9 1875762168 STIM_START
246 1 3 9 1879037556 STIM_END_RESP_START
246 1 3 9 1879179456 LICK
246 1 3 9 1879179988 REWARD_START
246 1 3 9 1879330164 LICK
246 1 3 9 1879483144 LICK
246 1 3 9 1879723144 LICK
246 1 3 9 1879881668 LICK
246 1 3 9 1880237604 RESP_END
246 1 3 9 1879193068 REWARD_END
247 1 1 5 1884102536 STIM_START
247 1 1 5 1887177924 STIM_END_RESP_START
247 1 1 5 1887456444 LICK
247 1 1 5 1887456976 REWARD_START
247 1 1 5 1887662116 LICK
247 1 1 5 1887995660 LICK
247 1 1 5 1888377964 RESP_END
247 1 1 5 1887470052 REWARD_END
248 0 4 1 1890120496 STIM_START
248 0 4 1 1893645908 STIM_END_RESP_START
248 0 4 1 1894845924 RESP_END
249 1 2 8 1896561588 STIM_START
249 1 2 8 1899686964 STIM_END_RESP_START
249 1 2 8 1899881176 LICK
249 1 2 8 1899881716 REWARD_START
249 1 2 8 1900015652 LICK
249 1 2 8 1900204808 LICK
249 1 2 8 1900353860 LICK
249 1 2 8 1900886996 RESP_END
249 1 2 8 1899894792 REWARD_END
250 2 2 2 1902589532 STIM_START
250 2 2 2 1905714904 STIM_END_RESP_START
250 2 2 2 1906914920 RESP_END
251 0 5 9 1908660512 STIM_START
251 0 5 9 1912685984 STIM_END_RESP_START
251 0 5 9 1913886000 RESP_END
252 2 5 7 1915632664 STIM_START
252 2 5 7 1919658136 STIM_END_RESP_START
252 2 5 7 1920599660 LICK
252 2 5 7 1920600200 REWARD_START
252 2 5 7 1920774284 LICK
252 2 5 7 1920858148 RESP_END
252 2 5 7 1920613268 REWARD_END
253 1 1 10 1924972168 STIM_START
253 1 1 10 1928047548 STIM_END_RESP_START
253 1 1 10 1928235044 LICK
253 1 1 10 1928235576 REWARD_START
253 1 1 10 1928403124 LICK
253 1 1 10 1928742824 LICK
253 1 1 10 1928875968 LICK
253 1 1 10 1929080828 LICK
253 1 1 10 1929247584 RESP_END
253 1 1 10 1928248652 REWARD_END
254 1 3 7 1931013188 STIM_START
254 1 3 7 1934288564 STIM_END_RESP_START
254 1 3 7 1934494588 LICK
254 1 3 7 1934495128 REWARD_START
254 1 3 7 1934637816 LICK
254 1 3 7 1934796736 LICK
254 1 3 7 1934981044 LICK
254 1 3 7 1935488588 RESP_END
254 1 3 7 1934508208 REWARD_END
255 0 5 1 1937491232 STIM_START
255 0 5 1 1940992672 LICK
255 0 5 1 1941165944 LICK
255 0 5 1 1941516716 STIM_END_RESP_START
255 0 5 1 1941720856 LICK
255 0 5 1 1941721396 TIMEOUT_START
255 0 5 1 1941903796 LICK
255 0 5 1 1941904328 TIMEOUT_START
255 0 5 1 1942133700 LICK
255 0 5 1 1942134240 TIMEOUT_START
255 0 5 1 1942716732 RESP_END
255 0 5 1 1949134780 TIMEOUT_END
256 2 4 5 1950866400 STIM_START
256 2 4 5 1954391812 STIM_END_RESP_START
256 2 4 5 1955190000 LICK
256 2 4 5 1955190532 REWARD_START
256 2 4 5 1955398464 LICK
256 2 4 5 1955580260 LICK
256 2 4 5 1955591836 RESP_END
256 2 4 5 1955203612 REWARD_END
257 0 2 1 1958461664 STIM_START
257 0 2 1 1961587048 STIM_END_RESP_START
257 0 2 1 1962787064 RESP_END
258 1 1 7 1964499600 STIM_START
258 1 1 7 1967574984 STIM_END_RESP_START
258 1 1 7 1967917344 LICK
258 1 1 7 1967917880 REWARD_START
258 1 1 7 1968100304 LICK
258 1 1 7 1968256484 LICK
258 1 1 7 1968775012 RESP_END
258 1 1 7 1967930960 REWARD_END
259 2 2 7 1971189712 STIM_START
259 2 2 7 1974315092 STIM_END_RESP_START
259 2 2 7 1975515148 RESP_END
260 0 4 8 1977247672 STIM_START
260 0 4 8 1980322364 LICK
260 0 4 8 1980463432 LICK
260 0 4 8 1980665236 LICK
260 0 4 8 1980773100 STIM_END_RESP_START
260 0 4 8 1981677904 LICK
260 0 4 8 1981678436 TIMEOUT_START
260 0 4 8 1981848348 LICK
260 0 4 8 1981848888 TIMEOUT_START
260 0 4 8 1981973124 RESP_END
260 0 4 8 1988849424 TIMEOUT_END
261 1 2 4 1990552888 STIM_START
261 1 2 4 1993678260 STIM_END_RESP_START
261 1 2 4 1994782972 LICK
261 1 2 4 1994783504 REWARD_START
261 1 2 4 1994878292 RESP_END
261 1 2 4 1994796584 REWARD_END
262 1 5 4 1997803024 STIM_START
262 1 5 4 1998401492 LICK
262 1 5 4 1998540652 LICK
262 1 5 4 2001828480 STIM_END_RESP_START
262 1 5 4 2002850508 LICK
262 1 5 4 2002851048 REWARD_START
262 1 5 4 2003028500 RESP_END
262 1 5 4 2002864120 REWARD_END
263 0 3 5 2037528432 STIM_START
263 0 3 5 2037536008 LICK
263 0 3 5 2038063112 LICK
263 0 3 5 2038734616 LICK
263 0 3 5 2039266344 LICK
263 0 3 5 2039396680 LICK
263 0 3 5 2039533480 LICK
263 0 3 5 2040803820 STIM_END_RESP_START
263 0 3 5 2042003836 RESP_END
264 1 5 5 2043751500 STIM_START
264 1 5 5 2047776976 STIM_END_RESP_START
264 1 5 5 2048218164 LICK
264 1 5 5 2048218696 REWARD_START
264 1 5 5 2048389472 LICK
264 1 5 5 2048604280 LICK
264 1 5 5 2048740524 LICK
264 1 5 5 2048977024 RESP_END
264 1 5 5 2048231768 REWARD_END
265 1 5 3 2051169636 STIM_START
265 1 5 3 2055195108 STIM_END_RESP_START
265 1 5 3 2055496764 LICK
265 1 5 3 2055497296 REWARD_START
265 1 5 3 2055663028 LICK
265 1 5 3 2055829836 LICK
265 1 5 3 2056395136 RESP_END
265 1 5 3 2055510372 REWARD_END
266 1 2 1 2059432972 STIM_START
266 1 2 1 2062558344 STIM_END_RESP_START
266 1 2 1 2062727956 LICK
266 1 2 1 2062728496 REWARD_START
266 1 2 1 2062868716 LICK
266 1 2 1 2063029432 LICK
266 1 2 1 2063758364 RESP_END
266 1 2 1 2062741572 REWARD_END
267 0 2 8 2065971080 STIM_START
267 0 2 8 2069096456 STIM_END_RESP_START
267 0 2 8 2069541628 LICK
267 0 2 8 2069542168 TIMEOUT_START
267 0 2 8 2069684636 LICK
267 0 2 8 2069685168 TIMEOUT_START
267 0 2 8 2069894944 LICK
267 0 2 8 2069895480 TIMEOUT_START
267 0 2 8 2070296476 RESP_END
267 0 2 8 2076896024 TIMEOUT_END
268 0 3 7 2078615176 STIM_START
268 0 3 7 2081890564 STIM_END_RESP_START
268 0 3 7 2083090576 RESP_END
269 2 3 1 2084816144 STIM_START
269 2 3 1 2087649012 LICK
269 2 3 1 2087687432 LICK
269 2 3 1 2087863908 LICK
269 2 3 1 2088081632 LICK
269 2 3 1 2088091520 STIM_END_RESP_START
269 2 3 1 2089291548 RESP_END
270 0 4 7 2091022112 STIM_START
270 0 4 7 2094547528 STIM_END_RESP_START
270 0 4 7 2095747544 RESP_END
271 1 3 4 2097458224 STIM_START
271 1 3 4 2100733600 STIM_END_RESP_START
271 1 3 4 2100922352 LICK
271 1 3 4 2100922888 REWARD_START
271 1 3 4 2101087556 LICK
271 1 3 4 2101245124 LICK
271 1 3 4 2101396004 LICK
271 1 3 4 2101933632 RESP_END
271 1 3 4 2100935964 REWARD_END
272 1 5 8 2104784364 STIM_START
272 1 5 8 2108809836 STIM_END_RESP_START
272 1 5 8 2109140436 LICK
272 1 5 8 2109140968 REWARD_START
272 1 5 8 2109318136 LICK
272 1 5 8 2109493212 LICK
272 1 5 8 2110009856 RESP_END
272 1 5 8 2109154044 REWARD_END
273 1 1 1 2112359596 STIM_START
273 1 1 1 2115398372 LICK
273 1 1 1 2115434952 STIM_END_RESP_START
273 1 1 1 2115575212 LICK
273 1 1 1 2115575748 REWARD_START
273 1 1 1 2115613916 LICK
273 1 1 1 2115792296 LICK
273 1 1 1 2115967320 LICK
273 1 1 1 2116151940 LICK
273 1 1 1 2116634972 RESP_END
273 1 1 1 2115588824 REWARD_END
274 0 4 7 2118376584 STIM_START
274 0 4 7 2121901988 STIM_END_RESP_START
274 0 4 7 2123102004 RESP_END
275 1 1 10 2124822656 STIM_START
275 1 1 10 2127898036 STIM_END_RESP_START
275 1 1 10 2128336388 LICK
275 1 1 10 2128336924 REWARD_START
275 1 1 10 2128481932 LICK
275 1 1 10 2128659424 LICK
275 1 1 10 2129098072 RESP_END
275 1 1 10 2128349996 REWARD_END
276 0 4 4 2130832636 STIM_START
276 0 4 4 2134358048 STIM_END_RESP_START
276 0 4 4 2135558096 RESP_END
277 0 5 4 2137297756 STIM_START
277 0 5 4 2141323228 STIM_END_RESP_START
277 0 5 4 2142523244 RESP_END
278 1 1 3 2144229772 STIM_START
278 1 1 3 2147305152 STIM_END_RESP_START
278 1 1 3 2147706180 LICK
278 1 1 3 2147706712 REWARD_START
278 1 1 3 2147865076 LICK
278 1 1 3 2148041112 LICK
278 1 1 3 2148219612 LICK
278 1 1 3 2148505180 RESP_END
278 1 1 3 2147719792 REWARD_END
279 0 2 7 2151094888 STIM_START
279 0 2 7 2154220260 STIM_END_RESP_START
279 0 2 7 2154334728 LICK
279 0 2 7 2154335264 TIMEOUT_START
279 0 2 7 2154483372 LICK
279 0 2 7 2154483908 TIMEOUT_START
279 0 2 7 2154671140 LICK
279 0 2 7 2154671672 TIMEOUT_START
279 0 2 7 2154871788 LICK
279 0 2 7 2154872324 TIMEOUT_START
279 0 2 7 2155338592 LICK
279 0 2 7 2155339128 TIMEOUT_START
279 0 2 7 2155420296 RESP_END
279 0 2 7 2162339668 TIMEOUT_END
280 1 4 9 2164071016 STIM_START
280 1 4 9 2167596432 STIM_END_RESP_START
280 1 4 9 2167803756 LICK
280 1 4 9 2167804296 REWARD_START
280 1 4 9 2167935240 LICK
280 1 4 9 2168146628 LICK
280 1 4 9 2168299432 LICK
280 1 4 9 2168796460 RESP_END
280 1 4 9 2167817376 REWARD_END
281 0 1 5 2170508104 STIM_START
281 0 1 5 2173583492 STIM_END_RESP_START
281 0 1 5 2174783544 RESP_END
282 0 2 2 2176492068 STIM_START
282 0 2 2 2179617436 STIM_END_RESP_START
282 0 2 2 2180817452 RESP_END
283 0 4 9 2182571036 STIM_START
283 0 4 9 2186096444 STIM_END_RESP_START
283 0 4 9 2187296460 RESP_END
284 1 2 4 2189005076 STIM_START
284 1 2 4 2192130448 STIM_END_RESP_START
284 1 2 4 2192519808 LICK
284 1 2 4 2192520348 REWARD_START
284 1 2 4 2192675952 LICK
284 1 2 4 2192878300 LICK
284 1 2 4 2193018960 LICK
284 1 2 4 2193330468 RESP_END
284 1 2 4 2192533416 REWARD_END
285 1 5 5 2195071088 STIM_START
285 1 5 5 2196254596 LICK
285 1 5 5 2198864892 LICK
285 1 5 5 2199096568 STIM_END_RESP_START
285 1 5 5 2199107316 LICK
285 1 5 5 2199107856 REWARD_START
285 1 5 5 2199183388 LICK
285 1 5 5 2199326908 LICK
285 1 5 5 2199504072 LICK
285 1 5 5 2200296612 RESP_END
285 1 5 5 2199120936 REWARD_END
286 1 3 10 2202375252 STIM_START
286 1 3 10 2205650628 STIM_END_RESP_START
286 1 3 10 2205831384 LICK
286 1 3 10 2205831916 REWARD_START
286 1 3 10 2205961504 LICK
286 1 3 10 2206129616 LICK
286 1 3 10 2206315636 LICK
286 1 3 10 2206850660 RESP_END
286 1 3 10 2205844992 REWARD_END
287 0 4 7 2208681260 STIM_START
287 0 4 7 2212206672 STIM_END_RESP_START
287 0 4 7 2213406728 RESP_END
288 2 3 1 2215120376 STIM_START
288 2 3 1 2218395760 STIM_END_RESP_START
288 2 3 1 2219595812 RESP_END
289 0 3 1 2221674384 STIM_START
289 0 3 1 2224949768 STIM_END_RESP_START
289 0 3 1 2226149784 RESP_END
290 0 1 5 2227862380 STIM_START
290 0 1 5 2230937768 STIM_END_RESP_START
290 0 1 5 2232137784 RESP_END
291 1 5 1 2233886384 STIM_START
291 1 5 1 2237911860 STIM_END_RESP_START
291 1 5 1 2238357232 LICK
291 1 5 1 2238357772 REWARD_START
291 1 5 1 2238514508 LICK
291 1 5 1 2238699968 LICK
291 1 5 1 2239111900 RESP_END
291 1 5 1 2238370852 REWARD_END
292 2 2 6 2241461632 STIM_START
292 2 2 6 2244587000 STIM_END_RESP_START
292 2 2 6 2244851912 LICK
292 2 2 6 2244852444 REWARD_START
292 2 2 6 2244991304 LICK
292 2 2 6 2245167968 LICK
292 2 2 6 2245321404 LICK
292 2 2 6 2245787048 RESP_END
292 2 2 6 2244865520 REWARD_END
293 1 1 4 2248127676 STIM_START
293 1 1 4 2251203056 STIM_END_RESP_START
293 1 1 4 2251364388 LICK
293 1 1 4 2251364924 REWARD_START
293 1 1 4 2251528352 LICK
293 1 1 4 2251705684 LICK
293 1 1 4 2252403080 RESP_END
293 1 1 4 2251378000 REWARD_END
294 0 2 2 2254114652 STIM_START
294 0 2 2 2257240024 STIM_END_RESP_START
294 0 2 2 2258122052 LICK
294 0 2 2 2258122584 TIMEOUT_START
294 0 2 2 2258308548 LICK
294 0 2 2 2258309080 TIMEOUT_START
294 0 2 2 2258440048 RESP_END
294 0 2 2 2265309624 TIMEOUT_END
295 2 4 4 2267036764 STIM_START
295 2 4 4 2270562172 STIM_END_RESP_START
295 2 4 4 2271762188 RESP_END
296 0 3 5 2273472820 STIM_START
296 0 3 5 2276748196 STIM_END_RESP_START
296 0 3 5 2277948212 RESP_END
297 1 5 2 2279693824 STIM_START
297 1 5 2 2283719296 STIM_END_RESP_START
297 1 5 2 2284138968 LICK
297 1 5 2 2284139500 REWARD_START
297 1 5 2 2284326036 LICK
297 1 5 2 2284487372 LICK
297 1 5 2 2284919340 RESP_END
297 1 5 2 2284152580 REWARD_END
298 0 5 7 2286666988 STIM_START
298 0 5 7 2290692464 STIM_END_RESP_START
298 0 5 7 2291284444 LICK
298 0 5 7 2291284976 TIMEOUT_START
298 0 5 7 2291421356 LICK
298 0 5 7 2291421888 TIMEOUT_START
298 0 5 7 2291613328 LICK
298 0 5 7 2291613868 TIMEOUT_START
298 0 5 7 2291892476 RESP_END
298 0 5 7 2298614404 TIMEOUT_END
299 2 5 7 2300361264 STIM_START
299 2 5 7 2304386736 STIM_END_RESP_START
299 2 5 7 2305586752 RESP_END
300 0 2 10 2307298336 STIM_START
300 0 2 10 2310423708 STIM_END_RESP_START
300 0 2 10 2311623720 RESP_END
301 1 4 7 2313359332 STIM_START
301 1 4 7 2316884748 STIM_END_RESP_START
301 1 4 7 2317246480 LICK
301 1 4 7 2317247012 REWARD_START
301 1 4 7 2317416116 LICK
301 1 4 7 2317584524 LICK
301 1 4 7 2317761924 LICK
301 1 4 7 2318084784 RESP_END
301 1 4 7 2317260092 REWARD_END
302 0 5 5 2319831384 STIM_START
302 0 5 5 2323856860 STIM_END_RESP_START
302 0 5 5 2324590796 LICK
302 0 5 5 2324591328 TIMEOUT_START
302 0 5 5 2324766196 LICK
302 0 5 5 2324766736 TIMEOUT_START
302 0 5 5 2325056908 RESP_END
302 0 5 5 2331767276 TIMEOUT_END
303 1 1 2 2333472612 STIM_START
303 1 1 2 2336547956 STIM_END_RESP_START
303 1 1 2 2336927328 LICK
303 1 1 2 2336927868 REWARD_START
303 1 1 2 2337115472 LICK
303 1 1 2 2337307948 LICK
303 1 1 2 2337471404 LICK
303 1 1 2 2337747996 RESP_END
303 1 1 2 2336940940 REWARD_END
304 1 1 1 2339457612 STIM_START
304 1 1 1 2342532992 STIM_END_RESP_START
304 1 1 1 2342919096 LICK
304 1 1 1 2342919632 REWARD_START
304 1 1 1 2343102052 LICK
304 1 1 1 2343270508 LICK
304 1 1 1 2343733028 RESP_END
304 1 1 1 2342932712 REWARD_END
305 1 3 6 2345453536 STIM_START
305 1 3 6 2348728924 STIM_END_RESP_START
305 1 3 6 2349074228 LICK
305 1 3 6 2349074764 REWARD_START
305 1 3 6 2349267424 LICK
305 1 3 6 2349419968 LICK
305 1 3 6 2349928944 RESP_END
305 1 3 6 2349087828 REWARD_END
306 0 2 4 2352541692 STIM_START
306 0 2 4 2355667072 STIM_END_RESP_START
306 0 2 4 2356867128 RESP_END
307 0 5 1 2358621736 STIM_START
307 0 5 1 2362647212 STIM_END_RESP_START
307 0 5 1 2363847228 RESP_END
308 0 3 7 2365573880 STIM_START
308 0 3 7 2368849264 STIM_END_RESP_START
308 0 3 7 2370049280 RESP_END
309 2 5 3 2371792852 STIM_START
309 2 5 3 2375818332 STIM_END_RESP_START
309 2 5 3 2376992820 LICK
309 2 5 3 2376993352 REWARD_START
309 2 5 3 2377018348 RESP_END
309 2 5 3 2377006428 REWARD_END
310 0 3 9 2379277072 STIM_START
310 0 3 9 2382552468 STIM_END_RESP_START
310 0 3 9 2383752484 RESP_END
311 0 5 10 2385500060 STIM_START
311 0 5 10 2389525540 STIM_END_RESP_START
311 0 5 10 2389852608 LICK
311 0 5 10 2389853144 TIMEOUT_START
311 0 5 10 2389994572 LICK
311 0 5 10 2389995104 TIMEOUT_START
311 0 5 10 2390725552 RESP_END
311 0 5 10 2396995652 TIMEOUT_END
312 0 2 1 2398708216 STIM_START
312 0 2 1 2401833588 STIM_END_RESP_START
312 0 2 1 2403033604 RESP_END
313 1 3 9 2404742196 STIM_START
313 1 3 9 2408017580 STIM_END_RESP_START
313 1 3 9 2408351908 LICK
313 1 3 9 2408352444 REWARD_START
313 1 3 9 2408534060 LICK
313 1 3 9 2408696884 LICK
313 1 3 9 2409217604 RESP_END
313 1 3 9 2408365524 REWARD_END
314 2 5 10 2411490292 STIM_START
314 2 5 10 2414117832 LICK
314 2 5 10 2414281940 LICK
314 2 5 10 2414481340 LICK
314 2 5 10 2415303408 LICK
314 2 5 10 2415515756 STIM_END_RESP_START
314 2 5 10 2416388952 LICK
314 2 5 10 2416389492 REWARD_START
314 2 5 10 2416574004 LICK
314 2 5 10 2416715796 RESP_END
314 2 5 10 2416402572 REWARD_END
315 2 3 8 2419614684 STIM_START
315 2 3 8 2422890068 STIM_END_RESP_START
315 2 3 8 2424090084 RESP_END
316 0 3 10 2425814624 STIM_START
316 0 3 10 2429090008 STIM_END_RESP_START
316 0 3 10 2430290028 RESP_END
317 1 2 2 2432002628 STIM_START
317 1 2 2 2435127996 STIM_END_RESP_START
317 1 2 2 2435991280 LICK
317 1 2 2 2435991820 REWARD_START
317 1 2 2 2436162308 LICK
317 1 2 2 2436328024 RESP_END
317 1 2 2 2436004900 REWARD_END
318 1 3 3 2439084824 STIM_START
318 1 3 3 2442360212 STIM_END_RESP_START
318 1 3 3 2442716552 LICK
318 1 3 3 2442717084 REWARD_START
318 1 3 3 2442889364 LICK
318 1 3 3 2443070632 LICK
318 1 3 3 2443560256 RESP_END
318 1 3 3 2442730164 REWARD_END
319 0 1 1 2445271804 STIM_START
319 0 1 1 2448347192 STIM_END_RESP_START
319 0 1 1 2449547204 RESP_END
320 1 5 2 2451294868 STIM_START
320 1 5 2 2455320340 STIM_END_RESP_START
320 1 5 2 2455645920 LICK
320 1 5 2 2455646460 REWARD_START
320 1 5 2 2455832652 LICK
320 1 5 2 2456004192 LICK
320 1 5 2 2456520384 RESP_END
320 1 5 2 2455659540 REWARD_END
321 1 4 9 2459796164 STIM_START
321 1 4 9 2463321580 STIM_END_RESP_START
321 1 4 9 2463674772 LICK
321 1 4 9 2463675308 REWARD_START
321 1 4 9 2463883736 LICK
321 1 4 9 2464055344 LICK
321 1 4 9 2464245628 LICK
321 1 4 9 2464521612 RESP_END
321 1 4 9 2463688388 REWARD_END
322 2 5 10 2466266216 STIM_START
322 2 5 10 2470291688 STIM_END_RESP_START
322 2 5 10 2470494328 LICK
322 2 5 10 2470494864 REWARD_START
322 2 5 10 2470628428 LICK
322 2 5 10 2470793592 LICK
322 2 5 10 2470977008 LICK
322 2 5 10 2471491716 RESP_END
322 2 5 10 2470507940 REWARD_END
323 0 1 10 2473699440 STIM_START
323 0 1 10 2476382548 LICK
323 0 1 10 2476531376 LICK
323 0 1 10 2476762160 LICK
323 0 1 10 2476774812 STIM_END_RESP_START
323 0 1 10 2476932872 LICK
323 0 1 10 2476933412 TIMEOUT_START
323 0 1 10 2477974844 RESP_END
323 0 1 10 2483933948 TIMEOUT_END
324 1 3 10 2485651424 STIM_START
324 1 3 10 2488926812 STIM_END_RESP_START
324 1 3 10 2489320636 LICK
324 1 3 10 2489321168 REWARD_START
324 1 3 10 2489475884 LICK
324 1 3 10 2489670060 LICK
324 1 3 10 2489841984 LICK
324 1 3 10 2490126844 RESP_END
324 1 3 10 2489334248 REWARD_END
325 1 2 1 2492260472 STIM_START
325 1 2 1 2495385844 STIM_END_RESP_START
325 1 2 1 2495758988 LICK
325 1 2 1 2495759528 REWARD_START
325 1 2 1 2495940716 LICK
325 1 2 1 2496115144 LICK
325 1 2 1 2496585876 RESP_END
325 1 2 1 2495772600 REWARD_END
326 0 5 9 2499358628 STIM_START
326 0 5 9 2503384112 STIM_END_RESP_START
326 0 5 9 2504584124 RESP_END
327 0 4 1 2506300744 STIM_START
327 0 4 1 2509826160 STIM_END_RESP_START
327 0 4 1 2511026212 RESP_END
328 0 2 9 2512732824 STIM_START
328 0 2 9 2515858196 STIM_END_RESP_START
328 0 2 9 2517058216 RESP_END
329 1 2 1 2518759832 STIM_START
329 1 2 1 2521885204 STIM_END_RESP_START
329 1 2 1 2522258384 LICK
329 1 2 1 2522258924 REWARD_START
329 1 2 1 2522410552 LICK
329 1 2 1 2522575232 LICK
329 1 2 1 2522749496 LICK
329 1 2 1 2523085224 RESP_END
329 1 2 1 2522271984 REWARD_END
330 0 3 5 2524791776 STIM_START
330 0 3 5 2528067160 STIM_END_RESP_START
330 0 3 5 2529118320 LICK
330 0 3 5 2529118852 TIMEOUT_START
330 0 3 5 2529267204 RESP_END
330 0 3 5 2536119396 TIMEOUT_END
331 1 5 4 2537858924 STIM_START
331 1 5 4 2541884396 STIM_END_RESP_START
331 1 5 4 2542102076 LICK
331 1 5 4 2542102616 REWARD_START
331 1 5 4 2542283024 LICK
331 1 5 4 2542459652 LICK
331 1 5 4 2542599604 LICK
331 1 5 4 2543084424 RESP_END
331 1 5 4 2542115688 REWARD_END
332 1 2 5 2544797048 STIM_START
332 1 2 5 2547922420 STIM_END_RESP_START
332 1 2 5 2548297208 LICK
332 1 2 5 2548297748 REWARD_START
332 1 2 5 2548515184 LICK
332 1 2 5 2548675340 LICK
332 1 2 5 2549122456 RESP_END
332 1 2 5 2548310824 REWARD_END
333 0 2 1 2551493108 STIM_START
333 0 2 1 2554618484 STIM_END_RESP_START
333 0 2 1 2555818500 RESP_END
334 0 1 3 2557533076 STIM_START
334 0 1 3 2560608464 STIM_END_RESP_START
334 0 1 3 2561750292 LICK
334 0 1 3 2561750824 TIMEOUT_START
334 0 1 3 2561808504 RESP_END
334 0 1 3 2568751368 TIMEOUT_END
335 0 1 8 2570451184 STIM_START
335 0 1 8 2573526572 STIM_END_RESP_START
335 0 1 8 2574726588 RESP_END
336 1 3 7 2576450232 STIM_START
336 1 3 7 2579725616 STIM_END_RESP_START
336 1 3 7 2580055448 LICK
336 1 3 7 2580055980 REWARD_START
336 1 3 7 2580250928 LICK
336 1 3 7 2580925648 RESP_END
336 1 3 7 2580069060 REWARD_END
337 1 2 7 2583203300 STIM_START
337 1 2 7 2586328672 STIM_END_RESP_START
337 1 2 7 2586698868 LICK
337 1 2 7 2586699400 REWARD_START
337 1 2 7 2586875204 LICK
337 1 2 7 2587228188 LICK
337 1 2 7 2587528700 RESP_END
337 1 2 7 2586712480 REWARD_END
338 1 3 2 2589255288 STIM_START
338 1 3 2 2592530672 STIM_END_RESP_START
338 1 3 2 2592858816 LICK
338 1 3 2 2592859352 REWARD_START
338 1 3 2 2593044204 LICK
338 1 3 2 2593243996 LICK
338 1 3 2 2593730716 RESP_END
338 1 3 2 2592872424 REWARD_END
339 0 5 2 2595952380 STIM_START
339 0 5 2 2599977856 STIM_END_RESP_START
339 0 5 2 2601177872 RESP_END
340 0 5 7 2602916476 STIM_START
340 0 5 7 2606941948 STIM_END_RESP_START
340 0 5 7 2608141968 RESP_END
341 0 5 8 2609881652 STIM_START
341 0 5 8 2613907124 STIM_END_RESP_START
341 0 5 8 2615107140 RESP_END
342 1 4 7 2616827804 STIM_START
342 1 4 7 2620353220 STIM_END_RESP_START
342 1 4 7 2621429224 LICK
342 1 4 7 2621429772 REWARD_START
342 1 4 7 2621553260 RESP_END
342 1 4 7 2621442848 REWARD_END
343 1 2 7 2624382972 STIM_START
343 1 2 7 2627508348 STIM_END_RESP_START
343 1 2 7 2627686436 LICK
343 1 2 7 2627686968 REWARD_START
343 1 2 7 2627837040 LICK
343 1 2 7 2628024544 LICK
343 1 2 7 2628180676 LICK
343 1 2 7 2628708372 RESP_END
343 1 2 7 2627700044 REWARD_END
344 0 5 6 2630708000 STIM_START
344 0 5 6 2634733472 STIM_END_RESP_START
344 0 5 6 2635933488 RESP_END
345 1 3 1 2637643132 STIM_START
345 1 3 1 2640918512 STIM_END_RESP_START
345 1 3 1 2641953468 LICK
345 1 3 1 2641954004 REWARD_START
345 1 3 1 2642118544 RESP_END
345 1 3 1 2641967072 REWARD_END
346 1 5 5 2645085372 STIM_START
346 1 5 5 2649110848 STIM_END_RESP_START
346 1 5 5 2649429364 LICK
346 1 5 5 2649429896 REWARD_START
346 1 5 5 2649607176 LICK
346 1 5 5 2649771824 LICK
346 1 5 5 2650310884 RESP_END
346 1 5 5 2649442976 REWARD_END
347 2 5 7 2652045512 STIM_START
347 2 5 7 2656070984 STIM_END_RESP_START
347 2 5 7 2656710208 LICK
347 2 5 7 2656710748 REWARD_START
347 2 5 7 2656885568 LICK
347 2 5 7 2657060636 LICK
347 2 5 7 2657271020 RESP_END
347 2 5 7 2656723816 REWARD_END
348 0 5 6 2659766776 STIM_START
348 0 5 6 2663792248 STIM_END_RESP_START
348 0 5 6 2664992264 RESP_END
349 1 3 5 2666703872 STIM_START
349 1 3 5 2669979256 STIM_END_RESP_START
349 1 3 5 2670329148 LICK
349 1 3 5 2670329680 REWARD_START
349 1 3 5 2670503636 LICK
349 1 3 5 2670814228 LICK
349 1 3 5 2670994104 LICK
349 1 3 5 2671156604 LICK
349 1 3 5 2671179288 RESP_END
349 1 3 5 2670342760 REWARD_END
350 0 4 2 2672904880 STIM_START
350 0 4 2 2676430296 STIM_END_RESP_START
350 0 4 2 2677630312 RESP_END
351 1 3 10 2679344960 STIM_START
351 1 3 10 2682620344 STIM_END_RESP_START
351 1 3 10 2683476948 LICK
351 1 3 10 2683477488 REWARD_START
351 1 3 10 2683650656 LICK
351 1 3 10 2683820376 RESP_END
351 1 3 10 2683490568 REWARD_END
352 2 4 5 2688086356 STIM_START
352 2 4 5 2691611768 STIM_END_RESP_START
352 2 4 5 2691797156 LICK
352 2 4 5 2691797688 REWARD_START
352 2 4 5 2692009784 LICK
352 2 4 5 2692124048 LICK
352 2 4 5 2692328108 LICK
352 2 4 5 2692811796 RESP_END
352 2 4 5 2691810764 REWARD_END
353 1 5 1 2695379568 STIM_START
353 1 5 1 2699405036 STIM_END_RESP_START
353 1 5 1 2699615536 LICK
353 1 5 1 2699616072 REWARD_START
353 1 5 1 2699747952 LICK
353 1 5 1 2699903480 LICK
353 1 5 1 2700077564 LICK
353 1 5 1 2700605068 RESP_END
353 1 5 1 2699629148 REWARD_END
354 0 3 1 2702616724 STIM_START
354 0 3 1 2705892104 STIM_END_RESP_START
354 0 3 1 2707092120 RESP_END
355 2 3 7 2708813716 STIM_START
355 2 3 7 2712089096 STIM_END_RESP_START
355 2 3 7 2713289116 RESP_END
356 1 2 5 2715005740 STIM_START
356 1 2 5 2718131112 STIM_END_RESP_START
356 1 2 5 2719118016 LICK
356 1 2 5 2719118560 REWARD_START
356 1 2 5 2719310368 LICK
356 1 2 5 2719331128 RESP_END
356 1 2 5 2719131632 REWARD_END
357 1 5 7 2721794856 STIM_START
357 1 5 7 2725205940 LICK
357 1 5 7 2725371340 LICK
357 1 5 7 2725614316 LICK
357 1 5 7 2725820324 STIM_END_RESP_START
357 1 5 7 2726029468 LICK
357 1 5 7 2726030000 REWARD_START
357 1 5 7 2726212348 LICK
357 1 5 7 2726389244 LICK
357 1 5 7 2726585660 LICK
357 1 5 7 2727020344 RESP_END
357 1 5 7 2726043080 REWARD_END
358 0 5 7 2729242080 STIM_START
358 0 5 7 2733267552 STIM_END_RESP_START
358 0 5 7 2734467568 RESP_END
359 1 3 1 2736179212 STIM_START
359 1 3 1 2739454588 STIM_END_RESP_START
359 1 3 1 2739848908 LICK
359 1 3 1 2739849448 REWARD_START
359 1 3 1 2740033140 LICK
359 1 3 1 2740161972 LICK
359 1 3 1 2740347300 LICK
359 1 3 1 2740654628 RESP_END
359 1 3 1 2739862520 REWARD_END
360 1 3 2 2742370176 STIM_START
360 1 3 2 2745645560 STIM_END_RESP_START
360 1 3 2 2745886712 LICK
360 1 3 2 2745887256 REWARD_START
360 1 3 2 2746032732 LICK
360 1 3 2 2746196792 LICK
360 1 3 2 2746373808 LICK
360 1 3 2 2746845600 RESP_END
360 1 3 2 2745900332 REWARD_END
361 1 1 7 2748549176 STIM_START
361 1 1 7 2751624556 STIM_END_RESP_START
361 1 1 7 2751971584 LICK
361 1 1 7 2751972120 REWARD_START
361 1 1 7 2752100404 LICK
361 1 1 7 2752275616 LICK
361 1 1 7 2752824568 RESP_END
361 1 1 7 2751985200 REWARD_END
362 0 2 8 2754530176 STIM_START
362 0 2 8 2757655544 STIM_END_RESP_START
362 0 2 8 2758855560 RESP_END
363 1 2 9 2760564144 STIM_START
363 1 2 9 2763689516 STIM_END_RESP_START
363 1 2 9 2764055788 LICK
363 1 2 9 2764056324 REWARD_START
363 1 2 9 2764233440 LICK
363 1 2 9 2764403640 LICK
363 1 2 9 2764582984 LICK
363 1 2 9 2764889536 RESP_END
363 1 2 9 2764069404 REWARD_END
364 0 2 1 2766596160 STIM_START
364 0 2 1 2769721532 STIM_END_RESP_START
364 0 2 1 2770921544 RESP_END
365 1 5 1 2772675152 STIM_START
365 1 5 1 2776700628 STIM_END_RESP_START
365 1 5 1 2777002968 LICK
365 1 5 1 2777003508 REWARD_START
365 1 5 1 2777200736 LICK
365 1 5 1 2777342988 LICK
365 1 5 1 2777528348 LICK
365 1 5 1 2777900656 RESP_END
365 1 5 1 2777016588 REWARD_END
366 1 1 1 2779612256 STIM_START
366 1 1 1 2782687636 STIM_END_RESP_START
366 1 1 1 2783003140 LICK
366 1 1 1 2783003680 REWARD_START
366 1 1 1 2783146984 LICK
366 1 1 1 2783316316 LICK
366 1 1 1 2783887664 RESP_END
366 1 1 1 2783016752 REWARD_END
367 0 2 1 2786038324 STIM_START
367 0 2 1 2789163696 STIM_END_RESP_START
367 0 2 1 2790363712 RESP_END
368 0 4 1 2792080268 STIM_START
368 0 4 1 2795605676 STIM_END_RESP_START
368 0 4 1 2796805692 RESP_END
369 0 2 6 2798507380 STIM_START
369 0 2 6 2801632752 STIM_END_RESP_START
369 0 2 6 2802832768 RESP_END
370 1 1 2 2804545320 STIM_START
370 1 1 2 2807620704 STIM_END_RESP_START
370 1 1 2 2807951964 LICK
370 1 1 2 2807952504 REWARD_START
370 1 1 2 2808104012 LICK
370 1 1 2 2808276844 LICK
370 1 1 2 2808442456 LICK
370 1 1 2 2808607780 LICK
370 1 1 2 2808820748 RESP_END
370 1 1 2 2807965576 REWARD_END
371 0 1 4 2810530284 STIM_START
371 0 1 4 2813605664 STIM_END_RESP_START
371 0 1 4 2814805680 RESP_END
372 0 3 7 2816522292 STIM_START
372 0 3 7 2819797708 STIM_END_RESP_START
372 0 3 7 2820997724 RESP_END
373 1 4 4 2822723312 STIM_START
373 1 4 4 2826248724 STIM_END_RESP_START
373 1 4 4 2826634912 LICK
373 1 4 4 2826635452 REWARD_START
373 1 4 4 2826832104 LICK
373 1 4 4 2827118060 LICK
373 1 4 4 2827423596 LICK
373 1 4 4 2827448760 RESP_END
373 1 4 4 2826648524 REWARD_END
374 0 2 9 2829155304 STIM_START
374 0 2 9 2832280692 STIM_END_RESP_START
374 0 2 9 2833480744 RESP_END
375 0 3 6 2835200368 STIM_START
375 0 3 6 2838475744 STIM_END_RESP_START
375 0 3 6 2839675760 RESP_END
376 0 5 4 2841416352 STIM_START
376 0 5 4 2845441828 STIM_END_RESP_START
376 0 5 4 2846641844 RESP_END
377 1 4 10 2848364476 STIM_START
377 1 4 10 2851889892 STIM_END_RESP_START
377 1 4 10 2852304688 LICK
377 1 4 10 2852305224 REWARD_START
377 1 4 10 2852472732 LICK
377 1 4 10 2852639308 LICK
377 1 4 10 2853089912 RESP_END
377 1 4 10 2852318304 REWARD_END
378 2 3 2 2855429588 STIM_START
378 2 3 2 2858704972 STIM_END_RESP_START
378 2 3 2 2859905020 RESP_END
379 0 2 4 2861614644 STIM_START
379 0 2 4 2864740016 STIM_END_RESP_START
379 0 2 4 2865940032 RESP_END
380 2 1 6 2867653584 STIM_START
380 2 1 6 2870728968 STIM_END_RESP_START
380 2 1 6 2871928984 RESP_END
381 0 1 7 2873637576 STIM_START
381 0 1 7 2876712956 STIM_END_RESP_START
381 0 1 7 2877912972 RESP_END
382 1 2 1 2879626536 STIM_START
382 1 2 1 2882751908 STIM_END_RESP_START
382 1 2 1 2883951924 RESP_END
383 1 5 1 2885703568 STIM_START
383 1 5 1 2889729048 STIM_END_RESP_START
383 1 5 1 2890202568 LICK
383 1 5 1 2890203100 REWARD_START
383 1 5 1 2890361428 LICK
383 1 5 1 2890547736 LICK
383 1 5 1 2890929088 RESP_END
383 1 5 1 2890216180 REWARD_END
384 2 2 9 2892643664 STIM_START
384 2 2 9 2895769036 STIM_END_RESP_START
384 2 2 9 2896969052 RESP_END
385 0 3 2 2898687640 STIM_START
385 0 3 2 2901963024 STIM_END_RESP_START
385 0 3 2 2903163040 RESP_END
386 1 4 5 2904887688 STIM_START
386 1 4 5 2908413100 STIM_END_RESP_START
386 1 4 5 2909613116 RESP_END
387 1 5 5 2911364704 STIM_START
387 1 5 5 2915390180 STIM_END_RESP_START
387 1 5 5 2916590196 RESP_END
388 1 5 10 2918407900 STIM_START
388 1 5 10 2922433368 STIM_END_RESP_START
388 1 5 10 2923633388 RESP_END
389 0 2 4 2925338044 STIM_START
389 0 2 4 2928463416 STIM_END_RESP_START
389 0 2 4 2929663436 RESP_END
390 0 2 9 2931376984 STIM_START
390 0 2 9 2934502356 STIM_END_RESP_START
390 0 2 9 2935702372 RESP_END
391 1 3 2 2937421964 STIM_START
391 1 3 2 2940697340 STIM_END_RESP_START
391 1 3 2 2941897360 RESP_END
392 0 3 10 2943608960 STIM_START
392 0 3 10 2946884340 STIM_END_RESP_START
392 0 3 10 2948084356 RESP_END
393 0 1 3 2949793964 STIM_START
393 0 1 3 2952869340 STIM_END_RESP_START
393 0 1 3 2954069356 RESP_END
394 0 4 10 2955796940 STIM_START
394 0 4 10 2959322352 STIM_END_RESP_START
394 0 4 10 2960522368 RESP_END
395 2 4 4 2962244048 STIM_START
395 2 4 4 2965769464 STIM_END_RESP_START
395 2 4 4 2966969480 RESP_END
396 1 4 4 2968702048 STIM_START
396 1 4 4 2972227460 STIM_END_RESP_START
396 1 4 4 2973427472 RESP_END
