001 1 0005260312 STIM_START
001 1 0009035740 STIM_END_RESP_START
001 1 0010235776 RESP_END
002 0 0012441500 STIM_START
002 0 0016216956 STIM_END_RESP_START
002 0 0017416972 RESP_END
003 0 0019659688 STIM_START
003 0 0023185096 STIM_END_RESP_START
003 0 0024385112 RESP_END
004 0 0026616784 STIM_START
004 0 0030642252 STIM_END_RESP_START
004 0 0031842260 RESP_END
005 1 0033673888 STIM_START
005 1 0037199292 STIM_END_RESP_START
005 1 0038290216 LICK
005 1 0038290664 REWARD_START
005 1 0038399304 RESP_END
005 1 0038303632 REWARD_END
006 1 0040843092 STIM_START
006 1 0044868552 STIM_END_RESP_START
006 1 0046068568 RESP_END
007 0 0048089224 STIM_START
007 0 0051614624 STIM_END_RESP_START
007 0 0051940596 LICK
007 0 0051941032 TIMEOUT_START
007 0 0052070500 LICK
007 0 0052070936 TIMEOUT_START
007 0 0052241364 LICK
007 0 0052241808 TIMEOUT_START
007 0 0052399796 LICK
007 0 0052400244 TIMEOUT_START
007 0 0052814668 RESP_END
007 0 0059400700 TIMEOUT_END
008 0 0061412372 STIM_START
008 0 0064937780 STIM_END_RESP_START
008 0 0066137792 RESP_END
009 1 0067959448 STIM_START
009 1 0071234812 STIM_END_RESP_START
009 1 0071635760 LICK
009 1 0071636204 REWARD_START
009 1 0071814932 LICK
009 1 0071967144 LICK
009 1 0072130964 LICK
009 1 0072434852 RESP_END
009 1 0071649176 REWARD_END
010 0 0074333468 STIM_START
010 0 0077608864 STIM_END_RESP_START
010 0 0078808880 RESP_END
011 0 0080798480 STIM_START
011 0 0084073880 STIM_END_RESP_START
011 0 0084075704 LICK
011 0 0084076148 TIMEOUT_START
011 0 0084205232 LICK
011 0 0084205672 TIMEOUT_START
011 0 0084391284 LICK
011 0 0084391720 TIMEOUT_START
011 0 0084539928 LICK
011 0 0084540368 TIMEOUT_START
011 0 0085093692 LICK
011 0 0085094128 TIMEOUT_START
011 0 0085273900 RESP_END
011 0 0092094592 TIMEOUT_END
012 0 0093961592 STIM_START
012 0 0097487004 STIM_END_RESP_START
012 0 0098687020 RESP_END
013 1 0100625672 STIM_START
013 1 0101520116 LICK
013 1 0101590188 LICK
013 1 0101895424 LICK
013 1 0102124068 LICK
013 1 0102336948 LICK
013 1 0102550724 LICK
013 1 0102694120 LICK
013 1 0103052652 LICK
013 1 0103167580 LICK
013 1 0103301376 LICK
013 1 0103406576 LICK
013 1 0103548472 LICK
013 1 0103901044 STIM_END_RESP_START
013 1 0104367168 LICK
013 1 0104367652 REWARD_START
013 1 0105101068 RESP_END
013 1 0104380656 REWARD_END
014 0 0129514212 STIM_START
014 0 0133039636 STIM_END_RESP_START
014 0 0134239672 RESP_END
015 1 0136014244 STIM_START
015 1 0139781280 LICK
015 1 0139789680 STIM_END_RESP_START
015 1 0139967508 LICK
015 1 0139967992 REWARD_START
015 1 0140129412 LICK
015 1 0140285428 LICK
015 1 0140440360 LICK
015 1 0140989688 RESP_END
015 1 0139981000 REWARD_END
016 0 0144905732 STIM_START
016 0 0148374044 LICK
016 0 0148537372 LICK
016 0 0148681164 STIM_END_RESP_START
016 0 0148747440 LICK
016 0 0148747924 TIMEOUT_START
016 0 0148896276 LICK
016 0 0148896760 TIMEOUT_START
016 0 0149875808 LICK
016 0 0149876292 TIMEOUT_START
016 0 0149881180 RESP_END
016 0 0156876812 TIMEOUT_END
017 1 0162486588 STIM_START
017 1 0165487528 LICK
017 1 0165608100 LICK
017 1 0165828724 LICK
017 1 0166262036 STIM_END_RESP_START
017 1 0166432824 LICK
017 1 0166433304 REWARD_START
017 1 0166615704 LICK
017 1 0166761716 LICK
017 1 0166925796 LICK
017 1 0167462068 RESP_END
017 1 0166446308 REWARD_END
018 1 0169437588 STIM_START
018 1 0169555656 LICK
018 1 0173213044 STIM_END_RESP_START
018 1 0173635820 LICK
018 1 0173636304 REWARD_START
018 1 0173813500 LICK
018 1 0173963384 LICK
018 1 0174123560 LICK
018 1 0174314088 LICK
018 1 0174413068 RESP_END
018 1 0173649324 REWARD_END
019 0 0176172744 STIM_START
019 0 0176231220 LICK
019 0 0176391716 LICK
019 0 0179161716 LICK
019 0 0179329512 LICK
019 0 0179512180 LICK
019 0 0179698160 STIM_END_RESP_START
019 0 0180227388 LICK
019 0 0180227868 TIMEOUT_START
019 0 0180365404 LICK
019 0 0180365884 TIMEOUT_START
019 0 0180898172 RESP_END
019 0 0187366388 TIMEOUT_END
020 0 0189571880 STIM_START
020 0 0191588496 LICK
020 0 0191721144 LICK
020 0 0193597344 STIM_END_RESP_START
020 0 0194797380 RESP_END
021 1 0196948032 STIM_START
021 1 0200223404 STIM_END_RESP_START
021 1 0200712772 LICK
021 1 0200713264 REWARD_START
021 1 0200900196 LICK
021 1 0201067588 LICK
021 1 0201214012 LICK
021 1 0201423456 RESP_END
021 1 0200726280 REWARD_END
022 1 0206699596 STIM_START
022 1 0209974968 STIM_END_RESP_START
022 1 0210175360 LICK
022 1 0210175844 REWARD_START
022 1 0210320356 LICK
022 1 0210458388 LICK
022 1 0210602260 LICK
022 1 0210752200 LICK
022 1 0211175004 RESP_END
022 1 0210188864 REWARD_END
023 1 0215467056 STIM_START
023 1 0218992476 STIM_END_RESP_START
023 1 0219112272 LICK
023 1 0219112764 REWARD_START
023 1 0219242784 LICK
023 1 0219410036 LICK
023 1 0219562088 LICK
023 1 0220192508 RESP_END
023 1 0219125788 REWARD_END
024 0 0224480480 STIM_START
024 0 0228255908 STIM_END_RESP_START
024 0 0228457300 LICK
024 0 0228457788 TIMEOUT_START
024 0 0228621800 LICK
024 0 0228622284 TIMEOUT_START
024 0 0228846756 LICK
024 0 0228847240 TIMEOUT_START
024 0 0229040264 LICK
024 0 0229040748 TIMEOUT_START
024 0 0229455936 RESP_END
024 0 0236041260 TIMEOUT_END
025 1 0238110652 STIM_START
025 1 0241886088 STIM_END_RESP_START
025 1 0242043644 LICK
025 1 0242044136 REWARD_START
025 1 0242186276 LICK
025 1 0242346312 LICK
025 1 0242518432 LICK
025 1 0242830172 LICK
025 1 0242994136 LICK
025 1 0243086116 RESP_END
025 1 0242057152 REWARD_END
026 1 0245285816 STIM_START
026 1 0249311300 STIM_END_RESP_START
026 1 0249522740 LICK
026 1 0249523232 REWARD_START
026 1 0249706236 LICK
026 1 0249913472 LICK
026 1 0250069544 LICK
026 1 0250511332 RESP_END
026 1 0249536248 REWARD_END
027 0 0253784120 STIM_START
027 0 0257059496 STIM_END_RESP_START
027 0 0257637072 LICK
027 0 0257637560 TIMEOUT_START
027 0 0257784044 LICK
027 0 0257784524 TIMEOUT_START
027 0 0258259520 RESP_END
027 0 0264785024 TIMEOUT_END
028 0 0266899264 STIM_START
028 0 0267401640 LICK
028 0 0267574440 LICK
028 0 0268191996 LICK
028 0 0268560856 LICK
028 0 0268780712 LICK
028 0 0269171304 LICK
028 0 0270196696 LICK
028 0 0270402716 LICK
028 0 0270674716 STIM_END_RESP_START
028 0 0271800252 LICK
028 0 0271800744 TIMEOUT_START
028 0 0271874744 RESP_END
028 0 0278801248 TIMEOUT_END
029 0 0280967512 STIM_START
029 0 0284742944 STIM_END_RESP_START
029 0 0285477928 LICK
029 0 0285478416 TIMEOUT_START
029 0 0285665964 LICK
029 0 0285666456 TIMEOUT_START
029 0 0285942972 RESP_END
029 0 0292666960 TIMEOUT_END
030 1 0294616720 STIM_START
030 1 0298642200 STIM_END_RESP_START
030 1 0298644676 LICK
030 1 0298645160 REWARD_START
030 1 0298836292 LICK
030 1 0299124524 LICK
030 1 0299257360 LICK
030 1 0299411532 LICK
030 1 0299842244 RESP_END
030 1 0298658192 REWARD_END
031 1 0303091068 STIM_START
031 1 0307116552 STIM_END_RESP_START
031 1 0307261128 LICK
031 1 0307261620 REWARD_START
031 1 0307399556 LICK
031 1 0307534856 LICK
031 1 0308316588 RESP_END
031 1 0307274632 REWARD_END
032 1 0310145268 STIM_START
032 1 0310209284 LICK
032 1 0313484820 LICK
032 1 0313920712 STIM_END_RESP_START
032 1 0314091348 LICK
032 1 0314091844 REWARD_START
032 1 0314217408 LICK
032 1 0314368612 LICK
032 1 0315120720 RESP_END
032 1 0314104868 REWARD_END
033 0 0316955300 STIM_START
033 0 0317109340 LICK
033 0 0317235288 LICK
033 0 0317395180 LICK
033 0 0318173832 LICK
033 0 0318297920 LICK
033 0 0319251320 LICK
033 0 0320730748 STIM_END_RESP_START
033 0 0321930780 RESP_END
034 1 0323676340 STIM_START
034 1 0326908400 LICK
034 1 0327052452 LICK
034 1 0327701824 STIM_END_RESP_START
034 1 0327863436 LICK
034 1 0327863920 REWARD_START
034 1 0328022612 LICK
034 1 0328185556 LICK
034 1 0328348204 LICK
034 1 0328901836 RESP_END
034 1 0327876944 REWARD_END
035 0 0334119996 STIM_START
035 0 0337391848 LICK
035 0 0338112768 LICK
035 0 0338145476 STIM_END_RESP_START
035 0 0338604336 LICK
035 0 0338604820 TIMEOUT_START
035 0 0338812040 LICK
035 0 0338812524 TIMEOUT_START
035 0 0339345520 RESP_END
035 0 0345813036 TIMEOUT_END
036 0 0347728220 STIM_START
036 0 0351503652 STIM_END_RESP_START
036 0 0352703688 RESP_END
037 0 0354559276 STIM_START
037 0 0357798632 LICK
037 0 0357969596 LICK
037 0 0358584740 STIM_END_RESP_START
037 0 0359784776 RESP_END
038 1 0361606444 STIM_START
038 1 0364881816 STIM_END_RESP_START
038 1 0365063060 LICK
038 1 0365063552 REWARD_START
038 1 0365205208 LICK
038 1 0365613296 LICK
038 1 0365758536 LICK
038 1 0366081852 RESP_END
038 1 0365076556 REWARD_END
039 0 0367899456 STIM_START
039 0 0368047904 LICK
039 0 0368207596 LICK
039 0 0371174840 STIM_END_RESP_START
039 0 0372374876 RESP_END
040 0 0376575844 STIM_START
040 0 0378569596 LICK
040 0 0380601296 STIM_END_RESP_START
040 0 0381801328 RESP_END
041 0 0383923000 STIM_START
041 0 0387948480 STIM_END_RESP_START
041 0 0387973660 LICK
041 0 0387974152 TIMEOUT_START
041 0 0388124516 LICK
041 0 0388125008 TIMEOUT_START
041 0 0389148508 RESP_END
041 0 0395125500 TIMEOUT_END
042 1 0397046196 STIM_START
042 1 0400571620 STIM_END_RESP_START
042 1 0401771656 RESP_END
043 1 0406039576 STIM_START
043 1 0409564996 STIM_END_RESP_START
043 1 0409918876 LICK
043 1 0409919360 REWARD_START
043 1 0410103936 LICK
043 1 0410505120 LICK
043 1 0410643208 LICK
043 1 0410765012 RESP_END
043 1 0409932384 REWARD_END
044 1 0412641628 STIM_START
044 1 0412814664 LICK
044 1 0412947972 LICK
044 1 0415916996 STIM_END_RESP_START
044 1 0416077608 LICK
044 1 0416078096 REWARD_START
044 1 0416247824 LICK
044 1 0416439332 LICK
044 1 0416557684 LICK
044 1 0417117008 RESP_END
044 1 0416091112 REWARD_END
045 0 0419269708 STIM_START
045 0 0419277244 LICK
045 0 0422545084 STIM_END_RESP_START
045 0 0423745116 RESP_END
046 1 0425640704 STIM_START
046 1 0428139784 LICK
046 1 0428287800 LICK
046 1 0429416148 STIM_END_RESP_START
046 1 0429775512 LICK
046 1 0429776004 REWARD_START
046 1 0429932304 LICK
046 1 0430063076 LICK
046 1 0430198596 LICK
046 1 0430320680 LICK
046 1 0430471852 LICK
046 1 0430616192 RESP_END
046 1 0429789020 REWARD_END
047 1 0434288176 STIM_START
047 1 0438063608 STIM_END_RESP_START
047 1 0438286920 LICK
047 1 0438287412 REWARD_START
047 1 0438425588 LICK
047 1 0438581428 LICK
047 1 0438730044 LICK
047 1 0439263640 RESP_END
047 1 0438300428 REWARD_END
048 0 0441411240 STIM_START
048 0 0441608900 LICK
048 0 0441753296 LICK
048 0 0445186688 STIM_END_RESP_START
048 0 0446386724 RESP_END
049 0 0448478360 STIM_START
049 0 0452503840 STIM_END_RESP_START
049 0 0453703876 RESP_END
050 0 0455804576 STIM_START
050 0 0459330004 STIM_END_RESP_START
050 0 0460530040 RESP_END
051 1 0462267620 STIM_START
051 1 0466043052 STIM_END_RESP_START
051 1 0466202188 LICK
051 1 0466202676 REWARD_START
051 1 0466340936 LICK
051 1 0466490552 LICK
051 1 0466625052 LICK
051 1 0467243084 RESP_END
051 1 0466215696 REWARD_END
052 0 0469032656 STIM_START
052 0 0472308040 STIM_END_RESP_START
052 0 0472563476 LICK
052 0 0472563964 TIMEOUT_START
052 0 0473281036 LICK
052 0 0473281520 TIMEOUT_START
052 0 0473493668 LICK
052 0 0473494156 TIMEOUT_START
052 0 0473508056 RESP_END
052 0 0480494660 TIMEOUT_END
053 1 0482475820 STIM_START
053 1 0486501300 STIM_END_RESP_START
053 1 0486626964 LICK
053 1 0486627452 REWARD_START
053 1 0486816364 LICK
053 1 0486993856 LICK
053 1 0487106376 LICK
053 1 0487375320 LICK
053 1 0487535056 LICK
053 1 0487701312 RESP_END
053 1 0486640468 REWARD_END
USER_EXIT