001 0 0009163936 STIM_START
001 0 0009218460 LICK
001 0 0009419800 LICK
001 0 0010678048 LICK
001 0 0010891412 LICK
001 0 0011807152 LICK
001 0 0011967872 LICK
001 0 0012176936 LICK
001 0 0012689364 STIM_END_RESP_START
001 0 0013040212 LICK
001 0 0013040656 TIMEOUT_START
001 0 0013693912 LICK
001 0 0013694352 TIMEOUT_START
001 0 0013889376 RESP_END
001 0 0020694816 TIMEOUT_END
002 1 0027212884 STIM_START
002 1 0027409596 LICK
002 1 0029258932 LICK
002 1 0029429480 LICK
002 1 0030488292 STIM_END_RESP_START
002 1 0030553096 LICK
002 1 0030553536 REWARD_START
002 1 0030764220 LICK
002 1 0030924772 LICK
002 1 0031105196 LICK
002 1 0031688308 RESP_END
002 1 0030566512 REWARD_END
003 1 0036280348 STIM_START
003 1 0036336696 LICK
003 1 0036729872 LICK
003 1 0036950680 LICK
003 1 0038124120 LICK
003 1 0038310116 LICK
003 1 0038642760 LICK
003 1 0038884328 LICK
003 1 0039137528 LICK
003 1 0039346612 LICK
003 1 0039805764 STIM_END_RESP_START
003 1 0039911444 LICK
003 1 0039911884 REWARD_START
003 1 0040124996 LICK
003 1 0040324264 LICK
003 1 0040516120 LICK
003 1 0040662436 LICK
003 1 0040837284 LICK
003 1 0041005784 RESP_END
003 1 0039924840 REWARD_END
004 0 0045478912 STIM_START
004 0 0045678220 LICK
004 0 0045900668 LICK
004 0 0047192404 LICK
004 0 0047426520 LICK
004 0 0047780548 LICK
004 0 0048153712 LICK
004 0 0048393032 LICK
004 0 0048661856 LICK
004 0 0048865068 LICK
004 0 0049086444 LICK
004 0 0049504400 STIM_END_RESP_START
004 0 0049673724 LICK
004 0 0049674160 TIMEOUT_START
004 0 0049856800 LICK
004 0 0049857236 TIMEOUT_START
004 0 0049903284 LICK
004 0 0049903724 TIMEOUT_START
004 0 0050144516 LICK
004 0 0050144952 TIMEOUT_START
004 0 0050630068 LICK
004 0 0050630504 TIMEOUT_START
004 0 0050704444 RESP_END
004 0 0057630956 TIMEOUT_END
005 1 0059765272 STIM_START
005 1 0061954628 LICK
005 1 0062148972 LICK
005 1 0063102668 LICK
005 1 0063290704 STIM_END_RESP_START
005 1 0063328580 LICK
005 1 0063329020 REWARD_START
005 1 0063588276 LICK
005 1 0063726580 LICK
005 1 0063881308 LICK
005 1 0064490724 RESP_END
005 1 0063341996 REWARD_END
006 0 0067904572 STIM_START
006 0 0068272076 LICK
006 0 0070455284 LICK
006 0 0070620788 LICK
006 0 0070838224 LICK
006 0 0071068172 LICK
006 0 0071430000 STIM_END_RESP_START
006 0 0071652404 LICK
006 0 0071652844 TIMEOUT_START
006 0 0071913004 LICK
006 0 0071913444 TIMEOUT_START
006 0 0072169004 LICK
006 0 0072169440 TIMEOUT_START
006 0 0072471756 LICK
006 0 0072472192 TIMEOUT_START
006 0 0072630028 RESP_END
006 0 0079472656 TIMEOUT_END
007 1 0081490836 STIM_START
007 1 0084506180 LICK
007 1 0084710292 LICK
007 1 0085266276 STIM_END_RESP_START
007 1 0085434104 LICK
007 1 0085434548 REWARD_START
007 1 0085612564 LICK
007 1 0085813004 LICK
007 1 0085985320 LICK
007 1 0086156228 LICK
007 1 0086466292 RESP_END
007 1 0085447520 REWARD_END
008 1 0090219276 STIM_START
008 1 0092877184 LICK
008 1 0093034928 LICK
008 1 0093262680 LICK
008 1 0093848416 LICK
008 1 0094070584 LICK
008 1 0094244756 STIM_END_RESP_START
008 1 0094384356 LICK
008 1 0094384792 REWARD_START
008 1 0094621864 LICK
008 1 0094788584 LICK
008 1 0095444780 RESP_END
008 1 0094397768 REWARD_END
009 1 0098455648 STIM_START
009 1 0098832536 LICK
009 1 0101619280 LICK
009 1 0101731036 STIM_END_RESP_START
009 1 0101734708 LICK
009 1 0101735196 REWARD_START
009 1 0101919068 LICK
009 1 0102074768 LICK
009 1 0102931048 RESP_END
009 1 0101748224 REWARD_END
010 0 0105077716 STIM_START
010 0 0105161752 LICK
010 0 0106254448 LICK
010 0 0106407656 LICK
010 0 0107254260 LICK
010 0 0108141412 LICK
010 0 0108391132 LICK
010 0 0108853188 STIM_END_RESP_START
010 0 0108954028 LICK
010 0 0108954508 TIMEOUT_START
010 0 0109234724 LICK
010 0 0109235212 TIMEOUT_START
010 0 0110053208 RESP_END
010 0 0116235712 TIMEOUT_END
011 0 0118574012 STIM_START
011 0 0121542124 LICK
011 0 0121707076 LICK
011 0 0121849400 STIM_END_RESP_START
011 0 0121924480 LICK
011 0 0121924968 TIMEOUT_START
011 0 0122613568 LICK
011 0 0122614060 TIMEOUT_START
011 0 0122819996 LICK
011 0 0122820480 TIMEOUT_START
011 0 0123049420 RESP_END
011 0 0129820992 TIMEOUT_END
012 1 0131777136 STIM_START
012 1 0134233156 LICK
012 1 0134472484 LICK
012 1 0135141956 LICK
012 1 0135304748 LICK
012 1 0135649300 LICK
012 1 0135802612 STIM_END_RESP_START
012 1 0135948964 LICK
012 1 0135949456 REWARD_START
012 1 0136204960 LICK
012 1 0136370468 LICK
012 1 0136698908 LICK
012 1 0136824376 LICK
012 1 0136978572 LICK
012 1 0137002652 RESP_END
012 1 0135962472 REWARD_END
013 1 0139703448 STIM_START
013 1 0142656724 LICK
013 1 0142813908 LICK
013 1 0143023272 LICK
013 1 0143478920 STIM_END_RESP_START
013 1 0143658088 LICK
013 1 0143658572 REWARD_START
013 1 0143835952 LICK
013 1 0144018716 LICK
013 1 0144177280 LICK
013 1 0144353252 LICK
013 1 0144508088 LICK
013 1 0144674860 LICK
013 1 0144678952 RESP_END
013 1 0143671592 REWARD_END
014 1 0146595592 STIM_START
014 1 0149870980 STIM_END_RESP_START
014 1 0150246444 LICK
014 1 0150246928 REWARD_START
014 1 0150406412 LICK
014 1 0150574044 LICK
014 1 0151071000 RESP_END
014 1 0150259932 REWARD_END
015 0 0154443976 STIM_START
015 0 0157326736 LICK
015 0 0157571016 LICK
015 0 0157785612 LICK
015 0 0158469456 STIM_END_RESP_START
015 0 0159111476 LICK
015 0 0159111960 TIMEOUT_START
015 0 0159669484 RESP_END
015 0 0166112468 TIMEOUT_END
016 1 0168280236 STIM_START
016 1 0172029304 LICK
016 1 0172305712 STIM_END_RESP_START
016 1 0172504408 LICK
016 1 0172504892 REWARD_START
016 1 0172887924 LICK
016 1 0173371976 LICK
016 1 0173505736 RESP_END
016 1 0172517912 REWARD_END
017 0 0175460464 STIM_START
017 0 0179235936 STIM_END_RESP_START
017 0 0179267812 LICK
017 0 0179268292 TIMEOUT_START
017 0 0179446412 LICK
017 0 0179446900 TIMEOUT_START
017 0 0180341788 LICK
017 0 0180342268 TIMEOUT_START
017 0 0180435956 RESP_END
017 0 0187342772 TIMEOUT_END
018 1 0189291720 STIM_START
018 1 0192548376 LICK
018 1 0192719248 LICK
018 1 0193298312 LICK
018 1 0193317216 STIM_END_RESP_START
018 1 0194469252 LICK
018 1 0194469736 REWARD_START
018 1 0194517236 RESP_END
018 1 0194482760 REWARD_END
019 1 0197934096 STIM_START
019 1 0198379800 LICK
019 1 0201709556 STIM_END_RESP_START
019 1 0201972056 LICK
019 1 0201972544 REWARD_START
019 1 0202170416 LICK
019 1 0202332000 LICK
019 1 0202497652 LICK
019 1 0202909564 RESP_END
019 1 0201985564 REWARD_END
020 0 0206061420 STIM_START
020 0 0209336836 STIM_END_RESP_START
020 0 0210465412 LICK
020 0 0210465900 TIMEOUT_START
020 0 0210536876 RESP_END
020 0 0217466404 TIMEOUT_END
021 0 0219595708 STIM_START
021 0 0219626848 LICK
021 0 0219964188 LICK
021 0 0220277880 LICK
021 0 0221210320 LICK
021 0 0221358252 LICK
021 0 0221533868 LICK
021 0 0222747924 LICK
021 0 0223079564 LICK
021 0 0223621192 STIM_END_RESP_START
021 0 0224821220 RESP_END
022 1 0226962872 STIM_START
022 1 0229182772 LICK
022 1 0229331096 LICK
022 1 0229928244 LICK
022 1 0230696316 LICK
022 1 0230988380 STIM_END_RESP_START
022 1 0232188416 RESP_END
023 0 0234012052 STIM_START
023 0 0237787520 STIM_END_RESP_START
023 0 0237996508 LICK
023 0 0237996996 TIMEOUT_START
023 0 0238117948 LICK
023 0 0238118432 TIMEOUT_START
023 0 0238987536 RESP_END
023 0 0245118928 TIMEOUT_END
024 1 0247196276 STIM_START
024 1 0249041008 LICK
024 1 0249284816 LICK
024 1 0249604508 LICK
024 1 0249713716 LICK
024 1 0250179332 LICK
024 1 0251189916 LICK
024 1 0251221756 STIM_END_RESP_START
024 1 0251310160 LICK
024 1 0251310648 REWARD_START
024 1 0251460360 LICK
024 1 0252421804 RESP_END
024 1 0251323668 REWARD_END
025 1 0257287912 STIM_START
025 1 0257897160 LICK
025 1 0258146556 LICK
025 1 0258304820 LICK
025 1 0260311788 LICK
025 1 0260813348 STIM_END_RESP_START
025 1 0261360616 LICK
025 1 0261361108 REWARD_START
025 1 0262013372 RESP_END
025 1 0261374132 REWARD_END
026 0 0267083556 STIM_START
026 0 0270358972 STIM_END_RESP_START
026 0 0271559004 RESP_END
027 0 0273616636 STIM_START
027 0 0277142056 STIM_END_RESP_START
027 0 0278342092 RESP_END
028 0 0280154692 STIM_START
028 0 0283930164 STIM_END_RESP_START
028 0 0284532104 LICK
028 0 0284532588 TIMEOUT_START
028 0 0284722304 LICK
028 0 0284722788 TIMEOUT_START
028 0 0284922828 LICK
028 0 0284923320 TIMEOUT_START
028 0 0285130212 RESP_END
028 0 0291923812 TIMEOUT_END
029 1 0293741936 STIM_START
029 1 0297767416 STIM_END_RESP_START
029 1 0297981776 LICK
029 1 0297982268 REWARD_START
029 1 0298142312 LICK
029 1 0298967464 RESP_END
029 1 0297995292 REWARD_END
030 0 0301812276 STIM_START
030 0 0302245540 LICK
030 0 0305337696 STIM_END_RESP_START
030 0 0306047788 LICK
030 0 0306048280 TIMEOUT_START
030 0 0306289964 LICK
030 0 0306290448 TIMEOUT_START
030 0 0306477392 LICK
030 0 0306477876 TIMEOUT_START
030 0 0306537712 RESP_END
030 0 0313478384 TIMEOUT_END
031 1 0315381488 STIM_START
031 1 0318906916 STIM_END_RESP_START
031 1 0319345224 LICK
031 1 0319345716 REWARD_START
031 1 0319545732 LICK
031 1 0319750376 LICK
031 1 0320106960 RESP_END
031 1 0319358736 REWARD_END
032 0 0322360680 STIM_START
032 0 0322716688 LICK
032 0 0325636072 STIM_END_RESP_START
032 0 0326836108 RESP_END
033 0 0331757216 STIM_START
033 0 0335782692 STIM_END_RESP_START
033 0 0336982728 RESP_END
034 1 0338762388 STIM_START
034 1 0342287812 STIM_END_RESP_START
034 1 0342825408 LICK
034 1 0342825896 REWARD_START
034 1 0343071192 LICK
034 1 0343234752 LICK
034 1 0343487860 RESP_END
034 1 0342838916 REWARD_END
035 0 0346087536 STIM_START
035 0 0350113012 STIM_END_RESP_START
035 0 0350242508 LICK
035 0 0350242996 TIMEOUT_START
035 0 0350468944 LICK
035 0 0350469436 TIMEOUT_START
035 0 0350687296 LICK
035 0 0350687784 TIMEOUT_START
035 0 0351313048 RESP_END
035 0 0357688280 TIMEOUT_END
036 1 0359710828 STIM_START
036 1 0363486300 STIM_END_RESP_START
036 1 0364605356 LICK
036 1 0364605848 REWARD_START
036 1 0364686320 RESP_END
036 1 0364618852 REWARD_END
037 1 0368352208 STIM_START
037 1 0371627628 STIM_END_RESP_START
037 1 0371877984 LICK
037 1 0371878468 REWARD_START
037 1 0372110744 LICK
037 1 0372257696 LICK
037 1 0372451616 LICK
037 1 0372631576 LICK
037 1 0372827660 RESP_END
037 1 0371891492 REWARD_END
038 0 0375122380 STIM_START
038 0 0378397760 STIM_END_RESP_START
038 0 0379597788 RESP_END
039 0 0383653784 STIM_START
039 0 0387179212 STIM_END_RESP_START
039 0 0388379248 RESP_END
040 0 0390454920 STIM_START
040 0 0394230392 STIM_END_RESP_START
040 0 0395430428 RESP_END
041 1 0397520028 STIM_START
041 1 0400795440 STIM_END_RESP_START
041 1 0401226708 LICK
041 1 0401227200 REWARD_START
041 1 0401378652 LICK
041 1 0401604008 LICK
041 1 0401936244 LICK
041 1 0401995456 RESP_END
041 1 0401240224 REWARD_END
042 0 0405147340 STIM_START
042 0 0408422720 STIM_END_RESP_START
042 0 0409622756 RESP_END
043 0 0411732396 STIM_START
043 0 0415757876 STIM_END_RESP_START
043 0 0416388620 LICK
043 0 0416389104 TIMEOUT_START
043 0 0416957916 RESP_END
043 0 0423389616 TIMEOUT_END
044 1 0425438704 STIM_START
044 1 0429464180 STIM_END_RESP_START
044 1 0429624340 LICK
044 1 0429624824 REWARD_START
044 1 0429840408 LICK
044 1 0430006376 LICK
044 1 0430476132 LICK
044 1 0430636108 LICK
044 1 0430664212 RESP_END
044 1 0429637828 REWARD_END
045 1 0433437960 STIM_START
045 1 0435773856 LICK
045 1 0436963376 STIM_END_RESP_START
045 1 0437681428 LICK
045 1 0437681916 REWARD_START
045 1 0437934884 LICK
045 1 0438120696 LICK
045 1 0438163388 RESP_END
045 1 0437694940 REWARD_END
046 1 0440758164 STIM_START
046 1 0444283588 STIM_END_RESP_START
046 1 0444999084 LICK
046 1 0444999572 REWARD_START
046 1 0445483624 RESP_END
046 1 0445012596 REWARD_END
047 0 0449695632 STIM_START
047 0 0453471104 STIM_END_RESP_START
047 0 0454671140 RESP_END
048 0 0456876828 STIM_START
048 0 0460152248 STIM_END_RESP_START
048 0 0461352280 RESP_END
049 1 0463273880 STIM_START
049 1 0467049352 STIM_END_RESP_START
049 1 0467967048 LICK
049 1 0467967536 REWARD_START
049 1 0468249376 RESP_END
049 1 0467980560 REWARD_END
050 1 0472416388 STIM_START
050 1 0476191856 STIM_END_RESP_START
050 1 0476837572 LICK
050 1 0476838064 REWARD_START
050 1 0477046516 LICK
050 1 0477233968 LICK
050 1 0477391868 RESP_END
050 1 0476851080 REWARD_END
051 0 0480473760 STIM_START
051 0 0484249228 STIM_END_RESP_START
051 0 0485449264 RESP_END
052 1 0487325896 STIM_START
052 1 0491351376 STIM_END_RESP_START
052 1 0491739324 LICK
052 1 0491739808 REWARD_START
052 1 0491939788 LICK
052 1 0492154828 LICK
052 1 0492314440 LICK
052 1 0492551412 RESP_END
052 1 0491752832 REWARD_END
053 0 0494371040 STIM_START
053 0 0495952224 LICK
053 0 0497896488 STIM_END_RESP_START
053 0 0499096516 RESP_END
054 1 0500915096 STIM_START
054 1 0504440524 STIM_END_RESP_START
054 1 0504564984 LICK
054 1 0504565468 REWARD_START
054 1 0504758872 LICK
054 1 0505121216 LICK
054 1 0505293264 LICK
054 1 0505438732 LICK
054 1 0505640564 RESP_END
054 1 0504578492 REWARD_END
055 0 0507857348 STIM_START
055 0 0511132732 STIM_END_RESP_START
055 0 0512332764 RESP_END
056 0 0514619424 STIM_START
056 0 0517894836 STIM_END_RESP_START
056 0 0519094868 RESP_END
057 0 0522397676 STIM_START
057 0 0526173148 STIM_END_RESP_START
057 0 0527373184 RESP_END
058 1 0529149740 STIM_START
058 1 0533175220 STIM_END_RESP_START
058 1 0533606572 LICK
058 1 0533607056 REWARD_START
058 1 0534375244 RESP_END
058 1 0533620076 REWARD_END
059 0 0540740648 STIM_START
059 0 0544016060 STIM_END_RESP_START
059 0 0544025840 LICK
059 0 0544026324 TIMEOUT_START
059 0 0544208696 LICK
059 0 0544209184 TIMEOUT_START
059 0 0544429988 LICK
059 0 0544430480 TIMEOUT_START
059 0 0545161324 LICK
059 0 0545161808 TIMEOUT_START
059 0 0545216100 RESP_END
059 0 0552162324 TIMEOUT_END
USER_EXIT