001 0 0018007224 STIM_START
001 0 0021782676 STIM_END_RESP_START
001 0 0022982728 RESP_END
002 0 0025194344 STIM_START
002 0 0025344352 LICK
002 0 0028469744 STIM_END_RESP_START
002 0 0029669760 RESP_END
003 1 0031914480 STIM_START
003 1 0035689936 STIM_END_RESP_START
003 1 0036073816 LICK
003 1 0036074252 REWARD_START
003 1 0036889972 RESP_END
003 1 0036087228 REWARD_END
004 1 0039103664 STIM_START
004 1 0042879120 STIM_END_RESP_START
004 1 0044079176 RESP_END
005 0 0045904748 STIM_START
005 0 0049430156 STIM_END_RESP_START
005 0 0050630172 RESP_END
006 0 0058173744 STIM_START
006 0 0061949200 STIM_END_RESP_START
006 0 0063149216 RESP_END
007 1 0065206924 STIM_START
007 1 0068982380 STIM_END_RESP_START
007 1 0069367744 LICK
007 1 0069368188 REWARD_START
007 1 0069539004 LICK
007 1 0069720860 LICK
007 1 0069874496 LICK
007 1 0070182404 RESP_END
007 1 0069381164 REWARD_END
008 0 0072953176 STIM_START
008 0 0073347532 LICK
008 0 0073525176 LICK
008 0 0076478604 STIM_END_RESP_START
008 0 0077678624 RESP_END
009 1 0079495244 STIM_START
009 1 0083020684 STIM_END_RESP_START
009 1 0083424648 LICK
009 1 0083425084 REWARD_START
009 1 0084220720 RESP_END
009 1 0083438060 REWARD_END
010 1 0086119324 STIM_START
010 1 0089394724 STIM_END_RESP_START
010 1 0089801764 LICK
010 1 0089802200 REWARD_START
010 1 0089972672 LICK
010 1 0090114444 LICK
010 1 0090263756 LICK
010 1 0090423668 LICK
010 1 0090594764 RESP_END
010 1 0089815176 REWARD_END
011 0 0093681608 STIM_START
011 0 0097707076 STIM_END_RESP_START
011 0 0098907124 RESP_END
012 1 0100775664 STIM_START
012 1 0104051044 STIM_END_RESP_START
012 1 0104347176 LICK
012 1 0104347668 REWARD_START
012 1 0104522872 LICK
012 1 0104689620 LICK
012 1 0104843652 LICK
012 1 0105251076 RESP_END
012 1 0104360684 REWARD_END
013 0 0108409956 STIM_START
013 0 0111685328 STIM_END_RESP_START
013 0 0112885360 RESP_END
014 0 0115034984 STIM_START
014 0 0118310364 STIM_END_RESP_START
014 0 0119510400 RESP_END
015 1 0121259044 STIM_START
015 1 0124534416 STIM_END_RESP_START
015 1 0124852604 LICK
015 1 0124853088 REWARD_START
015 1 0125051236 LICK
015 1 0125228440 LICK
015 1 0125379640 LICK
015 1 0125602628 LICK
015 1 0125734456 RESP_END
015 1 0124866112 REWARD_END
016 1 0129484336 STIM_START
016 1 0133259768 STIM_END_RESP_START
016 1 0133611536 LICK
016 1 0133612020 REWARD_START
016 1 0133813708 LICK
016 1 0133977172 LICK
016 1 0134194708 LICK
016 1 0134459788 RESP_END
016 1 0133625024 REWARD_END
017 0 0138032708 STIM_START
017 0 0141308088 STIM_END_RESP_START
017 0 0142508120 RESP_END
018 0 0144490764 STIM_START
018 0 0146540352 LICK
018 0 0146771948 LICK
018 0 0148266224 STIM_END_RESP_START
018 0 0149466256 RESP_END
019 0 0151245868 STIM_START
019 0 0155271344 STIM_END_RESP_START
019 0 0156471380 RESP_END
020 1 0158679124 STIM_START
020 1 0162704600 STIM_END_RESP_START
020 1 0163212144 LICK
020 1 0163212636 REWARD_START
020 1 0163424652 LICK
020 1 0163614556 LICK
020 1 0163770280 LICK
020 1 0163904628 RESP_END
020 1 0163225660 REWARD_END
021 1 0167429544 STIM_START
021 1 0169909996 LICK
021 1 0170118232 LICK
021 1 0171455032 STIM_END_RESP_START
021 1 0171663304 LICK
021 1 0171663796 REWARD_START
021 1 0171828176 LICK
021 1 0172013728 LICK
021 1 0172212044 LICK
021 1 0172655080 RESP_END
021 1 0171676800 REWARD_END
022 1 0174613692 STIM_START
022 1 0177470080 LICK
022 1 0177667040 LICK
022 1 0177889100 STIM_END_RESP_START
022 1 0178272912 LICK
022 1 0178273400 REWARD_START
022 1 0178474968 LICK
022 1 0178655260 LICK
022 1 0178855924 LICK
022 1 0179089112 RESP_END
022 1 0178286416 REWARD_END
023 0 0181233764 STIM_START
023 0 0184759184 STIM_END_RESP_START
023 0 0185959216 RESP_END
024 0 0188116948 STIM_START
024 0 0191392328 STIM_END_RESP_START
024 0 0192592360 RESP_END
025 1 0194664012 STIM_START
025 1 0197939388 STIM_END_RESP_START
025 1 0198701444 LICK
025 1 0198701928 REWARD_START
025 1 0198938244 LICK
025 1 0199077176 LICK
025 1 0199139420 RESP_END
025 1 0198714952 REWARD_END
026 0 0201372116 STIM_START
026 0 0205147556 STIM_END_RESP_START
026 0 0206347588 RESP_END
027 1 0208422216 STIM_START
027 1 0212447692 STIM_END_RESP_START
027 1 0213647728 RESP_END
028 0 0215775436 STIM_START
028 0 0219800912 STIM_END_RESP_START
028 0 0221000948 RESP_END
029 1 0223158640 STIM_START
029 1 0226434012 STIM_END_RESP_START
029 1 0227634044 RESP_END
030 0 0229561688 STIM_START
030 0 0232837100 STIM_END_RESP_START
030 0 0234037136 RESP_END
031 0 0235873696 STIM_START
031 0 0239899172 STIM_END_RESP_START
031 0 0241099212 RESP_END
032 0 0242925864 STIM_START
032 0 0246451292 STIM_END_RESP_START
032 0 0247651316 RESP_END
033 1 0249459912 STIM_START
033 1 0252735328 STIM_END_RESP_START
033 1 0253043748 LICK
033 1 0253044232 REWARD_START
033 1 0253210392 LICK
033 1 0253431272 LICK
033 1 0253604908 LICK
033 1 0253819220 LICK
033 1 0253935360 RESP_END
033 1 0253057240 REWARD_END
034 1 0255659948 STIM_START
034 1 0259185372 STIM_END_RESP_START
034 1 0260385408 RESP_END
035 0 0262439064 STIM_START
035 0 0265964480 STIM_END_RESP_START
035 0 0267164516 RESP_END
036 0 0269104096 STIM_START
036 0 0273129580 STIM_END_RESP_START
036 0 0274329612 RESP_END
037 1 0276070284 STIM_START
037 1 0279345668 STIM_END_RESP_START
037 1 0279756596 LICK
037 1 0279757088 REWARD_START
037 1 0279941512 LICK
037 1 0280112996 LICK
037 1 0280265504 LICK
037 1 0280487016 LICK
037 1 0280545692 RESP_END
037 1 0279770104 REWARD_END
038 1 0282364280 STIM_START
038 1 0285639700 STIM_END_RESP_START
038 1 0286839728 RESP_END
039 1 0288701344 STIM_START
039 1 0292726828 STIM_END_RESP_START
039 1 0293122820 LICK
039 1 0293123308 REWARD_START
039 1 0293307240 LICK
039 1 0293477440 LICK
039 1 0293655044 LICK
039 1 0293926852 RESP_END
039 1 0293136324 REWARD_END
040 0 0297491724 STIM_START
040 0 0301017152 STIM_END_RESP_START
040 0 0302217184 RESP_END
041 0 0304323892 STIM_START
041 0 0307849320 STIM_END_RESP_START
041 0 0309049352 RESP_END
042 0 0310990020 STIM_START
042 0 0315015500 STIM_END_RESP_START
042 0 0316215536 RESP_END
043 1 0318247192 STIM_START
043 1 0322272672 STIM_END_RESP_START
043 1 0323472708 RESP_END
044 1 0325362320 STIM_START
044 1 0328887748 STIM_END_RESP_START
044 1 0329276436 LICK
044 1 0329276924 REWARD_START
044 1 0329458400 LICK
044 1 0329672100 LICK
044 1 0329826896 LICK
044 1 0330087756 RESP_END
044 1 0329289928 REWARD_END
045 0 0332258456 STIM_START
045 0 0335783876 STIM_END_RESP_START
045 0 0336983912 RESP_END
046 0 0338890528 STIM_START
046 0 0342916008 STIM_END_RESP_START
046 0 0344116040 RESP_END
047 0 0346058676 STIM_START
047 0 0350084160 STIM_END_RESP_START
047 0 0351284188 RESP_END
048 1 0353406928 STIM_START
048 1 0356682308 STIM_END_RESP_START
048 1 0357123348 LICK
048 1 0357123836 REWARD_START
048 1 0357333204 LICK
048 1 0357487224 LICK
048 1 0357631920 LICK
048 1 0357803624 LICK
048 1 0357882336 RESP_END
048 1 0357136860 REWARD_END
049 1 0360087964 STIM_START
049 1 0363613392 STIM_END_RESP_START
049 1 0364070000 LICK
049 1 0364070484 REWARD_START
049 1 0364249964 LICK
049 1 0364454148 LICK
049 1 0364619116 LICK
049 1 0364813400 RESP_END
049 1 0364083508 REWARD_END
050 0 0366918108 STIM_START
050 0 0370443536 STIM_END_RESP_START
050 0 0371643568 RESP_END
051 0 0373378164 STIM_START
051 0 0377403640 STIM_END_RESP_START
051 0 0378603676 RESP_END
052 0 0380402304 STIM_START
052 0 0383677684 STIM_END_RESP_START
052 0 0384877724 RESP_END
053 1 0386851440 STIM_START
053 1 0390626912 STIM_END_RESP_START
053 1 0390944804 LICK
053 1 0390945288 REWARD_START
053 1 0391088596 LICK
053 1 0391260880 LICK
053 1 0391452188 LICK
053 1 0391606816 LICK
053 1 0391826960 RESP_END
053 1 0390958296 REWARD_END
054 1 0394005536 STIM_START
054 1 0397530956 STIM_END_RESP_START
054 1 0398730992 RESP_END
055 1 0400545548 STIM_START
055 1 0403820928 STIM_END_RESP_START
055 1 0404112912 LICK
055 1 0404113396 REWARD_START
055 1 0404306576 LICK
055 1 0404491728 LICK
055 1 0404655700 LICK
055 1 0405020960 RESP_END
055 1 0404126420 REWARD_END
056 0 0407353676 STIM_START
056 0 0411129148 STIM_END_RESP_START
056 0 0412329184 RESP_END
057 0 0414488876 STIM_START
057 0 0418514356 STIM_END_RESP_START
057 0 0419714392 RESP_END
058 1 0421673012 STIM_START
058 1 0424948424 STIM_END_RESP_START
058 1 0425405104 LICK
058 1 0425405596 REWARD_START
058 1 0425534484 LICK
058 1 0425721480 LICK
058 1 0425870664 LICK
058 1 0426148468 RESP_END
058 1 0425418612 REWARD_END
059 1 0428123056 STIM_START
059 1 0428224680 LICK
059 1 0428411164 LICK
059 1 0431898500 STIM_END_RESP_START
059 1 0433098536 RESP_END
060 1 0435080228 STIM_START
060 1 0438355600 STIM_END_RESP_START
060 1 0438826604 LICK
060 1 0438827096 REWARD_START
060 1 0439030864 LICK
060 1 0439237660 LICK
060 1 0439388208 LICK
060 1 0439555640 RESP_END
060 1 0438840116 REWARD_END
061 0 0442142404 STIM_START
061 0 0445667832 STIM_END_RESP_START
061 0 0446867864 RESP_END
062 0 0448727500 STIM_START
062 0 0452002880 STIM_END_RESP_START
062 0 0452674292 LICK
062 0 0452674784 TIMEOUT_START
062 0 0452863460 LICK
062 0 0452863944 TIMEOUT_START
062 0 0453202900 RESP_END
062 0 0459864456 TIMEOUT_END
063 1 0461875612 STIM_START
063 1 0465151032 STIM_END_RESP_START
063 1 0466351060 RESP_END
064 1 0468388696 STIM_START
064 1 0472414176 STIM_END_RESP_START
064 1 0472882372 LICK
064 1 0472882856 REWARD_START
064 1 0473080172 LICK
064 1 0473242164 LICK
064 1 0473400872 LICK
064 1 0473614200 RESP_END
064 1 0472895880 REWARD_END
065 1 0475389816 STIM_START
065 1 0478665196 STIM_END_RESP_START
065 1 0479865232 RESP_END
066 0 0482047912 STIM_START
066 0 0485573340 STIM_END_RESP_START
066 0 0486773376 RESP_END
067 1 0488618012 STIM_START
067 1 0491893384 STIM_END_RESP_START
067 1 0493093420 RESP_END
068 0 0494863016 STIM_START
068 0 0498138396 STIM_END_RESP_START
068 0 0499338432 RESP_END
069 1 0501580068 STIM_START
069 1 0505605548 STIM_END_RESP_START
069 1 0506184136 LICK
069 1 0506184624 REWARD_START
069 1 0506390952 LICK
069 1 0506575948 LICK
069 1 0506712040 LICK
069 1 0506805588 RESP_END
069 1 0506197648 REWARD_END
070 1 0509993420 STIM_START
070 1 0513518848 STIM_END_RESP_START
070 1 0514718884 RESP_END
071 1 0516826556 STIM_START
071 1 0520351980 STIM_END_RESP_START
071 1 0520775872 LICK
071 1 0520776360 REWARD_START
071 1 0520984260 LICK
071 1 0521140316 LICK
071 1 0521324796 LICK
071 1 0521552012 RESP_END
071 1 0520789380 REWARD_END
072 0 0523971764 STIM_START
072 0 0527747236 STIM_END_RESP_START
072 0 0528947268 RESP_END
073 0 0530933880 STIM_START
073 0 0534709312 STIM_END_RESP_START
073 0 0535909344 RESP_END
074 0 0537810024 STIM_START
074 0 0541335444 STIM_END_RESP_START
074 0 0542535480 RESP_END
075 1 0544771176 STIM_START
075 1 0547903636 LICK
075 1 0548190160 LICK
075 1 0548796656 STIM_END_RESP_START
075 1 0548848184 LICK
075 1 0548848676 REWARD_START
075 1 0549042592 LICK
075 1 0549208768 LICK
075 1 0549414432 LICK
075 1 0549996692 RESP_END
075 1 0548861692 REWARD_END
076 1 0553402540 STIM_START
076 1 0557428020 STIM_END_RESP_START
076 1 0557804236 LICK
076 1 0557804728 REWARD_START
076 1 0558001892 LICK
076 1 0558176892 LICK
076 1 0558376664 LICK
076 1 0558628068 RESP_END
076 1 0557817744 REWARD_END
077 1 0561400840 STIM_START
077 1 0564676216 STIM_END_RESP_START
077 1 0565039488 LICK
077 1 0565039976 REWARD_START
077 1 0565287552 LICK
077 1 0565459716 LICK
077 1 0565633484 LICK
077 1 0565876244 RESP_END
077 1 0565053000 REWARD_END
078 0 0568597040 STIM_START
078 0 0572622516 STIM_END_RESP_START
078 0 0573822552 RESP_END
079 0 0575799224 STIM_START
079 0 0579574660 STIM_END_RESP_START
079 0 0580774696 RESP_END
080 1 0582704304 STIM_START
080 1 0586479736 STIM_END_RESP_START
080 1 0586937276 LICK
080 1 0586937768 REWARD_START
080 1 0587126716 LICK
080 1 0587311784 LICK
080 1 0587679784 RESP_END
080 1 0586950776 REWARD_END
081 0 0589475408 STIM_START
081 0 0593250880 STIM_END_RESP_START
081 0 0594450916 RESP_END
082 0 0596519564 STIM_START
082 0 0599794944 STIM_END_RESP_START
082 0 0600994980 RESP_END
083 1 0603093628 STIM_START
083 1 0607119108 STIM_END_RESP_START
083 1 0607511940 LICK
083 1 0607512428 REWARD_START
083 1 0607684004 LICK
083 1 0607877968 LICK
083 1 0608085824 LICK
083 1 0608319120 RESP_END
083 1 0607525456 REWARD_END
084 1 0610149788 STIM_START
084 1 0614175268 STIM_END_RESP_START
084 1 0614588372 LICK
084 1 0614588864 REWARD_START
084 1 0614761012 LICK
084 1 0614981132 LICK
084 1 0615375284 RESP_END
084 1 0614601888 REWARD_END
085 0 0617369956 STIM_START
085 0 0620645368 STIM_END_RESP_START
085 0 0621845408 RESP_END
086 0 0623852040 STIM_START
086 0 0627627516 STIM_END_RESP_START
086 0 0628827552 RESP_END
087 1 0630899192 STIM_START
087 1 0634424620 STIM_END_RESP_START
087 1 0635624656 RESP_END
088 1 0637773296 STIM_START
088 1 0641798776 STIM_END_RESP_START
088 1 0642548856 LICK
088 1 0642549344 REWARD_START
088 1 0642715172 LICK
088 1 0642902100 LICK
088 1 0642998792 RESP_END
088 1 0642562368 REWARD_END
089 1 0646613740 STIM_START
089 1 0649889120 STIM_END_RESP_START
089 1 0650453204 LICK
089 1 0650453688 REWARD_START
089 1 0650655712 LICK
089 1 0650849112 LICK
089 1 0651089156 RESP_END
089 1 0650466708 REWARD_END
090 0 0652834796 STIM_START
090 0 0653135932 LICK
090 0 0653301052 LICK
090 0 0655722016 LICK
090 0 0655927396 LICK
090 0 0656079536 LICK
090 0 0656294508 LICK
090 0 0656371896 LICK
090 0 0656550880 LICK
090 0 0656610260 STIM_END_RESP_START
090 0 0656887644 LICK
090 0 0656888132 TIMEOUT_START
090 0 0656937224 LICK
090 0 0656937704 TIMEOUT_START
090 0 0657145288 LICK
090 0 0657145772 TIMEOUT_START
090 0 0657471008 LICK
090 0 0657471500 TIMEOUT_START
090 0 0657810308 RESP_END
090 0 0664471996 TIMEOUT_END
091 0 0666606992 STIM_START
091 0 0670382428 STIM_END_RESP_START
091 0 0671582464 RESP_END
092 0 0673733184 STIM_START
092 0 0677008560 STIM_END_RESP_START
092 0 0678208596 RESP_END
093 1 0680051188 STIM_START
093 1 0683290188 LICK
093 1 0683513004 LICK
093 1 0684076676 STIM_END_RESP_START
093 1 0684261560 LICK
093 1 0684262044 REWARD_START
093 1 0684446628 LICK
093 1 0684618848 LICK
093 1 0685276700 RESP_END
093 1 0684275068 REWARD_END
094 0 0687094364 STIM_START
094 0 0690619788 STIM_END_RESP_START
094 0 0691819824 RESP_END
095 0 0693588412 STIM_START
095 0 0696863792 STIM_END_RESP_START
095 0 0698063820 RESP_END
096 0 0699941444 STIM_START
096 0 0703466872 STIM_END_RESP_START
096 0 0704403716 LICK
096 0 0704404200 TIMEOUT_START
096 0 0704600024 LICK
096 0 0704600512 TIMEOUT_START
096 0 0704666896 RESP_END
096 0 0711601024 TIMEOUT_END
097 1 0713694688 STIM_START
097 1 0713818172 LICK
097 1 0716162632 LICK
097 1 0716610000 LICK
097 1 0716970060 STIM_END_RESP_START
097 1 0718170088 RESP_END
098 1 0720019756 STIM_START
098 1 0723295128 STIM_END_RESP_START
098 1 0724495164 RESP_END
099 0 0726247748 STIM_START
099 0 0729523120 STIM_END_RESP_START
099 0 0730723160 RESP_END
100 0 0732931836 STIM_START
100 0 0736707308 STIM_END_RESP_START
100 0 0737907344 RESP_END
101 1 0739726960 STIM_START
101 1 0743252384 STIM_END_RESP_START
101 1 0743631116 LICK
101 1 0743631604 REWARD_START
101 1 0743829360 LICK
101 1 0743982568 LICK
101 1 0744172468 LICK
101 1 0744452428 RESP_END
101 1 0743644628 REWARD_END
102 1 0746206032 STIM_START
102 1 0749981504 STIM_END_RESP_START
102 1 0750413572 LICK
102 1 0750414064 REWARD_START
102 1 0750589052 LICK
102 1 0750782096 LICK
102 1 0750954904 LICK
102 1 0751181520 RESP_END
102 1 0750427080 REWARD_END
103 1 0753318188 STIM_START
103 1 0757093624 STIM_END_RESP_START
103 1 0758293660 RESP_END
104 0 0760543336 STIM_START
104 0 0764318812 STIM_END_RESP_START
104 0 0765518840 RESP_END
105 0 0767695492 STIM_START
105 0 0771220920 STIM_END_RESP_START
105 0 0772420952 RESP_END
106 1 0774637668 STIM_START
106 1 0778663144 STIM_END_RESP_START
106 1 0779052640 LICK
106 1 0779053132 REWARD_START
106 1 0779242968 LICK
106 1 0779406816 LICK
106 1 0779584064 LICK
106 1 0779863160 RESP_END
106 1 0779066152 REWARD_END
107 1 0782316896 STIM_START
107 1 0785592272 STIM_END_RESP_START
107 1 0785934388 LICK
107 1 0785934876 REWARD_START
107 1 0786107676 LICK
107 1 0786306856 LICK
107 1 0786483516 LICK
107 1 0786792300 RESP_END
107 1 0785947904 REWARD_END
108 0 0788699952 STIM_START
108 0 0792475388 STIM_END_RESP_START
108 0 0793675424 RESP_END
109 1 0795789144 STIM_START
109 1 0799064524 STIM_END_RESP_START
109 1 0800264560 RESP_END
110 1 0802413200 STIM_START
110 1 0806188672 STIM_END_RESP_START
110 1 0806596860 LICK
110 1 0806597344 REWARD_START
110 1 0806780192 LICK
110 1 0806972596 LICK
110 1 0807123192 LICK
110 1 0807388696 RESP_END
110 1 0806610368 REWARD_END
111 1 0811319688 STIM_START
111 1 0815345168 STIM_END_RESP_START
111 1 0815738004 LICK
111 1 0815738492 REWARD_START
111 1 0815947636 LICK
111 1 0816104824 LICK
111 1 0816308200 LICK
111 1 0816480308 LICK
111 1 0816545200 RESP_END
111 1 0815751516 REWARD_END
112 0 0818740864 STIM_START
112 0 0822016244 STIM_END_RESP_START
112 0 0822589360 LICK
112 0 0822589852 TIMEOUT_START
112 0 0822757900 LICK
112 0 0822758384 TIMEOUT_START
112 0 0823216292 RESP_END
112 0 0829758896 TIMEOUT_END
113 0 0831514908 STIM_START
113 0 0835540388 STIM_END_RESP_START
113 0 0836740424 RESP_END
114 0 0838966152 STIM_START
114 0 0842741620 STIM_END_RESP_START
114 0 0843941656 RESP_END
115 1 0845718236 STIM_START
115 1 0849743712 STIM_END_RESP_START
115 1 0850216684 LICK
115 1 0850217176 REWARD_START
115 1 0850411864 LICK
115 1 0850560516 LICK
115 1 0850930908 LICK
115 1 0850943756 RESP_END
115 1 0850230192 REWARD_END
116 0 0852888480 STIM_START
116 0 0856539292 LICK
116 0 0856663924 STIM_END_RESP_START
116 0 0856728608 LICK
116 0 0856729092 TIMEOUT_START
116 0 0857374592 LICK
116 0 0857375084 TIMEOUT_START
116 0 0857863952 RESP_END
116 0 0864375588 TIMEOUT_END
117 1 0866393640 STIM_START
117 1 0869919068 STIM_END_RESP_START
117 1 0870268124 LICK
117 1 0870268612 REWARD_START
117 1 0870462420 LICK
117 1 0870650308 LICK
117 1 0870844480 LICK
117 1 0871040356 LICK
117 1 0871119092 RESP_END
117 1 0870281640 REWARD_END
118 0 0872882692 STIM_START
118 0 0876408120 STIM_END_RESP_START
118 0 0877608156 RESP_END
119 0 0879674776 STIM_START
119 0 0883200204 STIM_END_RESP_START
119 0 0884400236 RESP_END
120 0 0886135860 STIM_START
120 0 0889911332 STIM_END_RESP_START
120 0 0891111364 RESP_END
121 1 0893053992 STIM_START
121 1 0897079472 STIM_END_RESP_START
121 1 0897451884 LICK
121 1 0897452376 REWARD_START
121 1 0897660092 LICK
121 1 0897820872 LICK
121 1 0898024932 LICK
121 1 0898279512 RESP_END
121 1 0897465384 REWARD_END
122 1 0900191156 STIM_START
122 1 0903466540 STIM_END_RESP_START
122 1 0903838800 LICK
122 1 0903839288 REWARD_START
122 1 0904028596 LICK
122 1 0904198396 LICK
122 1 0904666572 RESP_END
122 1 0903852312 REWARD_END
123 0 0907340344 STIM_START
123 0 0911115816 STIM_END_RESP_START
123 0 0912315852 RESP_END
124 0 0914423520 STIM_START
124 0 0917698900 STIM_END_RESP_START
124 0 0918152472 LICK
124 0 0918152956 TIMEOUT_START
124 0 0918368832 LICK
124 0 0918369324 TIMEOUT_START
124 0 0918588096 LICK
124 0 0918588588 TIMEOUT_START
124 0 0918898936 RESP_END
124 0 0925589088 TIMEOUT_END
125 1 0927549628 STIM_START
125 1 0931575104 STIM_END_RESP_START
125 1 0932021820 LICK
125 1 0932022308 REWARD_START
125 1 0932228960 LICK
125 1 0932399536 LICK
125 1 0932603584 LICK
125 1 0932775132 RESP_END
125 1 0932035328 REWARD_END
126 1 0934928780 STIM_START
126 1 0938704212 STIM_END_RESP_START
126 1 0939107400 LICK
126 1 0939107888 REWARD_START
126 1 0939278704 LICK
126 1 0939472588 LICK
126 1 0939904244 RESP_END
126 1 0939120912 REWARD_END
127 0 0943844296 STIM_START
127 0 0947369724 STIM_END_RESP_START
127 0 0948047444 LICK
127 0 0948047936 TIMEOUT_START
127 0 0948249356 LICK
127 0 0948249848 TIMEOUT_START
127 0 0948299752 LICK
127 0 0948300244 TIMEOUT_START
127 0 0948569740 RESP_END
127 0 0955300752 TIMEOUT_END
128 1 0957378508 STIM_START
128 1 0960653892 STIM_END_RESP_START
128 1 0961853924 RESP_END
129 1 0963661520 STIM_START
129 1 0967436992 STIM_END_RESP_START
129 1 0967811148 LICK
129 1 0967811636 REWARD_START
129 1 0967878040 LICK
129 1 0968013244 LICK
129 1 0968177024 LICK
129 1 0968391720 LICK
129 1 0968637028 RESP_END
129 1 0967824660 REWARD_END
130 1 0971499796 STIM_START
130 1 0975525276 STIM_END_RESP_START
130 1 0975864644 LICK
130 1 0975865136 REWARD_START
130 1 0976060228 LICK
130 1 0976215648 LICK
130 1 0976725304 RESP_END
130 1 0975878164 REWARD_END
131 0 0979835176 STIM_START
131 0 0983283996 LICK
131 0 0983472044 LICK
131 0 0983860676 STIM_END_RESP_START
131 0 0985060712 RESP_END
132 0 0987179400 STIM_START
132 0 0990704828 STIM_END_RESP_START
132 0 0990784700 LICK
132 0 0990785188 TIMEOUT_START
132 0 0991017648 LICK
132 0 0991018140 TIMEOUT_START
132 0 0991904848 RESP_END
132 0 0998018648 TIMEOUT_END
133 0 1000049420 STIM_START
133 0 1003324816 STIM_END_RESP_START
133 0 1003342760 LICK
133 0 1003343296 TIMEOUT_START
133 0 1004524864 RESP_END
133 0 1010343848 TIMEOUT_END
134 1 1012471512 STIM_START
134 1 1016497008 STIM_END_RESP_START
134 1 1016882748 LICK
134 1 1016883288 REWARD_START
134 1 1017073908 LICK
134 1 1017241168 LICK
134 1 1017697028 RESP_END
134 1 1016896360 REWARD_END
135 0 1020049712 STIM_START
135 0 1023685056 LICK
135 0 1023876556 LICK
135 0 1024075196 STIM_END_RESP_START
135 0 1025275212 RESP_END
136 0 1027051840 STIM_START
136 0 1030577244 STIM_END_RESP_START
136 0 1031777296 RESP_END
137 1 1033522904 STIM_START
137 1 1037048348 STIM_END_RESP_START
137 1 1037391076 LICK
137 1 1037391612 REWARD_START
137 1 1037591812 LICK
137 1 1037744472 LICK
137 1 1037931796 LICK
137 1 1038248388 RESP_END
137 1 1037404688 REWARD_END
138 1 1040312036 STIM_START
138 1 1043587432 STIM_END_RESP_START
138 1 1043967908 LICK
138 1 1043968448 REWARD_START
138 1 1044162916 LICK
138 1 1044313420 LICK
138 1 1044510160 LICK
138 1 1044690600 LICK
138 1 1044787456 RESP_END
138 1 1043981508 REWARD_END
139 0 1047653248 STIM_START
139 0 1051178652 STIM_END_RESP_START
139 0 1052378668 RESP_END
140 0 1054601380 STIM_START
140 0 1058376828 STIM_END_RESP_START
140 0 1059576880 RESP_END
141 0 1061601456 STIM_START
141 0 1065126892 STIM_END_RESP_START
141 0 1066326940 RESP_END
142 1 1068235592 STIM_START
142 1 1071760996 STIM_END_RESP_START
142 1 1072144936 LICK
142 1 1072145472 REWARD_START
142 1 1072326140 LICK
142 1 1072506540 LICK
142 1 1072736400 LICK
142 1 1072961036 RESP_END
142 1 1072158544 REWARD_END
143 1 1075480800 STIM_START
143 1 1079256248 STIM_END_RESP_START
143 1 1079619160 LICK
143 1 1079619700 REWARD_START
143 1 1079805940 LICK
143 1 1079976860 LICK
143 1 1080456268 RESP_END
143 1 1079632772 REWARD_END
144 1 1083760108 STIM_START
144 1 1087285552 STIM_END_RESP_START
144 1 1087591152 LICK
144 1 1087591692 REWARD_START
144 1 1087816088 LICK
144 1 1087933640 LICK
144 1 1088485576 RESP_END
144 1 1087604772 REWARD_END
145 0 1091281344 STIM_START
145 0 1093190568 LICK
145 0 1093353460 LICK
145 0 1095056784 STIM_END_RESP_START
145 0 1095410952 LICK
145 0 1095411484 TIMEOUT_START
145 0 1096014704 LICK
145 0 1096015244 TIMEOUT_START
145 0 1096217376 LICK
145 0 1096217912 TIMEOUT_START
145 0 1096256800 RESP_END
145 0 1103218460 TIMEOUT_END
146 0 1105007612 STIM_START
146 0 1108283016 STIM_END_RESP_START
146 0 1109483032 RESP_END
147 0 1111384652 STIM_START
147 0 1114910096 STIM_END_RESP_START
147 0 1116110112 RESP_END
148 1 1118285764 STIM_START
148 1 1122061212 STIM_END_RESP_START
148 1 1122263584 LICK
148 1 1122264124 REWARD_START
148 1 1122396956 LICK
148 1 1122598184 LICK
148 1 1122723456 LICK
148 1 1122890592 LICK
148 1 1123261256 RESP_END
148 1 1122277196 REWARD_END
149 0 1125063836 STIM_START
149 0 1128576844 LICK
149 0 1128589264 STIM_END_RESP_START
149 0 1128769492 LICK
149 0 1128770028 TIMEOUT_START
149 0 1129028588 LICK
149 0 1129029124 TIMEOUT_START
149 0 1129789288 RESP_END
149 0 1136029688 TIMEOUT_END
150 0 1138230036 STIM_START
150 0 1141505432 STIM_END_RESP_START
150 0 1141855764 LICK
150 0 1141856304 TIMEOUT_START
150 0 1142068972 LICK
150 0 1142069512 TIMEOUT_START
150 0 1142705456 RESP_END
150 0 1149070072 TIMEOUT_END
151 0 1151027104 STIM_START
151 0 1154802556 STIM_END_RESP_START
151 0 1155550196 LICK
151 0 1155550736 TIMEOUT_START
151 0 1155740516 LICK
151 0 1155741052 TIMEOUT_START
151 0 1156002572 RESP_END
151 0 1162741612 TIMEOUT_END
152 1 1164682332 STIM_START
152 1 1167957724 STIM_END_RESP_START
152 1 1169157740 RESP_END
153 0 1171366376 STIM_START
153 0 1175141828 STIM_END_RESP_START
153 0 1176341844 RESP_END
154 0 1178470548 STIM_START
154 0 1181745940 STIM_END_RESP_START
154 0 1182945956 RESP_END
155 1 1185138700 STIM_START
155 1 1188914144 STIM_END_RESP_START
155 1 1189307860 LICK
155 1 1189308392 REWARD_START
155 1 1189502148 LICK
155 1 1189654432 LICK
155 1 1189828312 LICK
155 1 1190114156 RESP_END
155 1 1189321472 REWARD_END
156 0 1192419840 STIM_START
156 0 1196445336 STIM_END_RESP_START
156 0 1196731952 LICK
156 0 1196732492 TIMEOUT_START
156 0 1196933228 LICK
156 0 1196933756 TIMEOUT_START
156 0 1197645376 RESP_END
156 0 1203934312 TIMEOUT_END
157 1 1205889156 STIM_START
157 1 1209164544 STIM_END_RESP_START
157 1 1209483536 LICK
157 1 1209484068 REWARD_START
157 1 1209656916 LICK
157 1 1209849024 LICK
157 1 1210364584 RESP_END
157 1 1209497148 REWARD_END
158 1 1212818236 STIM_START
158 1 1216593684 STIM_END_RESP_START
158 1 1216898172 LICK
158 1 1216898704 REWARD_START
158 1 1217040748 LICK
158 1 1217195828 LICK
158 1 1217403452 LICK
158 1 1217793732 RESP_END
158 1 1216911780 REWARD_END
159 1 1219649332 STIM_START
159 1 1223424780 STIM_END_RESP_START
159 1 1223910220 LICK
159 1 1223910760 REWARD_START
159 1 1224048700 LICK
159 1 1224231412 LICK
159 1 1224411476 LICK
159 1 1224624808 RESP_END
159 1 1223923820 REWARD_END
160 0 1226566452 STIM_START
160 0 1226844424 LICK
160 0 1227018644 LICK
160 0 1230591916 STIM_END_RESP_START
160 0 1231791932 RESP_END
161 1 1233594556 STIM_START
161 1 1236640420 LICK
161 1 1236816688 LICK
161 1 1236988848 LICK
161 1 1237119988 STIM_END_RESP_START
161 1 1237285188 LICK
161 1 1237285720 REWARD_START
161 1 1237501016 LICK
161 1 1237645624 LICK
161 1 1237831380 LICK
161 1 1238320024 RESP_END
161 1 1237298800 REWARD_END
162 0 1240453748 STIM_START
162 0 1244229196 STIM_END_RESP_START
162 0 1245429212 RESP_END
163 0 1247528856 STIM_START
163 0 1251554360 STIM_END_RESP_START
163 0 1252754408 RESP_END
164 1 1254511996 STIM_START
164 1 1258037400 STIM_END_RESP_START
164 1 1258366812 LICK
164 1 1258367352 REWARD_START
164 1 1258563988 LICK
164 1 1258715352 LICK
164 1 1259237436 RESP_END
164 1 1258380412 REWARD_END
165 0 1261235124 STIM_START
165 0 1263308988 LICK
165 0 1263512068 LICK
165 0 1265010568 STIM_END_RESP_START
165 0 1266210584 RESP_END
166 1 1267959184 STIM_START
166 1 1271734636 STIM_END_RESP_START
166 1 1272066492 LICK
166 1 1272067024 REWARD_START
166 1 1272245316 LICK
166 1 1272426456 LICK
166 1 1272934664 RESP_END
166 1 1272080104 REWARD_END
167 1 1274913328 STIM_START
167 1 1278188724 STIM_END_RESP_START
167 1 1278570676 LICK
167 1 1278571212 REWARD_START
167 1 1278740524 LICK
167 1 1278923524 LICK
167 1 1279388748 RESP_END
167 1 1278584292 REWARD_END
168 0 1282248504 STIM_START
168 0 1286274000 STIM_END_RESP_START
168 0 1287474012 RESP_END
169 1 1289329724 STIM_START
169 1 1293105172 STIM_END_RESP_START
169 1 1293479800 LICK
169 1 1293480340 REWARD_START
169 1 1293657812 LICK
169 1 1293825372 LICK
169 1 1293998432 LICK
169 1 1294305208 RESP_END
169 1 1293493420 REWARD_END
170 1 1296435848 STIM_START
170 1 1299961248 STIM_END_RESP_START
170 1 1300292880 LICK
170 1 1300293412 REWARD_START
170 1 1300466064 LICK
170 1 1300649304 LICK
170 1 1301161272 RESP_END
170 1 1300306488 REWARD_END
171 1 1303911080 STIM_START
171 1 1307186480 STIM_END_RESP_START
171 1 1307532472 LICK
171 1 1307533004 REWARD_START
171 1 1307655620 LICK
171 1 1307823868 LICK
171 1 1308040224 LICK
171 1 1308386504 RESP_END
171 1 1307546084 REWARD_END
172 0 1310558132 STIM_START
172 0 1313938788 LICK
172 0 1314116176 LICK
172 0 1314333576 STIM_END_RESP_START
172 0 1314692768 LICK
172 0 1314693304 TIMEOUT_START
172 0 1314917924 LICK
172 0 1314918460 TIMEOUT_START
172 0 1315469336 LICK
172 0 1315469868 TIMEOUT_START
172 0 1315533608 RESP_END
172 0 1322470432 TIMEOUT_END
173 1 1324341412 STIM_START
173 1 1328116860 STIM_END_RESP_START
173 1 1328503884 LICK
173 1 1328504416 REWARD_START
173 1 1328706660 LICK
173 1 1328874752 LICK
173 1 1329058900 LICK
173 1 1329316908 RESP_END
173 1 1328517492 REWARD_END
174 0 1331785564 STIM_START
174 0 1335811060 STIM_END_RESP_START
174 0 1337011072 RESP_END
175 1 1338859768 STIM_START
175 1 1341768768 LICK
175 1 1341945724 LICK
175 1 1342885264 STIM_END_RESP_START
175 1 1343034968 LICK
175 1 1343035504 REWARD_START
175 1 1343172696 LICK
175 1 1343335832 LICK
175 1 1343514768 LICK
175 1 1344085284 RESP_END
175 1 1343048576 REWARD_END
176 0 1346023960 STIM_START
176 0 1348985720 LICK
176 0 1349156420 LICK
176 0 1349299348 STIM_END_RESP_START
176 0 1349626840 LICK
176 0 1349627380 TIMEOUT_START
176 0 1350376472 LICK
176 0 1350377004 TIMEOUT_START
176 0 1350499368 RESP_END
176 0 1357377572 TIMEOUT_END
177 1 1359364152 STIM_START
177 1 1362639544 STIM_END_RESP_START
177 1 1362749088 LICK
177 1 1362749628 REWARD_START
177 1 1362895128 LICK
177 1 1363042156 LICK
177 1 1363200432 LICK
177 1 1363839572 RESP_END
177 1 1362762700 REWARD_END
178 1 1367096352 STIM_START
178 1 1370762996 LICK
178 1 1370924084 LICK
178 1 1371121852 STIM_END_RESP_START
178 1 1371394852 LICK
178 1 1371395388 REWARD_START
178 1 1371574292 LICK
178 1 1371739440 LICK
178 1 1372321900 RESP_END
178 1 1371408448 REWARD_END
179 1 1374102524 STIM_START
179 1 1374399416 LICK
179 1 1374594396 LICK
179 1 1374782676 LICK
179 1 1377377924 STIM_END_RESP_START
179 1 1377578508 LICK
179 1 1377579048 REWARD_START
179 1 1377739072 LICK
179 1 1377885336 LICK
179 1 1378060352 LICK
179 1 1378577948 RESP_END
179 1 1377592116 REWARD_END
180 0 1380763604 STIM_START
180 0 1384538232 LICK
180 0 1384702584 LICK
180 0 1384789072 STIM_END_RESP_START
180 0 1385749348 LICK
180 0 1385749884 TIMEOUT_START
180 0 1385989104 RESP_END
180 0 1392750436 TIMEOUT_END
181 1 1394727928 STIM_START
181 1 1398165076 LICK
181 1 1398391840 LICK
181 1 1398753424 STIM_END_RESP_START
181 1 1398897904 LICK
181 1 1398898436 REWARD_START
181 1 1399069932 LICK
181 1 1399220036 LICK
181 1 1399953456 RESP_END
181 1 1398911512 REWARD_END
182 0 1402005072 STIM_START
182 0 1405280468 STIM_END_RESP_START
182 0 1406480484 RESP_END
183 1 1408594152 STIM_START
183 1 1410841180 LICK
183 1 1411003440 LICK
183 1 1411869560 STIM_END_RESP_START
183 1 1411914976 LICK
183 1 1411915508 REWARD_START
183 1 1412055088 LICK
183 1 1412222052 LICK
183 1 1413069572 RESP_END
183 1 1411928588 REWARD_END
184 1 1415756280 STIM_START
184 1 1419281684 STIM_END_RESP_START
184 1 1419459828 LICK
184 1 1419460364 REWARD_START
184 1 1419594236 LICK
184 1 1419758108 LICK
184 1 1419914148 LICK
184 1 1420481700 RESP_END
184 1 1419473440 REWARD_END
185 0 1422639428 STIM_START
185 0 1424609100 LICK
185 0 1424761980 LICK
185 0 1425914820 STIM_END_RESP_START
185 0 1427114836 RESP_END
186 1 1429218488 STIM_START
186 1 1429896180 LICK
186 1 1430062260 LICK
186 1 1433243952 STIM_END_RESP_START
186 1 1433578704 LICK
186 1 1433579244 REWARD_START
186 1 1433760480 LICK
186 1 1433931612 LICK
186 1 1434093484 LICK
186 1 1434443972 RESP_END
186 1 1433592324 REWARD_END
187 0 1436987792 STIM_START
187 0 1440935312 LICK
187 0 1441013268 STIM_END_RESP_START
187 0 1442213284 RESP_END
188 1 1444327964 STIM_START
188 1 1447467620 LICK
188 1 1448103436 STIM_END_RESP_START
188 1 1448255172 LICK
188 1 1448255712 REWARD_START
188 1 1448397388 LICK
188 1 1448555812 LICK
188 1 1448724884 LICK
188 1 1449303460 RESP_END
188 1 1448268784 REWARD_END
189 1 1451392168 STIM_START
189 1 1454667556 STIM_END_RESP_START
189 1 1454911688 LICK
189 1 1454912220 REWARD_START
189 1 1455071536 LICK
189 1 1455265632 LICK
189 1 1455867572 RESP_END
189 1 1454925296 REWARD_END
190 1 1457688216 STIM_START
190 1 1457695804 LICK
190 1 1460425368 LICK
190 1 1460655860 LICK
190 1 1461213620 STIM_END_RESP_START
190 1 1461319908 LICK
190 1 1461320440 REWARD_START
190 1 1461487220 LICK
190 1 1461634800 LICK
190 1 1462413644 RESP_END
190 1 1461333520 REWARD_END
191 0 1465465468 STIM_START
191 0 1468895216 LICK
191 0 1469078296 LICK
191 0 1469490936 STIM_END_RESP_START
191 0 1469658272 LICK
191 0 1469658804 TIMEOUT_START
191 0 1469862988 LICK
191 0 1469863520 TIMEOUT_START
191 0 1470690948 RESP_END
191 0 1476864068 TIMEOUT_END
192 1 1478660584 STIM_START
192 1 1481935980 STIM_END_RESP_START
192 1 1482311072 LICK
192 1 1482311604 REWARD_START
192 1 1482496652 LICK
192 1 1482675024 LICK
192 1 1483136032 RESP_END
192 1 1482324684 REWARD_END
193 0 1485686752 STIM_START
193 0 1488162768 LICK
193 0 1488350256 LICK
193 0 1489712248 STIM_END_RESP_START
193 0 1490912300 RESP_END
194 1 1492941944 STIM_START
194 1 1495764936 LICK
194 1 1496217344 STIM_END_RESP_START
194 1 1496378556 LICK
194 1 1496379092 REWARD_START
194 1 1496527536 LICK
194 1 1496689888 LICK
194 1 1496868652 LICK
194 1 1497417364 RESP_END
194 1 1496392168 REWARD_END
195 1 1499240048 STIM_START
195 1 1502587572 LICK
195 1 1502756224 LICK
195 1 1503265516 STIM_END_RESP_START
195 1 1503404360 LICK
195 1 1503404896 REWARD_START
195 1 1503581360 LICK
195 1 1503746324 LICK
195 1 1504465560 RESP_END
195 1 1503417976 REWARD_END
196 1 1506602168 STIM_START
196 1 1510127604 STIM_END_RESP_START
196 1 1510417616 LICK
196 1 1510418148 REWARD_START
196 1 1510581908 LICK
196 1 1510768420 LICK
196 1 1511327648 RESP_END
196 1 1510431224 REWARD_END
197 0 1513816284 STIM_START
197 0 1517091676 STIM_END_RESP_START
197 0 1517570420 LICK
197 0 1517570948 TIMEOUT_START
197 0 1517736956 LICK
197 0 1517737496 TIMEOUT_START
197 0 1518291720 RESP_END
197 0 1524738060 TIMEOUT_END
198 0 1526502404 STIM_START
198 0 1529777796 STIM_END_RESP_START
198 0 1530977812 RESP_END
199 1 1532938500 STIM_START
199 1 1536463904 STIM_END_RESP_START
199 1 1536824844 LICK
199 1 1536825380 REWARD_START
199 1 1536989068 LICK
199 1 1537145212 LICK
199 1 1537306276 LICK
199 1 1537663924 RESP_END
199 1 1536838452 REWARD_END
200 0 1539441544 STIM_START
200 0 1543216996 STIM_END_RESP_START
200 0 1543765940 LICK
200 0 1543766480 TIMEOUT_START
200 0 1543876176 LICK
200 0 1543876712 TIMEOUT_START
200 0 1544069624 LICK
200 0 1544070164 TIMEOUT_START
200 0 1544370588 LICK
200 0 1544371120 TIMEOUT_START
200 0 1544417016 RESP_END
200 0 1551371684 TIMEOUT_END
201 1 1553216736 STIM_START
201 1 1555477056 LICK
201 1 1557242220 STIM_END_RESP_START
201 1 1557345044 LICK
201 1 1557345580 REWARD_START
201 1 1557533136 LICK
201 1 1557677048 LICK
201 1 1558442252 RESP_END
201 1 1557358660 REWARD_END
202 1 1562207228 STIM_START
202 1 1563307084 LICK
202 1 1563438400 LICK
202 1 1563628784 LICK
202 1 1564889400 LICK
202 1 1565054828 LICK
202 1 1565662060 LICK
202 1 1565839768 LICK
202 1 1566232724 STIM_END_RESP_START
202 1 1566429136 LICK
202 1 1566429676 REWARD_START
202 1 1566586744 LICK
202 1 1566757568 LICK
202 1 1566946512 LICK
202 1 1567432764 RESP_END
202 1 1566442756 REWARD_END
203 1 1569750484 STIM_START
203 1 1573025880 STIM_END_RESP_START
203 1 1573216304 LICK
203 1 1573216836 REWARD_START
203 1 1573336796 LICK
203 1 1573495212 LICK
203 1 1574225936 RESP_END
203 1 1573229912 REWARD_END
204 0 1576338624 STIM_START
204 0 1580114076 STIM_END_RESP_START
204 0 1581314088 RESP_END
205 0 1583173656 STIM_START
205 0 1586332536 LICK
205 0 1586512284 LICK
205 0 1586699080 STIM_END_RESP_START
205 0 1587147544 LICK
205 0 1587148084 TIMEOUT_START
205 0 1587899124 RESP_END
205 0 1594148648 TIMEOUT_END
206 0 1595992740 STIM_START
206 0 1599663716 LICK
206 0 1599768216 STIM_END_RESP_START
206 0 1599857348 LICK
206 0 1599857888 TIMEOUT_START
206 0 1600369160 LICK
206 0 1600369696 TIMEOUT_START
206 0 1600968252 RESP_END
206 0 1607370252 TIMEOUT_END
207 1 1609293940 STIM_START
207 1 1612819376 STIM_END_RESP_START
207 1 1614019388 RESP_END
208 0 1616114032 STIM_START
208 0 1619639436 STIM_END_RESP_START
208 0 1620261404 LICK
208 0 1620261940 TIMEOUT_START
208 0 1620458708 LICK
208 0 1620459244 TIMEOUT_START
208 0 1620839476 RESP_END
208 0 1627459800 TIMEOUT_END
209 1 1629427208 STIM_START
209 1 1632952648 STIM_END_RESP_START
209 1 1634152664 RESP_END
210 0 1636341356 STIM_START
210 0 1639866764 STIM_END_RESP_START
210 0 1641066780 RESP_END
211 0 1642867400 STIM_START
211 0 1645779656 LICK
211 0 1646142804 STIM_END_RESP_START
211 0 1646280660 LICK
211 0 1646281196 TIMEOUT_START
211 0 1646481980 LICK
211 0 1646482516 TIMEOUT_START
211 0 1647342852 RESP_END
211 0 1653483068 TIMEOUT_END
212 0 1655642520 STIM_START
212 0 1658917916 STIM_END_RESP_START
212 0 1660117960 RESP_END
213 1 1662067560 STIM_START
213 1 1665843012 STIM_END_RESP_START
213 1 1666201376 LICK
213 1 1666201916 REWARD_START
213 1 1666374568 LICK
213 1 1666556240 LICK
213 1 1666727988 LICK
213 1 1667043044 RESP_END
213 1 1666214996 REWARD_END
214 0 1669006644 STIM_START
214 0 1672532084 STIM_END_RESP_START
214 0 1673732136 RESP_END
215 1 1675492728 STIM_START
215 1 1678768116 STIM_END_RESP_START
215 1 1679092500 LICK
215 1 1679093040 REWARD_START
215 1 1679253908 LICK
215 1 1679431824 LICK
215 1 1679642780 LICK
215 1 1679968148 RESP_END
215 1 1679106100 REWARD_END
216 1 1681957816 STIM_START
216 1 1685247104 LICK
216 1 1685419464 LICK
216 1 1685483228 STIM_END_RESP_START
216 1 1685628216 LICK
216 1 1685628748 REWARD_START
216 1 1685821536 LICK
216 1 1686008420 LICK
216 1 1686593760 LICK
216 1 1686683264 RESP_END
216 1 1685641824 REWARD_END
217 0 1688827860 STIM_START
217 0 1692853360 STIM_END_RESP_START
217 0 1694053412 RESP_END
218 0 1696244128 STIM_START
218 0 1699769568 STIM_END_RESP_START
218 0 1700969584 RESP_END
219 0 1703166256 STIM_START
219 0 1707191752 STIM_END_RESP_START
219 0 1708391768 RESP_END
220 1 1710501416 STIM_START
220 1 1714526908 STIM_END_RESP_START
220 1 1715726924 RESP_END
221 1 1717673596 STIM_START
221 1 1721199036 STIM_END_RESP_START
221 1 1721930464 LICK
221 1 1721931004 REWARD_START
221 1 1722116000 LICK
221 1 1722285480 LICK
221 1 1722399064 RESP_END
221 1 1721944080 REWARD_END
222 1 1724303716 STIM_START
222 1 1728329212 STIM_END_RESP_START
222 1 1728730748 LICK
222 1 1728731288 REWARD_START
222 1 1728946972 LICK
222 1 1729079444 LICK
222 1 1729529260 RESP_END
222 1 1728744360 REWARD_END
223 0 1731484876 STIM_START
223 0 1735260324 STIM_END_RESP_START
223 0 1736460340 RESP_END
224 1 1738240008 STIM_START
224 1 1742265500 STIM_END_RESP_START
224 1 1742647968 LICK
224 1 1742648504 REWARD_START
224 1 1742828372 LICK
224 1 1742984704 LICK
224 1 1743465516 RESP_END
224 1 1742661576 REWARD_END
225 1 1745456184 STIM_START
225 1 1749231632 STIM_END_RESP_START
225 1 1749530776 LICK
225 1 1749531308 REWARD_START
225 1 1749692588 LICK
225 1 1749866644 LICK
225 1 1750431672 RESP_END
225 1 1749544388 REWARD_END
226 0 1752339248 STIM_START
226 0 1756364740 STIM_END_RESP_START
226 0 1757564760 RESP_END
227 1 1759633484 STIM_START
227 1 1763658984 STIM_END_RESP_START
227 1 1764031156 LICK
227 1 1764031696 REWARD_START
227 1 1764229812 LICK
227 1 1764378072 LICK
227 1 1764859004 RESP_END
227 1 1764044768 REWARD_END
228 0 1767096672 STIM_START
228 0 1770622116 STIM_END_RESP_START
228 0 1771822132 RESP_END
229 0 1773577772 STIM_START
229 0 1777603268 STIM_END_RESP_START
229 0 1778803280 RESP_END
230 1 1780528912 STIM_START
230 1 1784054320 STIM_END_RESP_START
230 1 1784383696 LICK
230 1 1784384228 REWARD_START
230 1 1784560904 LICK
230 1 1784719792 LICK
230 1 1785254336 RESP_END
230 1 1784397304 REWARD_END
231 1 1788962300 STIM_START
231 1 1792987796 STIM_END_RESP_START
231 1 1793180748 LICK
231 1 1793181280 REWARD_START
231 1 1793359496 LICK
231 1 1793507412 LICK
231 1 1794052680 LICK
231 1 1794187824 RESP_END
231 1 1793194356 REWARD_END
232 0 1796039428 STIM_START
232 0 1799814876 STIM_END_RESP_START
232 0 1801014892 RESP_END
233 0 1802823536 STIM_START
233 0 1806598984 STIM_END_RESP_START
233 0 1807798996 RESP_END
234 0 1810002700 STIM_START
234 0 1813528104 STIM_END_RESP_START
234 0 1814728116 RESP_END
235 1 1816917904 STIM_START
235 1 1819856432 LICK
235 1 1820036648 LICK
235 1 1820278388 LICK
235 1 1820943400 STIM_END_RESP_START
235 1 1821122068 LICK
235 1 1821122608 REWARD_START
235 1 1821314116 LICK
235 1 1821476452 LICK
235 1 1822143412 RESP_END
235 1 1821135680 REWARD_END
236 0 1824239072 STIM_START
236 0 1828014524 STIM_END_RESP_START
236 0 1829214536 RESP_END
237 1 1831385200 STIM_START
237 1 1834660580 STIM_END_RESP_START
237 1 1834663972 LICK
237 1 1834664504 REWARD_START
237 1 1834826836 LICK
237 1 1834981892 LICK
237 1 1835132380 LICK
237 1 1835714124 LICK
237 1 1835860604 RESP_END
237 1 1834677588 REWARD_END
238 1 1837757240 STIM_START
238 1 1840414160 LICK
238 1 1840597352 LICK
238 1 1840631488 LICK
238 1 1841032632 STIM_END_RESP_START
238 1 1841181716 LICK
238 1 1841182252 REWARD_START
238 1 1841364552 LICK
238 1 1841532472 LICK
238 1 1842232656 RESP_END
238 1 1841195332 REWARD_END
239 1 1844096232 STIM_START
239 1 1847371620 STIM_END_RESP_START
239 1 1847649228 LICK
239 1 1847649764 REWARD_START
239 1 1847872308 LICK
239 1 1847999644 LICK
239 1 1848571668 RESP_END
239 1 1847662844 REWARD_END
240 0 1850749340 STIM_START
240 0 1854024736 STIM_END_RESP_START
240 0 1855224784 RESP_END
241 1 1856983388 STIM_START
241 1 1860284316 LICK
241 1 1860457692 LICK
241 1 1860508816 STIM_END_RESP_START
241 1 1860657228 LICK
241 1 1860657760 REWARD_START
241 1 1860835344 LICK
241 1 1861039952 LICK
241 1 1861517372 LICK
241 1 1861708872 RESP_END
241 1 1860670840 REWARD_END
242 0 1863753460 STIM_START
242 0 1867029680 LICK
242 0 1867210988 LICK
242 0 1867778924 STIM_END_RESP_START
242 0 1868978940 RESP_END
243 1 1871009660 STIM_START
243 1 1874785112 STIM_END_RESP_START
243 1 1874948188 LICK
243 1 1874948720 REWARD_START
243 1 1875108404 LICK
243 1 1875269392 LICK
243 1 1875448492 LICK
243 1 1875985128 RESP_END
243 1 1874961800 REWARD_END
244 0 1877974816 STIM_START
244 0 1881750268 STIM_END_RESP_START
244 0 1882950284 RESP_END
245 0 1884942956 STIM_START
245 0 1888218356 STIM_END_RESP_START
245 0 1889418368 RESP_END
246 0 1891439036 STIM_START
246 0 1895464532 STIM_END_RESP_START
246 0 1896664548 RESP_END
247 1 1898583208 STIM_START
247 1 1902358656 STIM_END_RESP_START
247 1 1902675608 LICK
247 1 1902676148 REWARD_START
247 1 1902834304 LICK
247 1 1902998064 LICK
247 1 1903199040 LICK
247 1 1903558696 RESP_END
247 1 1902689220 REWARD_END
248 0 1905545312 STIM_START
248 0 1909570808 STIM_END_RESP_START
248 0 1910770824 RESP_END
249 0 1912915560 STIM_START
249 0 1916691008 STIM_END_RESP_START
249 0 1917848748 LICK
249 0 1917849284 TIMEOUT_START
249 0 1917891052 RESP_END
249 0 1924849852 TIMEOUT_END
250 1 1927009856 STIM_START
250 1 1930285260 STIM_END_RESP_START
250 1 1930662796 LICK
250 1 1930663336 REWARD_START
250 1 1930830032 LICK
250 1 1931016876 LICK
250 1 1931485308 RESP_END
250 1 1930676396 REWARD_END
251 1 1933349860 STIM_START
251 1 1936875300 STIM_END_RESP_START
251 1 1937188324 LICK
251 1 1937188856 REWARD_START
251 1 1937362540 LICK
251 1 1937535812 LICK
251 1 1938075316 RESP_END
251 1 1937201936 REWARD_END
252 1 1939862932 STIM_START
252 1 1943372700 LICK
252 1 1943564676 LICK
252 1 1943638384 STIM_END_RESP_START
252 1 1943779028 LICK
252 1 1943779568 REWARD_START
252 1 1943962416 LICK
252 1 1944153068 LICK
252 1 1944625424 LICK
252 1 1944808480 LICK
252 1 1944838416 RESP_END
252 1 1943792648 REWARD_END
253 0 1946949100 STIM_START
253 0 1950224504 STIM_END_RESP_START
253 0 1950560800 LICK
253 0 1950561336 TIMEOUT_START
253 0 1950737768 LICK
253 0 1950738296 TIMEOUT_START
253 0 1951424552 RESP_END
253 0 1957738852 TIMEOUT_END
254 0 1959710200 STIM_START
254 0 1963485652 STIM_END_RESP_START
254 0 1964685668 RESP_END
255 1 1966459284 STIM_START
255 1 1970180320 LICK
255 1 1970234744 STIM_END_RESP_START
255 1 1970373956 LICK
255 1 1970374492 REWARD_START
255 1 1970590808 LICK
255 1 1970744868 LICK
255 1 1971152444 LICK
255 1 1971314920 LICK
255 1 1971434756 RESP_END
255 1 1970387572 REWARD_END
256 0 1973336380 STIM_START
256 0 1977361876 STIM_END_RESP_START
256 0 1978561892 RESP_END
257 0 1980334508 STIM_START
257 0 1984360004 STIM_END_RESP_START
257 0 1985560020 RESP_END
258 0 1987528716 STIM_START
258 0 1991054152 STIM_END_RESP_START
258 0 1992254168 RESP_END
259 1 1994423820 STIM_START
259 1 1997949224 STIM_END_RESP_START
259 1 1998319816 LICK
259 1 1998320352 REWARD_START
259 1 1998508940 LICK
259 1 1998718828 LICK
259 1 1998895540 LICK
259 1 1999149244 RESP_END
259 1 1998333428 REWARD_END
260 0 2001053964 STIM_START
260 0 2005079460 STIM_END_RESP_START
260 0 2005785404 LICK
260 0 2005785944 TIMEOUT_START
260 0 2005983384 LICK
260 0 2005983920 TIMEOUT_START
260 0 2006279476 RESP_END
260 0 2012984484 TIMEOUT_END
261 0 2015008180 STIM_START
261 0 2018420540 LICK
261 0 2018533604 STIM_END_RESP_START
261 0 2018592916 LICK
261 0 2018593448 TIMEOUT_START
261 0 2019733636 RESP_END
261 0 2025594012 TIMEOUT_END
262 0 2027447256 STIM_START
262 0 2030972660 STIM_END_RESP_START
262 0 2032172680 RESP_END
263 1 2034298352 STIM_START
263 1 2037823796 STIM_END_RESP_START
263 1 2039023812 RESP_END
264 0 2040858428 STIM_START
264 0 2044633876 STIM_END_RESP_START
264 0 2045833892 RESP_END
265 1 2047727552 STIM_START
265 1 2051503004 STIM_END_RESP_START
265 1 2052315648 LICK
265 1 2052316184 REWARD_START
265 1 2052456724 LICK
265 1 2052629104 LICK
265 1 2052703036 RESP_END
265 1 2052329256 REWARD_END
266 0 2054632680 STIM_START
266 0 2058158124 STIM_END_RESP_START
266 0 2059358168 RESP_END
267 1 2061114760 STIM_START
267 1 2064890212 STIM_END_RESP_START
267 1 2065211928 LICK
267 1 2065212468 REWARD_START
267 1 2065364708 LICK
267 1 2065530376 LICK
267 1 2066090232 RESP_END
267 1 2065225540 REWARD_END
268 1 2068008816 STIM_START
268 1 2071284212 STIM_END_RESP_START
268 1 2071406576 LICK
268 1 2071407116 REWARD_START
268 1 2071595020 LICK
268 1 2071752524 LICK
268 1 2072454576 LICK
268 1 2072484256 RESP_END
268 1 2071420196 REWARD_END
269 1 2074621912 STIM_START
269 1 2078647384 STIM_END_RESP_START
269 1 2078968860 LICK
269 1 2078969396 REWARD_START
269 1 2079124868 LICK
269 1 2079291832 LICK
269 1 2079847432 RESP_END
269 1 2078982472 REWARD_END
270 0 2081715080 STIM_START
270 0 2085240524 STIM_END_RESP_START
270 0 2085590248 LICK
270 0 2085590780 TIMEOUT_START
270 0 2085761060 LICK
270 0 2085761592 TIMEOUT_START
270 0 2086008400 LICK
270 0 2086008940 TIMEOUT_START
270 0 2086440564 RESP_END
270 0 2093009504 TIMEOUT_END
271 1 2094854212 STIM_START
271 1 2098129604 STIM_END_RESP_START
271 1 2098464616 LICK
271 1 2098465156 REWARD_START
271 1 2098612692 LICK
271 1 2098780508 LICK
271 1 2098970204 LICK
271 1 2099329616 RESP_END
271 1 2098478212 REWARD_END
272 1 2101263308 STIM_START
272 1 2104802800 LICK
272 1 2104954176 LICK
272 1 2105038772 STIM_END_RESP_START
272 1 2105162728 LICK
272 1 2105163268 REWARD_START
272 1 2105398092 LICK
272 1 2105584296 LICK
272 1 2106040652 LICK
272 1 2106238820 RESP_END
272 1 2105176344 REWARD_END
273 1 2108194456 STIM_START
273 1 2111969904 STIM_END_RESP_START
273 1 2112292904 LICK
273 1 2112293436 REWARD_START
273 1 2112465388 LICK
273 1 2112633068 LICK
273 1 2113169932 RESP_END
273 1 2112306512 REWARD_END
274 0 2115324560 STIM_START
274 0 2118599956 STIM_END_RESP_START
274 0 2118754284 LICK
274 0 2118754820 TIMEOUT_START
274 0 2118919224 LICK
274 0 2118919752 TIMEOUT_START
274 0 2119123804 LICK
274 0 2119124340 TIMEOUT_START
274 0 2119567084 LICK
274 0 2119567624 TIMEOUT_START
274 0 2119799968 RESP_END
274 0 2126568184 TIMEOUT_END
275 1 2128452748 STIM_START
275 1 2132228200 STIM_END_RESP_START
275 1 2132399824 LICK
275 1 2132400364 REWARD_START
275 1 2132545300 LICK
275 1 2132716364 LICK
275 1 2132911920 LICK
275 1 2133207196 LICK
275 1 2133428248 RESP_END
275 1 2132413432 REWARD_END
276 1 2135261812 STIM_START
276 1 2138956732 LICK
276 1 2139037248 STIM_END_RESP_START
276 1 2139142448 LICK
276 1 2139142976 REWARD_START
276 1 2139353640 LICK
276 1 2139517000 LICK
276 1 2140237276 RESP_END
276 1 2139156052 REWARD_END
277 0 2142180968 STIM_START
277 0 2145706372 STIM_END_RESP_START
277 0 2146906388 RESP_END
278 0 2148852096 STIM_START
278 0 2152877588 STIM_END_RESP_START
278 0 2154077604 RESP_END
279 1 2156259284 STIM_START
279 1 2159534680 STIM_END_RESP_START
279 1 2159849624 LICK
279 1 2159850156 REWARD_START
279 1 2160019440 LICK
279 1 2160187844 LICK
279 1 2160734700 RESP_END
279 1 2159863236 REWARD_END
280 0 2162845360 STIM_START
280 0 2166120756 STIM_END_RESP_START
280 0 2167320772 RESP_END
281 1 2169102360 STIM_START
281 1 2172627800 STIM_END_RESP_START
281 1 2172937060 LICK
281 1 2172937600 REWARD_START
281 1 2173085960 LICK
281 1 2173253652 LICK
281 1 2173440660 LICK
281 1 2173827848 RESP_END
281 1 2172950676 REWARD_END
282 1 2175665432 STIM_START
282 1 2178332092 LICK
282 1 2178523656 LICK
282 1 2178940816 STIM_END_RESP_START
282 1 2179105696 LICK
282 1 2179106236 REWARD_START
282 1 2179265920 LICK
282 1 2179447532 LICK
282 1 2179663344 LICK
282 1 2180140840 RESP_END
282 1 2179119296 REWARD_END
283 1 2182040428 STIM_START
283 1 2185815876 STIM_END_RESP_START
283 1 2186213472 LICK
283 1 2186214008 REWARD_START
283 1 2186365172 LICK
283 1 2186551068 LICK
283 1 2187015896 RESP_END
283 1 2186227088 REWARD_END
284 0 2188766548 STIM_START
284 0 2192041940 STIM_END_RESP_START
284 0 2193241956 RESP_END
285 1 2195052572 STIM_START
285 1 2198828020 STIM_END_RESP_START
285 1 2199104148 LICK
285 1 2199104684 REWARD_START
285 1 2199282100 LICK
285 1 2199436336 LICK
285 1 2199621796 LICK
285 1 2200028060 RESP_END
285 1 2199117756 REWARD_END
286 0 2201963732 STIM_START
286 0 2205989228 STIM_END_RESP_START
286 0 2207189240 RESP_END
287 1 2209188888 STIM_START
287 1 2212464276 STIM_END_RESP_START
287 1 2212819964 LICK
287 1 2212820504 REWARD_START
287 1 2212971792 LICK
287 1 2213116992 LICK
287 1 2213306380 LICK
287 1 2213472656 LICK
287 1 2213630480 LICK
287 1 2213664296 RESP_END
287 1 2212833580 REWARD_END
288 1 2215844992 STIM_START
288 1 2219382516 LICK
288 1 2219563852 LICK
288 1 2219870464 STIM_END_RESP_START
288 1 2220056920 LICK
288 1 2220057452 REWARD_START
288 1 2220223560 LICK
288 1 2220382824 LICK
288 1 2221070484 RESP_END
288 1 2220070532 REWARD_END
289 1 2222981144 STIM_START
289 1 2225636472 LICK
289 1 2225788292 LICK
289 1 2226756616 STIM_END_RESP_START
289 1 2226927800 LICK
289 1 2226928336 REWARD_START
289 1 2227087300 LICK
289 1 2227241828 LICK
289 1 2227427532 LICK
289 1 2227956628 RESP_END
289 1 2226941416 REWARD_END
290 0 2229921268 STIM_START
290 0 2232773700 LICK
290 0 2232999088 LICK
290 0 2233946732 STIM_END_RESP_START
290 0 2235146748 RESP_END
291 0 2237682556 STIM_START
291 0 2241207960 STIM_END_RESP_START
291 0 2241728832 LICK
291 0 2241729364 TIMEOUT_START
291 0 2241856600 LICK
291 0 2241857132 TIMEOUT_START
291 0 2242408004 RESP_END
291 0 2248857704 TIMEOUT_END
292 0 2250668640 STIM_START
292 0 2253890008 LICK
292 0 2254090388 LICK
292 0 2254194052 STIM_END_RESP_START
292 0 2254645668 LICK
292 0 2254646196 TIMEOUT_START
292 0 2254846928 LICK
292 0 2254847468 TIMEOUT_START
292 0 2255394064 RESP_END
292 0 2261848020 TIMEOUT_END
293 1 2263962844 STIM_START
293 1 2267738296 STIM_END_RESP_START
293 1 2268075760 LICK
293 1 2268076300 REWARD_START
293 1 2268260404 LICK
293 1 2268440204 LICK
293 1 2268591648 LICK
293 1 2268938336 RESP_END
293 1 2268089380 REWARD_END
294 0 2271043980 STIM_START
294 0 2274140324 LICK
294 0 2274306352 LICK
294 0 2275069456 STIM_END_RESP_START
294 0 2276269472 RESP_END
295 0 2278199144 STIM_START
295 0 2281974596 STIM_END_RESP_START
295 0 2283174612 RESP_END
296 1 2285416348 STIM_START
296 1 2289441852 STIM_END_RESP_START
296 1 2289816432 LICK
296 1 2289816972 REWARD_START
296 1 2289995540 LICK
296 1 2290160976 LICK
296 1 2290641892 RESP_END
296 1 2289830052 REWARD_END
297 1 2292577528 STIM_START
297 1 2295852920 STIM_END_RESP_START
297 1 2296172720 LICK
297 1 2296173256 REWARD_START
297 1 2296316100 LICK
297 1 2296480724 LICK
297 1 2297052936 RESP_END
297 1 2296186336 REWARD_END
298 1 2299050556 STIM_START
298 1 2302826004 STIM_END_RESP_START
298 1 2303229776 LICK
298 1 2303230320 REWARD_START
298 1 2303405444 LICK
298 1 2303583820 LICK
298 1 2304026048 RESP_END
298 1 2303243384 REWARD_END
299 0 2306029744 STIM_START
299 0 2309813608 LICK
299 0 2309968576 LICK
299 0 2310055232 STIM_END_RESP_START
299 0 2311255248 RESP_END
300 1 2313236884 STIM_START
300 1 2316762328 STIM_END_RESP_START
300 1 2317238928 LICK
300 1 2317239468 REWARD_START
300 1 2317397176 LICK
300 1 2317566072 LICK
300 1 2317751504 LICK
300 1 2317962352 RESP_END
300 1 2317252544 REWARD_END
301 0 2319750932 STIM_START
301 0 2323526384 STIM_END_RESP_START
301 0 2324726400 RESP_END
302 1 2326780092 STIM_START
302 1 2330555544 STIM_END_RESP_START
302 1 2330886084 LICK
302 1 2330886624 REWARD_START
302 1 2331052344 LICK
302 1 2331221356 LICK
302 1 2331755564 RESP_END
302 1 2330899700 REWARD_END
303 1 2333699216 STIM_START
303 1 2336864596 LICK
303 1 2337006828 LICK
303 1 2337224620 STIM_END_RESP_START
303 1 2337450664 LICK
303 1 2337451204 REWARD_START
303 1 2337645300 LICK
303 1 2337808176 LICK
303 1 2338424656 RESP_END
303 1 2337464276 REWARD_END
304 1 2340434360 STIM_START
304 1 2343709756 STIM_END_RESP_START
304 1 2344079904 LICK
304 1 2344080444 REWARD_START
304 1 2344254784 LICK
304 1 2344428876 LICK
304 1 2344909788 RESP_END
304 1 2344093516 REWARD_END
305 0 2346959384 STIM_START
305 0 2350234780 STIM_END_RESP_START
305 0 2351434796 RESP_END
306 0 2353260416 STIM_START
306 0 2357035868 STIM_END_RESP_START
306 0 2358235888 RESP_END
307 1 2360067512 STIM_START
307 1 2363342908 STIM_END_RESP_START
307 1 2363748516 LICK
307 1 2363749052 REWARD_START
307 1 2363935848 LICK
307 1 2364084284 LICK
307 1 2364277840 LICK
307 1 2364542956 RESP_END
307 1 2363762132 REWARD_END
308 1 2366470600 STIM_START
308 1 2370496096 STIM_END_RESP_START
308 1 2371038768 LICK
308 1 2371039308 REWARD_START
308 1 2371223956 LICK
308 1 2371387552 LICK
308 1 2371696136 RESP_END
308 1 2371052384 REWARD_END
309 1 2373706792 STIM_START
309 1 2377482240 STIM_END_RESP_START
309 1 2377816756 LICK
309 1 2377817296 REWARD_START
309 1 2377966136 LICK
309 1 2378138408 LICK
309 1 2378682280 RESP_END
309 1 2377830368 REWARD_END
310 0 2380728892 STIM_START
310 0 2384754348 STIM_END_RESP_START
310 0 2385954368 RESP_END
311 0 2387910100 STIM_START
311 0 2391185500 STIM_END_RESP_START
311 0 2392385552 RESP_END
312 0 2394503160 STIM_START
312 0 2398528624 STIM_END_RESP_START
312 0 2399728680 RESP_END
313 1 2401791324 STIM_START
313 1 2405566776 STIM_END_RESP_START
313 1 2405903560 LICK
313 1 2405904096 REWARD_START
313 1 2406058508 LICK
313 1 2406232716 LICK
313 1 2406398352 LICK
313 1 2406766792 RESP_END
313 1 2405917172 REWARD_END
314 1 2409009488 STIM_START
314 1 2413034984 STIM_END_RESP_START
314 1 2413250060 LICK
314 1 2413250596 REWARD_START
314 1 2413361320 LICK
314 1 2413515828 LICK
314 1 2413692676 LICK
314 1 2414235032 RESP_END
314 1 2413263668 REWARD_END
315 0 2416393732 STIM_START
315 0 2419822848 LICK
315 0 2419979768 LICK
315 0 2420419208 STIM_END_RESP_START
315 0 2421237552 LICK
315 0 2421238092 TIMEOUT_START
315 0 2421619240 RESP_END
315 0 2428238640 TIMEOUT_END
316 1 2430352040 STIM_START
316 1 2433627436 STIM_END_RESP_START
316 1 2433976936 LICK
316 1 2433977476 REWARD_START
316 1 2434168384 LICK
316 1 2434331644 LICK
316 1 2434827452 RESP_END
316 1 2433990548 REWARD_END
317 1 2436933112 STIM_START
317 1 2440458520 STIM_END_RESP_START
317 1 2441658536 RESP_END
318 0 2443616136 STIM_START
318 0 2447141576 STIM_END_RESP_START
318 0 2448341596 RESP_END
319 0 2450398280 STIM_START
319 0 2454173732 STIM_END_RESP_START
319 0 2455373744 RESP_END
320 1 2457495468 STIM_START
320 1 2461520936 STIM_END_RESP_START
320 1 2461765408 LICK
320 1 2461765948 REWARD_START
320 1 2461914732 LICK
320 1 2462065116 LICK
320 1 2462208056 LICK
320 1 2462720960 RESP_END
320 1 2461779028 REWARD_END
321 1 2464674640 STIM_START
321 1 2468200080 STIM_END_RESP_START
321 1 2468401704 LICK
321 1 2468402244 REWARD_START
321 1 2468536572 LICK
321 1 2468705660 LICK
321 1 2468901432 LICK
321 1 2469400096 RESP_END
321 1 2468415316 REWARD_END
322 1 2471547708 STIM_START
322 1 2475042000 LICK
322 1 2475073136 STIM_END_RESP_START
322 1 2475208112 LICK
322 1 2475208644 REWARD_START
322 1 2475412888 LICK
322 1 2475576176 LICK
322 1 2476147888 LICK
322 1 2476273176 RESP_END
322 1 2475221724 REWARD_END
323 0 2478074788 STIM_START
323 0 2481600196 STIM_END_RESP_START
323 0 2482311844 LICK
323 0 2482312384 TIMEOUT_START
323 0 2482547636 LICK
323 0 2482548176 TIMEOUT_START
323 0 2482800216 RESP_END
323 0 2489548728 TIMEOUT_END
324 0 2491590004 STIM_START
324 0 2495348256 LICK
324 0 2495365436 STIM_END_RESP_START
324 0 2495556084 LICK
324 0 2495556624 TIMEOUT_START
324 0 2496565464 RESP_END
324 0 2502557188 TIMEOUT_END
325 0 2504675176 STIM_START
325 0 2508700680 STIM_END_RESP_START
325 0 2509900692 RESP_END
326 1 2512074308 STIM_START
326 1 2515599752 STIM_END_RESP_START
326 1 2515947228 LICK
326 1 2515947768 REWARD_START
326 1 2516123820 LICK
326 1 2516307284 LICK
326 1 2516799780 RESP_END
326 1 2515960848 REWARD_END
327 1 2518708436 STIM_START
327 1 2522161352 LICK
327 1 2522233876 STIM_END_RESP_START
327 1 2522343772 LICK
327 1 2522344308 REWARD_START
327 1 2522509548 LICK
327 1 2522701376 LICK
327 1 2523433908 RESP_END
327 1 2522357384 REWARD_END
328 0 2525476556 STIM_START
328 0 2529002000 STIM_END_RESP_START
328 0 2529925256 LICK
328 0 2529925784 TIMEOUT_START
328 0 2530142956 LICK
328 0 2530143496 TIMEOUT_START
328 0 2530202024 RESP_END
328 0 2537144052 TIMEOUT_END
329 0 2539183724 STIM_START
329 0 2542959176 STIM_END_RESP_START
329 0 2544159192 RESP_END
330 1 2546141876 STIM_START
330 1 2549667280 STIM_END_RESP_START
330 1 2550867300 RESP_END
331 1 2554097168 STIM_START
331 1 2554917716 LICK
331 1 2555328748 LICK
331 1 2557872628 STIM_END_RESP_START
331 1 2559072644 RESP_END
332 0 2561172364 STIM_START
332 0 2564947812 STIM_END_RESP_START
332 0 2566147828 RESP_END
333 1 2567991428 STIM_START
333 1 2571266820 STIM_END_RESP_START
333 1 2572466832 RESP_END
334 0 2574527560 STIM_START
334 0 2578052996 STIM_END_RESP_START
334 0 2579253012 RESP_END
335 1 2581355624 STIM_START
335 1 2585381120 STIM_END_RESP_START
335 1 2586581136 RESP_END
336 0 2588324756 STIM_START
336 0 2591600156 STIM_END_RESP_START
336 0 2592800172 RESP_END
337 1 2594742864 STIM_START
337 1 2598268268 STIM_END_RESP_START
337 1 2599468288 RESP_END
338 0 2601283908 STIM_START
338 0 2605059356 STIM_END_RESP_START
338 0 2606259372 RESP_END
339 0 2608377076 STIM_START
339 0 2612152524 STIM_END_RESP_START
339 0 2613352544 RESP_END
340 0 2615312216 STIM_START
340 0 2618837620 STIM_END_RESP_START
340 0 2620037640 RESP_END
341 1 2621824244 STIM_START
341 1 2625349684 STIM_END_RESP_START
341 1 2626549728 RESP_END
342 1 2628297296 STIM_START
342 1 2632322788 STIM_END_RESP_START
342 1 2633522804 RESP_END
343 0 2635609516 STIM_START
343 0 2639635012 STIM_END_RESP_START
343 0 2640835028 RESP_END
344 1 2642634668 STIM_START
344 1 2645910064 STIM_END_RESP_START
344 1 2647110080 RESP_END
345 1 2648892684 STIM_START
345 1 2652418092 STIM_END_RESP_START
345 1 2653618136 RESP_END
346 1 2655497760 STIM_START
346 1 2658773160 STIM_END_RESP_START
346 1 2659973172 RESP_END
347 0 2661715804 STIM_START
347 0 2665741300 STIM_END_RESP_START
347 0 2666941348 RESP_END
348 0 2668775892 STIM_START
348 0 2672301300 STIM_END_RESP_START
348 0 2673501316 RESP_END
349 1 2675341960 STIM_START
349 1 2676709124 LICK
349 1 2676844936 LICK
349 1 2678305948 LICK
349 1 2679117404 STIM_END_RESP_START
349 1 2679206756 LICK
349 1 2679207292 REWARD_START
349 1 2679355188 LICK
349 1 2679491384 LICK
349 1 2679630284 LICK
349 1 2679745312 LICK
349 1 2680317424 RESP_END
349 1 2679220372 REWARD_END
350 0 2686055700 STIM_START
350 0 2689831148 STIM_END_RESP_START
350 0 2691031164 RESP_END
351 0 2693089912 STIM_START
351 0 2697115408 STIM_END_RESP_START
351 0 2698315424 RESP_END
352 1 2702291416 STIM_START
352 1 2706316912 STIM_END_RESP_START
352 1 2707516928 RESP_END
353 0 2709703612 STIM_START
353 0 2713729076 STIM_END_RESP_START
353 0 2714929120 RESP_END
354 1 2716669716 STIM_START
354 1 2720445168 STIM_END_RESP_START
354 1 2721645184 RESP_END
355 0 2723634884 STIM_START
355 0 2726910284 STIM_END_RESP_START
355 0 2728110296 RESP_END
356 1 2730187980 STIM_START
356 1 2733713424 STIM_END_RESP_START
356 1 2734913432 RESP_END
357 0 2736670996 STIM_START
357 0 2740446448 STIM_END_RESP_START
357 0 2741646460 RESP_END
358 1 2743671172 STIM_START
358 1 2747696668 STIM_END_RESP_START
358 1 2748896684 RESP_END
USER_EXIT