001 1 4 6 0007369396 STIM_START
001 1 4 6 0010894840 STIM_END_RESP_START
001 1 4 6 0011354968 LICK
001 1 4 6 0011355408 REWARD_START
001 1 4 6 0011534692 LICK
001 1 4 6 0011746348 LICK
001 1 4 6 0011929144 LICK
001 1 4 6 0012094880 RESP_END
001 1 4 6 0011368376 REWARD_END
002 1 5 9 0014192572 STIM_START
002 1 5 9 0018218056 STIM_END_RESP_START
002 1 5 9 0018457404 LICK
002 1 5 9 0018457848 REWARD_START
002 1 5 9 0018618120 LICK
002 1 5 9 0018806824 LICK
002 1 5 9 0018969196 LICK
002 1 5 9 0019418084 RESP_END
002 1 5 9 0018470812 REWARD_END
003 1 1 6 0022241916 STIM_START
003 1 1 6 0022611396 LICK
003 1 1 6 0022808928 LICK
003 1 1 6 0025317296 STIM_END_RESP_START
003 1 1 6 0026283684 LICK
003 1 1 6 0026284124 REWARD_START
003 1 1 6 0026453096 LICK
003 1 1 6 0026517332 RESP_END
003 1 1 6 0026297088 REWARD_END
004 0 2 2 0029714080 STIM_START
004 0 2 2 0032839464 STIM_END_RESP_START
004 0 2 2 0034039480 RESP_END
005 0 2 9 0035753032 STIM_START
005 0 2 9 0038878412 STIM_END_RESP_START
005 0 2 9 0039463204 LICK
005 0 2 9 0039463640 TIMEOUT_START
005 0 2 9 0039617680 LICK
005 0 2 9 0039618116 TIMEOUT_START
005 0 2 9 0040078432 RESP_END
005 0 2 9 0046618548 TIMEOUT_END
006 0 2 9 0048322104 STIM_START
006 0 2 9 0051447480 STIM_END_RESP_START
006 0 2 9 0052647496 RESP_END
007 1 2 10 0054358104 STIM_START
007 1 2 10 0057483480 STIM_END_RESP_START
007 1 2 10 0058024256 LICK
007 1 2 10 0058024692 REWARD_START
007 1 2 10 0058195000 LICK
007 1 2 10 0058404444 LICK
007 1 2 10 0058592040 LICK
007 1 2 10 0058683508 RESP_END
007 1 2 10 0058037664 REWARD_END
008 0 4 3 0061026248 STIM_START
008 0 4 3 0064551668 STIM_END_RESP_START
008 0 4 3 0065751688 RESP_END
009 1 2 5 0067456228 STIM_START
009 1 2 5 0070581604 STIM_END_RESP_START
009 1 2 5 0070831892 LICK
009 1 2 5 0070832336 REWARD_START
009 1 2 5 0071084504 LICK
009 1 2 5 0071281908 LICK
009 1 2 5 0071422168 LICK
009 1 2 5 0071741792 LICK
009 1 2 5 0071781620 RESP_END
009 1 2 5 0070845304 REWARD_END
010 2 3 9 0074209328 STIM_START
010 2 3 9 0077484712 STIM_END_RESP_START
010 2 3 9 0078684732 RESP_END
011 1 5 6 0081026488 STIM_START
011 1 5 6 0085051968 STIM_END_RESP_START
011 1 5 6 0085250548 LICK
011 1 5 6 0085250984 REWARD_START
011 1 5 6 0085440576 LICK
011 1 5 6 0085629800 LICK
011 1 5 6 0085831956 LICK
011 1 5 6 0086252004 RESP_END
011 1 5 6 0085263956 REWARD_END
012 0 4 3 0089150784 STIM_START
012 0 4 3 0089562032 LICK
012 0 4 3 0092676232 STIM_END_RESP_START
012 0 4 3 0093876248 RESP_END
013 2 2 8 0095590832 STIM_START
013 2 2 8 0098716212 STIM_END_RESP_START
013 2 2 8 0099164788 LICK
013 2 2 8 0099165236 REWARD_START
013 2 2 8 0099410304 LICK
013 2 2 8 0099556428 LICK
013 2 2 8 0099916260 RESP_END
013 2 2 8 0099178204 REWARD_END
014 0 1 6 0102188912 STIM_START
014 0 1 6 0105264280 STIM_END_RESP_START
014 0 1 6 0106464316 RESP_END
015 1 3 1 0108182956 STIM_START
015 1 3 1 0111458360 STIM_END_RESP_START
015 1 3 1 0111802840 LICK
015 1 3 1 0111803324 REWARD_START
015 1 3 1 0111971208 LICK
015 1 3 1 0112227576 LICK
015 1 3 1 0112563400 LICK
015 1 3 1 0112658408 RESP_END
015 1 3 1 0111816344 REWARD_END
016 1 5 8 0114849040 STIM_START
016 1 5 8 0118874532 STIM_END_RESP_START
016 1 5 8 0119063292 LICK
016 1 5 8 0119063780 REWARD_START
016 1 5 8 0119225460 LICK
016 1 5 8 0119413956 LICK
016 1 5 8 0119607636 LICK
016 1 5 8 0119772988 LICK
016 1 5 8 0119941152 LICK
016 1 5 8 0120074552 RESP_END
016 1 5 8 0119076796 REWARD_END
017 2 3 2 0123307376 STIM_START
017 2 3 2 0123347384 LICK
017 2 3 2 0123529348 LICK
017 2 3 2 0126582780 STIM_END_RESP_START
017 2 3 2 0127528916 LICK
017 2 3 2 0127529408 REWARD_START
017 2 3 2 0127782820 RESP_END
017 2 3 2 0127542432 REWARD_END
018 0 1 5 0130154528 STIM_START
018 0 1 5 0130333620 LICK
018 0 1 5 0133229884 STIM_END_RESP_START
018 0 1 5 0134429916 RESP_END
019 2 1 4 0136139508 STIM_START
019 2 1 4 0139214876 STIM_END_RESP_START
019 2 1 4 0140103760 LICK
019 2 1 4 0140104244 REWARD_START
019 2 1 4 0140258744 LICK
019 2 1 4 0140414916 RESP_END
019 2 1 4 0140117268 REWARD_END
020 1 2 8 0143731744 STIM_START
020 1 2 8 0143874792 LICK
020 1 2 8 0146857112 STIM_END_RESP_START
020 1 2 8 0147081480 LICK
020 1 2 8 0147081968 REWARD_START
020 1 2 8 0147229084 LICK
020 1 2 8 0147440436 LICK
020 1 2 8 0147592988 LICK
020 1 2 8 0147771156 LICK
020 1 2 8 0147922772 LICK
020 1 2 8 0148057148 RESP_END
020 1 2 8 0147094988 REWARD_END
021 2 1 6 0150245808 STIM_START
021 2 1 6 0153321168 STIM_END_RESP_START
021 2 1 6 0154521208 RESP_END
022 0 2 7 0156228808 STIM_START
022 0 2 7 0159354200 STIM_END_RESP_START
022 0 2 7 0160409452 LICK
022 0 2 7 0160409940 TIMEOUT_START
022 0 2 7 0160554228 RESP_END
022 0 2 7 0167410424 TIMEOUT_END
023 1 4 7 0169133860 STIM_START
023 1 4 7 0172659300 STIM_END_RESP_START
023 1 4 7 0173055840 LICK
023 1 4 7 0173056332 REWARD_START
023 1 4 7 0173238856 LICK
023 1 4 7 0173456852 LICK
023 1 4 7 0173626352 LICK
023 1 4 7 0173771168 LICK
023 1 4 7 0173859312 RESP_END
023 1 4 7 0173069352 REWARD_END
024 0 3 8 0176005052 STIM_START
024 0 3 8 0176237864 LICK
024 0 3 8 0179280464 STIM_END_RESP_START
024 0 3 8 0180014484 LICK
024 0 3 8 0180014964 TIMEOUT_START
024 0 3 8 0180169628 LICK
024 0 3 8 0180170120 TIMEOUT_START
024 0 3 8 0180480504 RESP_END
024 0 3 8 0187170604 TIMEOUT_END
025 0 2 1 0188868112 STIM_START
025 0 2 1 0191993504 STIM_END_RESP_START
025 0 2 1 0192811076 LICK
025 0 2 1 0192811560 TIMEOUT_START
025 0 2 1 0193032328 LICK
025 0 2 1 0193032812 TIMEOUT_START
025 0 2 1 0193193548 RESP_END
025 0 2 1 0200033304 TIMEOUT_END
026 1 1 10 0201731236 STIM_START
026 1 1 10 0204806600 STIM_END_RESP_START
026 1 1 10 0205031156 LICK
026 1 1 10 0205031644 REWARD_START
026 1 1 10 0205221948 LICK
026 1 1 10 0205542792 LICK
026 1 1 10 0205728232 LICK
026 1 1 10 0205904372 LICK
026 1 1 10 0206006628 RESP_END
026 1 1 10 0205044660 REWARD_END
027 1 3 9 0208355320 STIM_START
027 1 3 9 0211630724 STIM_END_RESP_START
027 1 3 9 0211794340 LICK
027 1 3 9 0211794824 REWARD_START
027 1 3 9 0211952232 LICK
027 1 3 9 0212134956 LICK
027 1 3 9 0212332888 LICK
027 1 3 9 0212511784 LICK
027 1 3 9 0212830768 RESP_END
027 1 3 9 0211807844 REWARD_END
028 0 1 10 0216262616 STIM_START
028 0 1 10 0219337984 STIM_END_RESP_START
028 0 1 10 0220047036 LICK
028 0 1 10 0220047524 TIMEOUT_START
028 0 1 10 0220225484 LICK
028 0 1 10 0220225972 TIMEOUT_START
028 0 1 10 0220538016 RESP_END
028 0 1 10 0227226456 TIMEOUT_END
029 1 1 5 0228927704 STIM_START
029 1 1 5 0232003068 STIM_END_RESP_START
029 1 1 5 0232205540 LICK
029 1 1 5 0232206024 REWARD_START
029 1 1 5 0232355452 LICK
029 1 1 5 0232567596 LICK
029 1 1 5 0232720420 LICK
029 1 1 5 0232923044 LICK
029 1 1 5 0233078748 LICK
029 1 1 5 0233203116 RESP_END
029 1 1 5 0232219044 REWARD_END
030 0 1 10 0235249684 STIM_START
030 0 1 10 0238325048 STIM_END_RESP_START
030 0 1 10 0239525084 RESP_END
031 0 5 8 0241270696 STIM_START
031 0 5 8 0245296196 STIM_END_RESP_START
031 0 5 8 0245804640 LICK
031 0 5 8 0245805128 TIMEOUT_START
031 0 5 8 0246083204 LICK
031 0 5 8 0246083692 TIMEOUT_START
031 0 5 8 0246496236 RESP_END
031 0 5 8 0253084176 TIMEOUT_END
032 1 1 9 0254787888 STIM_START
032 1 1 9 0257863248 STIM_END_RESP_START
032 1 1 9 0258091996 LICK
032 1 1 9 0258092488 REWARD_START
032 1 1 9 0258223036 LICK
032 1 1 9 0258409876 LICK
032 1 1 9 0258599872 LICK
032 1 1 9 0258796280 LICK
032 1 1 9 0259063276 RESP_END
032 1 1 9 0258105492 REWARD_END
033 0 2 4 0261911052 STIM_START
033 0 2 4 0265036448 STIM_END_RESP_START
033 0 2 4 0266236484 RESP_END
034 0 3 9 0267954064 STIM_START
034 0 3 9 0271229472 STIM_END_RESP_START
034 0 3 9 0272159168 LICK
034 0 3 9 0272159652 TIMEOUT_START
034 0 3 9 0272429516 RESP_END
034 0 3 9 0279160140 TIMEOUT_END
035 2 1 10 0280860180 STIM_START
035 2 1 10 0283935540 STIM_END_RESP_START
035 2 1 10 0285135576 RESP_END
036 1 1 3 0286846124 STIM_START
036 1 1 3 0289921484 STIM_END_RESP_START
036 1 1 3 0290882056 LICK
036 1 1 3 0290882540 REWARD_START
036 1 1 3 0291053520 LICK
036 1 1 3 0291121528 RESP_END
036 1 1 3 0290895560 REWARD_END
037 0 5 2 0293903336 STIM_START
037 0 5 2 0294362452 LICK
037 0 5 2 0297928828 STIM_END_RESP_START
037 0 5 2 0298832100 LICK
037 0 5 2 0298832588 TIMEOUT_START
037 0 5 2 0298996476 LICK
037 0 5 2 0298996968 TIMEOUT_START
037 0 5 2 0299128880 RESP_END
037 0 5 2 0305997456 TIMEOUT_END
038 1 3 6 0307704568 STIM_START
038 1 3 6 0310979976 STIM_END_RESP_START
038 1 3 6 0311213640 LICK
038 1 3 6 0311214132 REWARD_START
038 1 3 6 0311385512 LICK
038 1 3 6 0311572888 LICK
038 1 3 6 0311743468 LICK
038 1 3 6 0311916524 LICK
038 1 3 6 0312075200 LICK
038 1 3 6 0312180000 RESP_END
038 1 3 6 0311227148 REWARD_END
039 0 5 2 0316074952 STIM_START
039 0 5 2 0320100456 STIM_END_RESP_START
039 0 5 2 0321031380 LICK
039 0 5 2 0321031864 TIMEOUT_START
039 0 5 2 0321190252 LICK
039 0 5 2 0321190736 TIMEOUT_START
039 0 5 2 0321300484 RESP_END
039 0 5 2 0328191224 TIMEOUT_END
040 1 2 7 0329905196 STIM_START
040 1 2 7 0333030588 STIM_END_RESP_START
040 1 2 7 0333268888 LICK
040 1 2 7 0333269380 REWARD_START
040 1 2 7 0333519952 LICK
040 1 2 7 0333705256 LICK
040 1 2 7 0333863508 LICK
040 1 2 7 0334023840 LICK
040 1 2 7 0334190064 LICK
040 1 2 7 0334230628 RESP_END
040 1 2 7 0333282384 REWARD_END
041 0 3 6 0338608616 STIM_START
041 0 3 6 0341884024 STIM_END_RESP_START
041 0 3 6 0343084060 RESP_END
042 0 2 1 0344789616 STIM_START
042 0 2 1 0347914968 STIM_END_RESP_START
042 0 2 1 0349115004 RESP_END
043 2 1 2 0350822592 STIM_START
043 2 1 2 0353897956 STIM_END_RESP_START
043 2 1 2 0354821836 LICK
043 2 1 2 0354822328 REWARD_START
043 2 1 2 0354955552 LICK
043 2 1 2 0355097976 RESP_END
043 2 1 2 0354835340 REWARD_END
044 0 3 3 0357247688 STIM_START
044 0 3 3 0360523096 STIM_END_RESP_START
044 0 3 3 0361723132 RESP_END
045 1 5 1 0363466684 STIM_START
045 1 5 1 0367492148 STIM_END_RESP_START
045 1 5 1 0367589520 LICK
045 1 5 1 0367590008 REWARD_START
045 1 5 1 0367750484 LICK
045 1 5 1 0367917232 LICK
045 1 5 1 0368127164 LICK
045 1 5 1 0368304276 LICK
045 1 5 1 0368503420 LICK
045 1 5 1 0368653344 LICK
045 1 5 1 0368692172 RESP_END
045 1 5 1 0367603032 REWARD_END
046 1 3 10 0371244948 STIM_START
046 1 3 10 0374520364 STIM_END_RESP_START
046 1 3 10 0374714440 LICK
046 1 3 10 0374714928 REWARD_START
046 1 3 10 0374871864 LICK
046 1 3 10 0375069368 LICK
046 1 3 10 0375232712 LICK
046 1 3 10 0375417404 LICK
046 1 3 10 0375596652 LICK
046 1 3 10 0375720408 RESP_END
046 1 3 10 0374727952 REWARD_END
047 1 2 5 0381257560 STIM_START
047 1 2 5 0384382916 STIM_END_RESP_START
047 1 2 5 0384586380 LICK
047 1 2 5 0384586872 REWARD_START
047 1 2 5 0384769872 LICK
047 1 2 5 0384945724 LICK
047 1 2 5 0385110884 LICK
047 1 2 5 0385296680 LICK
047 1 2 5 0385442560 LICK
047 1 2 5 0385582956 RESP_END
047 1 2 5 0384599888 REWARD_END
048 0 2 10 0387292564 STIM_START
048 0 2 10 0387322416 LICK
048 0 2 10 0390417940 STIM_END_RESP_START
048 0 2 10 0390657728 LICK
048 0 2 10 0390658216 TIMEOUT_START
048 0 2 10 0390826052 LICK
048 0 2 10 0390826536 TIMEOUT_START
048 0 2 10 0390904652 LICK
048 0 2 10 0390905144 TIMEOUT_START
048 0 2 10 0391444944 LICK
048 0 2 10 0391445428 TIMEOUT_START
048 0 2 10 0391617988 RESP_END
048 0 2 10 0398445920 TIMEOUT_END
049 2 4 2 0400174624 STIM_START
049 2 4 2 0403700060 STIM_END_RESP_START
049 2 4 2 0403942008 LICK
049 2 4 2 0403942504 REWARD_START
049 2 4 2 0404126188 LICK
049 2 4 2 0404301928 LICK
049 2 4 2 0404476320 LICK
049 2 4 2 0404630564 LICK
049 2 4 2 0404900108 RESP_END
049 2 4 2 0403955516 REWARD_END
050 0 2 4 0406600724 STIM_START
050 0 2 4 0406762364 LICK
050 0 2 4 0406939736 LICK
050 0 2 4 0407413084 LICK
050 0 2 4 0409726092 STIM_END_RESP_START
050 0 2 4 0410926128 RESP_END
051 1 1 5 0412636676 STIM_START
051 1 1 5 0415712040 STIM_END_RESP_START
051 1 1 5 0415929176 LICK
051 1 1 5 0415929668 REWARD_START
051 1 1 5 0416060324 LICK
051 1 1 5 0416261764 LICK
051 1 1 5 0416459092 LICK
051 1 1 5 0416912056 RESP_END
051 1 1 5 0415942692 REWARD_END
052 1 5 2 0420364924 STIM_START
052 1 5 2 0424390420 STIM_END_RESP_START
052 1 5 2 0424686088 LICK
052 1 5 2 0424686572 REWARD_START
052 1 5 2 0424818768 LICK
052 1 5 2 0425049756 LICK
052 1 5 2 0425196768 LICK
052 1 5 2 0425411372 LICK
052 1 5 2 0425590440 RESP_END
052 1 5 2 0424699592 REWARD_END
053 2 3 10 0427302104 STIM_START
053 2 3 10 0427309620 LICK
053 2 3 10 0428170280 LICK
053 2 3 10 0428713444 LICK
053 2 3 10 0428934308 LICK
053 2 3 10 0430577496 STIM_END_RESP_START
053 2 3 10 0431169012 LICK
053 2 3 10 0431169496 REWARD_START
053 2 3 10 0431334448 LICK
053 2 3 10 0431526396 LICK
053 2 3 10 0431720148 LICK
053 2 3 10 0431777536 RESP_END
053 2 3 10 0431182516 REWARD_END
054 0 2 1 0436705628 STIM_START
054 0 2 1 0439831020 STIM_END_RESP_START
054 0 2 1 0440688356 LICK
054 0 2 1 0440688844 TIMEOUT_START
054 0 2 1 0440899536 LICK
054 0 2 1 0440900024 TIMEOUT_START
054 0 2 1 0441031040 RESP_END
054 0 2 1 0447900504 TIMEOUT_END
055 0 5 4 0449644736 STIM_START
055 0 5 4 0453670216 STIM_END_RESP_START
055 0 5 4 0453694272 LICK
055 0 5 4 0453694764 TIMEOUT_START
055 0 5 4 0453861988 LICK
055 0 5 4 0453862480 TIMEOUT_START
055 0 5 4 0454084660 LICK
055 0 5 4 0454085144 TIMEOUT_START
055 0 5 4 0454870264 RESP_END
055 0 5 4 0461085628 TIMEOUT_END
056 0 1 1 0462780876 STIM_START
056 0 1 1 0465856236 STIM_END_RESP_START
056 0 1 1 0466872068 LICK
056 0 1 1 0466872560 TIMEOUT_START
056 0 1 1 0467051720 LICK
056 0 1 1 0467052204 TIMEOUT_START
056 0 1 1 0467056256 RESP_END
056 0 1 1 0474052696 TIMEOUT_END
057 2 4 2 0475780976 STIM_START
057 2 4 2 0479306384 STIM_END_RESP_START
057 2 4 2 0479747640 LICK
057 2 4 2 0479748132 REWARD_START
057 2 4 2 0479806944 LICK
057 2 4 2 0479978816 LICK
057 2 4 2 0480172408 LICK
057 2 4 2 0480367012 LICK
057 2 4 2 0480506420 RESP_END
057 2 4 2 0479761148 REWARD_END
058 0 3 7 0483461276 STIM_START
058 0 3 7 0486736676 STIM_END_RESP_START
058 0 3 7 0487334076 LICK
058 0 3 7 0487334560 TIMEOUT_START
058 0 3 7 0487483148 LICK
058 0 3 7 0487483636 TIMEOUT_START
058 0 3 7 0487682572 LICK
058 0 3 7 0487683056 TIMEOUT_START
058 0 3 7 0487936716 RESP_END
058 0 3 7 0494683548 TIMEOUT_END
059 1 2 6 0496385368 STIM_START
059 1 2 6 0499510760 STIM_END_RESP_START
059 1 2 6 0499695704 LICK
059 1 2 6 0499696188 REWARD_START
059 1 2 6 0499893552 LICK
059 1 2 6 0500060460 LICK
059 1 2 6 0500226984 LICK
059 1 2 6 0500403104 LICK
059 1 2 6 0500710808 RESP_END
059 1 2 6 0499709212 REWARD_END
060 2 1 8 0503023432 STIM_START
060 2 1 8 0506098804 STIM_END_RESP_START
060 2 1 8 0506305044 LICK
060 2 1 8 0506305528 REWARD_START
060 2 1 8 0506476640 LICK
060 2 1 8 0506648492 LICK
060 2 1 8 0506842136 LICK
060 2 1 8 0507000592 LICK
060 2 1 8 0507298848 RESP_END
060 2 1 8 0506318548 REWARD_END
061 2 1 7 0511348828 STIM_START
061 2 1 7 0514424192 STIM_END_RESP_START
061 2 1 7 0514642244 LICK
061 2 1 7 0514642728 REWARD_START
061 2 1 7 0514853092 LICK
061 2 1 7 0515054296 LICK
061 2 1 7 0515224644 LICK
061 2 1 7 0515364468 LICK
061 2 1 7 0515579524 LICK
061 2 1 7 0515624208 RESP_END
061 2 1 7 0514655748 REWARD_END
062 0 4 4 0518221952 STIM_START
062 0 4 4 0521747380 STIM_END_RESP_START
062 0 4 4 0522947416 RESP_END
063 1 1 8 0524648960 STIM_START
063 1 1 8 0527724320 STIM_END_RESP_START
063 1 1 8 0527929980 LICK
063 1 1 8 0527930472 REWARD_START
063 1 1 8 0528041800 LICK
063 1 1 8 0528222532 LICK
063 1 1 8 0528384292 LICK
063 1 1 8 0528578108 LICK
063 1 1 8 0528924340 RESP_END
063 1 1 8 0527943488 REWARD_END
064 2 4 10 0532030204 STIM_START
064 2 4 10 0535555640 STIM_END_RESP_START
064 2 4 10 0535813476 LICK
064 2 4 10 0535813964 REWARD_START
064 2 4 10 0536006016 LICK
064 2 4 10 0536162044 LICK
064 2 4 10 0536349188 LICK
064 2 4 10 0536501832 LICK
064 2 4 10 0536755684 RESP_END
064 2 4 10 0535826984 REWARD_END
065 0 3 5 0540901620 STIM_START
065 0 3 5 0544177020 STIM_END_RESP_START
065 0 3 5 0544418856 LICK
065 0 3 5 0544419340 TIMEOUT_START
065 0 3 5 0544744068 LICK
065 0 3 5 0544744560 TIMEOUT_START
065 0 3 5 0544879404 LICK
065 0 3 5 0544879896 TIMEOUT_START
065 0 3 5 0544951992 LICK
065 0 3 5 0544952484 TIMEOUT_START
065 0 3 5 0545377060 RESP_END
065 0 3 5 0551952964 TIMEOUT_END
066 1 2 5 0553661740 STIM_START
066 1 2 5 0556787096 STIM_END_RESP_START
066 1 2 5 0556974876 LICK
066 1 2 5 0556975368 REWARD_START
066 1 2 5 0557142252 LICK
066 1 2 5 0557360860 LICK
066 1 2 5 0557536640 LICK
066 1 2 5 0557682292 LICK
066 1 2 5 0557987140 RESP_END
066 1 2 5 0556988384 REWARD_END
067 1 3 6 0565846668 STIM_START
067 1 3 6 0566172016 LICK
067 1 3 6 0566832476 LICK
067 1 3 6 0567759704 LICK
067 1 3 6 0569122076 STIM_END_RESP_START
067 1 3 6 0570322112 RESP_END
068 2 4 9 0573426892 STIM_START
068 2 4 9 0576952332 STIM_END_RESP_START
068 2 4 9 0578152360 RESP_END
069 0 2 7 0579865988 STIM_START
069 0 2 7 0582991380 STIM_END_RESP_START
069 0 2 7 0584191416 RESP_END
070 1 3 9 0585904952 STIM_START
070 1 3 9 0589180360 STIM_END_RESP_START
070 1 3 9 0589462552 LICK
070 1 3 9 0589463036 REWARD_START
070 1 3 9 0590380396 RESP_END
070 1 3 9 0589476044 REWARD_END
071 1 5 4 0592112988 STIM_START
071 1 5 4 0593322076 LICK
071 1 5 4 0595220656 LICK
071 1 5 4 0596138480 STIM_END_RESP_START
071 1 5 4 0597338520 RESP_END
072 1 3 9 0599700196 STIM_START
072 1 3 9 0600547504 LICK
072 1 3 9 0601628736 LICK
072 1 3 9 0602975576 STIM_END_RESP_START
072 1 3 9 0604175616 RESP_END
073 0 3 7 0617601092 STIM_START
073 0 3 7 0620876504 STIM_END_RESP_START
073 0 3 7 0622076540 RESP_END
074 1 2 3 0624148164 STIM_START
074 1 2 3 0627273560 STIM_END_RESP_START
074 1 2 3 0627485444 LICK
074 1 2 3 0627485936 REWARD_START
074 1 2 3 0627697060 LICK
074 1 2 3 0627857672 LICK
074 1 2 3 0628201068 LICK
074 1 2 3 0628353348 LICK
074 1 2 3 0628473588 RESP_END
074 1 2 3 0627498956 REWARD_END
075 0 2 5 0631564336 STIM_START
075 0 2 5 0634689692 STIM_END_RESP_START
075 0 2 5 0635889732 RESP_END
076 2 1 9 0637603360 STIM_START
076 2 1 9 0640678724 STIM_END_RESP_START
076 2 1 9 0641878760 RESP_END
077 2 1 3 0644484500 STIM_START
077 2 1 3 0647559864 STIM_END_RESP_START
077 2 1 3 0648759900 RESP_END
078 0 3 3 0650574484 STIM_START
078 0 3 3 0653849892 STIM_END_RESP_START
078 0 3 3 0655049928 RESP_END
079 1 5 4 0656797468 STIM_START
079 1 5 4 0660822964 STIM_END_RESP_START
079 1 5 4 0661173392 LICK
079 1 5 4 0661173876 REWARD_START
079 1 5 4 0661385428 LICK
079 1 5 4 0661760740 LICK
079 1 5 4 0661957236 LICK
079 1 5 4 0662022988 RESP_END
079 1 5 4 0661186896 REWARD_END
080 2 1 5 0663735592 STIM_START
080 2 1 5 0666810956 STIM_END_RESP_START
080 2 1 5 0668010992 RESP_END
081 2 5 10 0669744588 STIM_START
081 2 5 10 0673702852 LICK
081 2 5 10 0673770088 STIM_END_RESP_START
081 2 5 10 0673899064 LICK
081 2 5 10 0673899552 REWARD_START
081 2 5 10 0674129556 LICK
081 2 5 10 0674470504 LICK
081 2 5 10 0674648736 LICK
081 2 5 10 0674970128 RESP_END
081 2 5 10 0673912568 REWARD_END
082 0 1 5 0677273824 STIM_START
082 0 1 5 0680349188 STIM_END_RESP_START
082 0 1 5 0681352148 LICK
082 0 1 5 0681352636 TIMEOUT_START
082 0 1 5 0681498380 LICK
082 0 1 5 0681498872 TIMEOUT_START
082 0 1 5 0681549208 RESP_END
082 0 1 5 0688499352 TIMEOUT_END
083 0 3 3 0690215976 STIM_START
083 0 3 3 0693491384 STIM_END_RESP_START
083 0 3 3 0694691420 RESP_END
084 0 2 6 0696395944 STIM_START
084 0 2 6 0699521300 STIM_END_RESP_START
084 0 2 6 0700721332 RESP_END
085 1 4 7 0702438956 STIM_START
085 1 4 7 0705964392 STIM_END_RESP_START
085 1 4 7 0706398468 LICK
085 1 4 7 0706398952 REWARD_START
085 1 4 7 0706593952 LICK
085 1 4 7 0706947244 LICK
085 1 4 7 0707130080 LICK
085 1 4 7 0707164432 RESP_END
085 1 4 7 0706411976 REWARD_END
086 1 1 3 0709026116 STIM_START
086 1 1 3 0712101480 STIM_END_RESP_START
086 1 1 3 0712324332 LICK
086 1 1 3 0712324816 REWARD_START
086 1 1 3 0712510988 LICK
086 1 1 3 0712670568 LICK
086 1 1 3 0713291036 LICK
086 1 1 3 0713301508 RESP_END
086 1 1 3 0712337840 REWARD_END
087 1 2 3 0715190036 STIM_START
087 1 2 3 0715486572 LICK
087 1 2 3 0718315420 STIM_END_RESP_START
087 1 2 3 0718545492 LICK
087 1 2 3 0718545988 REWARD_START
087 1 2 3 0718763512 LICK
087 1 2 3 0718927292 LICK
087 1 2 3 0719107660 LICK
087 1 2 3 0719271564 LICK
087 1 2 3 0719515428 RESP_END
087 1 2 3 0718559004 REWARD_END
088 0 3 5 0721715092 STIM_START
088 0 3 5 0721947048 LICK
088 0 3 5 0724990500 STIM_END_RESP_START
088 0 3 5 0725902468 LICK
088 0 3 5 0725902952 TIMEOUT_START
088 0 3 5 0726066708 LICK
088 0 3 5 0726067192 TIMEOUT_START
088 0 3 5 0726190528 RESP_END
088 0 3 5 0733067688 TIMEOUT_END
089 0 2 1 0734775180 STIM_START
089 0 2 1 0737900584 STIM_END_RESP_START
089 0 2 1 0739100612 RESP_END
090 0 1 9 0740799204 STIM_START
090 0 1 9 0743874576 STIM_END_RESP_START
090 0 1 9 0745074604 RESP_END
091 1 4 10 0747143204 STIM_START
091 1 4 10 0750668636 STIM_END_RESP_START
091 1 4 10 0750879936 LICK
091 1 4 10 0750880424 REWARD_START
091 1 4 10 0751096964 LICK
091 1 4 10 0751275464 LICK
091 1 4 10 0751449524 LICK
091 1 4 10 0751608144 LICK
091 1 4 10 0751868656 RESP_END
091 1 4 10 0750893444 REWARD_END
092 2 3 5 0753580276 STIM_START
092 2 3 5 0756855684 STIM_END_RESP_START
092 2 3 5 0758055720 RESP_END
093 0 3 3 0759773264 STIM_START
093 0 3 3 0763048664 STIM_END_RESP_START
093 0 3 3 0763422456 LICK
093 0 3 3 0763422948 TIMEOUT_START
093 0 3 3 0763569184 LICK
093 0 3 3 0763569668 TIMEOUT_START
093 0 3 3 0763811720 LICK
093 0 3 3 0763812212 TIMEOUT_START
093 0 3 3 0764248676 RESP_END
093 0 3 3 0770812700 TIMEOUT_END
094 1 3 10 0772522400 STIM_START
094 1 3 10 0775797808 STIM_END_RESP_START
094 1 3 10 0776225828 LICK
094 1 3 10 0776226312 REWARD_START
094 1 3 10 0776356280 LICK
094 1 3 10 0776868016 LICK
094 1 3 10 0776997844 RESP_END
094 1 3 10 0776239336 REWARD_END
095 0 2 6 0779487496 STIM_START
095 0 2 6 0779520484 LICK
095 0 2 6 0782612864 STIM_END_RESP_START
095 0 2 6 0783812900 RESP_END
096 0 4 5 0785536516 STIM_START
096 0 4 5 0789061956 STIM_END_RESP_START
096 0 4 5 0789237908 LICK
096 0 4 5 0789238396 TIMEOUT_START
096 0 4 5 0789458096 LICK
096 0 4 5 0789458580 TIMEOUT_START
096 0 4 5 0789628784 LICK
096 0 4 5 0789629276 TIMEOUT_START
096 0 4 5 0790261984 RESP_END
096 0 4 5 0796629764 TIMEOUT_END
097 2 2 7 0798345572 STIM_START
097 2 2 7 0801470928 STIM_END_RESP_START
097 2 2 7 0802670964 RESP_END
098 2 5 4 0805082700 STIM_START
098 2 5 4 0805244280 LICK
098 2 5 4 0805515816 LICK
098 2 5 4 0805670448 LICK
098 2 5 4 0805974024 LICK
098 2 5 4 0807400152 LICK
098 2 5 4 0807737832 LICK
098 2 5 4 0808525032 LICK
098 2 5 4 0809108196 STIM_END_RESP_START
098 2 5 4 0810154232 LICK
098 2 5 4 0810154720 REWARD_START
098 2 5 4 0810308220 RESP_END
098 2 5 4 0810167740 REWARD_END
099 1 5 1 0812041804 STIM_START
099 1 5 1 0816067300 STIM_END_RESP_START
099 1 5 1 0816314472 LICK
099 1 5 1 0816314960 REWARD_START
099 1 5 1 0816502276 LICK
099 1 5 1 0816762944 LICK
099 1 5 1 0816965180 LICK
099 1 5 1 0817267316 RESP_END
099 1 5 1 0816327984 REWARD_END
100 0 4 10 0820195156 STIM_START
100 0 4 10 0820464200 LICK
100 0 4 10 0823720576 STIM_END_RESP_START
100 0 4 10 0824920612 RESP_END
101 0 2 1 0826628176 STIM_START
101 0 2 1 0829753532 STIM_END_RESP_START
101 0 2 1 0830953568 RESP_END
102 0 4 4 0832677196 STIM_START
102 0 4 4 0836202632 STIM_END_RESP_START
102 0 4 4 0837402672 RESP_END
103 1 4 2 0839124208 STIM_START
103 1 4 2 0842649644 STIM_END_RESP_START
103 1 4 2 0843458336 LICK
103 1 4 2 0843458828 REWARD_START
103 1 4 2 0843622620 LICK
103 1 4 2 0843849668 RESP_END
103 1 4 2 0843471840 REWARD_END
104 0 4 2 0846068384 STIM_START
104 0 4 2 0849560144 LICK
104 0 4 2 0849593816 STIM_END_RESP_START
104 0 4 2 0849692220 LICK
104 0 4 2 0849692712 TIMEOUT_START
104 0 4 2 0849903368 LICK
104 0 4 2 0849903860 TIMEOUT_START
104 0 4 2 0850182244 LICK
104 0 4 2 0850182728 TIMEOUT_START
104 0 4 2 0850793852 RESP_END
104 0 4 2 0857183216 TIMEOUT_END
105 2 4 5 0858900476 STIM_START
105 2 4 5 0862425916 STIM_END_RESP_START
105 2 4 5 0862706596 LICK
105 2 4 5 0862707088 REWARD_START
105 2 4 5 0862923436 LICK
105 2 4 5 0863092452 LICK
105 2 4 5 0863246412 LICK
105 2 4 5 0863413896 LICK
105 2 4 5 0863612852 LICK
105 2 4 5 0863625940 RESP_END
105 2 4 5 0862720096 REWARD_END
106 1 5 10 0865363488 STIM_START
106 1 5 10 0869388952 STIM_END_RESP_START
106 1 5 10 0869583412 LICK
106 1 5 10 0869583904 REWARD_START
106 1 5 10 0869728076 LICK
106 1 5 10 0869897288 LICK
106 1 5 10 0870090520 LICK
106 1 5 10 0870588976 RESP_END
106 1 5 10 0869596924 REWARD_END
107 1 4 4 0873672856 STIM_START
107 1 4 4 0877198288 STIM_END_RESP_START
107 1 4 4 0877379868 LICK
107 1 4 4 0877380352 REWARD_START
107 1 4 4 0877514780 LICK
107 1 4 4 0877719760 LICK
107 1 4 4 0877899228 LICK
107 1 4 4 0878071016 LICK
107 1 4 4 0878398328 RESP_END
107 1 4 4 0877393376 REWARD_END
108 0 1 2 0880933052 STIM_START
108 0 1 2 0884008416 STIM_END_RESP_START
108 0 1 2 0884509224 LICK
108 0 1 2 0884509716 TIMEOUT_START
108 0 1 2 0884744044 LICK
108 0 1 2 0884744532 TIMEOUT_START
108 0 1 2 0885208456 RESP_END
108 0 1 2 0891745016 TIMEOUT_END
109 1 3 8 0893465064 STIM_START
109 1 3 8 0896740472 STIM_END_RESP_START
109 1 3 8 0897125184 LICK
109 1 3 8 0897125676 REWARD_START
109 1 3 8 0897291312 LICK
109 1 3 8 0897465416 LICK
109 1 3 8 0897710392 LICK
109 1 3 8 0897900744 LICK
109 1 3 8 0897940512 RESP_END
109 1 3 8 0897138696 REWARD_END
110 1 5 5 0899861104 STIM_START
110 1 5 5 0903886600 STIM_END_RESP_START
110 1 5 5 0904064672 LICK
110 1 5 5 0904065164 REWARD_START
110 1 5 5 0904334760 LICK
110 1 5 5 0904510460 LICK
110 1 5 5 0904757828 LICK
110 1 5 5 0904914564 LICK
110 1 5 5 0905086640 RESP_END
110 1 5 5 0904078180 REWARD_END
111 0 4 7 0906810284 STIM_START
111 0 4 7 0910335684 STIM_END_RESP_START
111 0 4 7 0910609320 LICK
111 0 4 7 0910609812 TIMEOUT_START
111 0 4 7 0910812464 LICK
111 0 4 7 0910812948 TIMEOUT_START
111 0 4 7 0911046912 LICK
111 0 4 7 0911047396 TIMEOUT_START
111 0 4 7 0911535728 RESP_END
111 0 4 7 0918047888 TIMEOUT_END
112 0 5 9 0919791404 STIM_START
112 0 5 9 0923614536 LICK
112 0 5 9 0923788592 LICK
112 0 5 9 0923816884 STIM_END_RESP_START
112 0 5 9 0925016908 RESP_END
113 2 1 6 0926729500 STIM_START
113 2 1 6 0929804860 STIM_END_RESP_START
113 2 1 6 0931004896 RESP_END
114 1 5 3 0933147532 STIM_START
114 1 5 3 0937172988 STIM_END_RESP_START
114 1 5 3 0937869736 LICK
114 1 5 3 0937870220 REWARD_START
114 1 5 3 0938060612 LICK
114 1 5 3 0938249840 LICK
114 1 5 3 0938373032 RESP_END
114 1 5 3 0937883244 REWARD_END
115 1 3 1 0941220860 STIM_START
115 1 3 1 0944496268 STIM_END_RESP_START
115 1 3 1 0944718524 LICK
115 1 3 1 0944719016 REWARD_START
115 1 3 1 0944849072 LICK
115 1 3 1 0945047496 LICK
115 1 3 1 0945227712 LICK
115 1 3 1 0945406772 LICK
115 1 3 1 0945696304 RESP_END
115 1 3 1 0944732032 REWARD_END
116 0 5 2 0948866140 STIM_START
116 0 5 2 0952891600 STIM_END_RESP_START
116 0 5 2 0954091640 RESP_END
117 1 3 8 0955804224 STIM_START
117 1 3 8 0959079632 STIM_END_RESP_START
117 1 3 8 0959437568 LICK
117 1 3 8 0959438064 REWARD_START
117 1 3 8 0959643204 LICK
117 1 3 8 0959830056 LICK
117 1 3 8 0960204944 LICK
117 1 3 8 0960279648 RESP_END
117 1 3 8 0959451084 REWARD_END
118 0 1 5 0961989268 STIM_START
118 0 1 5 0965064632 STIM_END_RESP_START
118 0 1 5 0966264668 RESP_END
119 0 1 7 0967968244 STIM_START
119 0 1 7 0971043608 STIM_END_RESP_START
119 0 1 7 0972243648 RESP_END
120 1 3 1 0973961232 STIM_START
120 1 3 1 0977236596 STIM_END_RESP_START
120 1 3 1 0977492048 LICK
120 1 3 1 0977492536 REWARD_START
120 1 3 1 0977671116 LICK
120 1 3 1 0977855196 LICK
120 1 3 1 0978037784 LICK
120 1 3 1 0978222280 LICK
120 1 3 1 0978436620 RESP_END
120 1 3 1 0977505560 REWARD_END
121 0 5 1 0980167192 STIM_START
121 0 5 1 0984192652 STIM_END_RESP_START
121 0 5 1 0984451124 LICK
121 0 5 1 0984451608 TIMEOUT_START
121 0 5 1 0984693384 LICK
121 0 5 1 0984693872 TIMEOUT_START
121 0 5 1 0985392688 RESP_END
121 0 5 1 0991694356 TIMEOUT_END
122 1 4 9 0993411368 STIM_START
122 1 4 9 0996936808 STIM_END_RESP_START
122 1 4 9 0997144172 LICK
122 1 4 9 0997144664 REWARD_START
122 1 4 9 0997278760 LICK
122 1 4 9 0997455184 LICK
122 1 4 9 0997625116 LICK
122 1 4 9 0997789100 LICK
122 1 4 9 0998136828 RESP_END
122 1 4 9 0997157680 REWARD_END
123 0 4 2 0999953444 STIM_START
123 0 4 2 1003478876 STIM_END_RESP_START
123 0 4 2 1004678892 RESP_END
124 2 5 6 1007159596 STIM_START
124 2 5 6 1011185072 STIM_END_RESP_START
124 2 5 6 1011279012 LICK
124 2 5 6 1011279544 REWARD_START
124 2 5 6 1011438528 LICK
124 2 5 6 1011642204 LICK
124 2 5 6 1011842664 LICK
124 2 5 6 1011986912 LICK
124 2 5 6 1012385112 RESP_END
124 2 5 6 1011292620 REWARD_END
125 0 5 7 1014127736 STIM_START
125 0 5 7 1018153212 STIM_END_RESP_START
125 0 5 7 1019035696 LICK
125 0 5 7 1019036232 TIMEOUT_START
125 0 5 7 1019263360 LICK
125 0 5 7 1019263892 TIMEOUT_START
125 0 5 7 1019353248 RESP_END
125 0 5 7 1026264440 TIMEOUT_END
126 0 3 5 1027982020 STIM_START
126 0 3 5 1031257404 STIM_END_RESP_START
126 0 3 5 1032457420 RESP_END
127 1 1 9 1034160028 STIM_START
127 1 1 9 1037235412 STIM_END_RESP_START
127 1 1 9 1037686764 LICK
127 1 1 9 1037687304 REWARD_START
127 1 1 9 1037869968 LICK
127 1 1 9 1038198264 LICK
127 1 1 9 1038435460 RESP_END
127 1 1 9 1037700380 REWARD_END
128 2 1 2 1041354160 STIM_START
128 2 1 2 1044429540 STIM_END_RESP_START
128 2 1 2 1045629556 RESP_END
129 0 5 4 1049073460 STIM_START
129 0 5 4 1052899560 LICK
129 0 5 4 1053044856 LICK
129 0 5 4 1053098948 STIM_END_RESP_START
129 0 5 4 1053111684 LICK
129 0 5 4 1053112216 TIMEOUT_START
129 0 5 4 1053990760 LICK
129 0 5 4 1053991296 TIMEOUT_START
129 0 5 4 1054298964 RESP_END
129 0 5 4 1060991832 TIMEOUT_END
130 0 1 9 1062694708 STIM_START
130 0 1 9 1065770092 STIM_END_RESP_START
130 0 1 9 1066970144 RESP_END
131 1 3 4 1068690672 STIM_START
131 1 3 4 1071966048 STIM_END_RESP_START
131 1 3 4 1072379852 LICK
131 1 3 4 1072380388 REWARD_START
131 1 3 4 1072554072 LICK
131 1 3 4 1072739640 LICK
131 1 3 4 1072977716 LICK
131 1 3 4 1073146356 LICK
131 1 3 4 1073166096 RESP_END
131 1 3 4 1072393468 REWARD_END
132 0 4 5 1075566748 STIM_START
132 0 4 5 1079092164 STIM_END_RESP_START
132 0 4 5 1080292176 RESP_END
133 1 2 7 1081998824 STIM_START
133 1 2 7 1085124192 STIM_END_RESP_START
133 1 2 7 1085325908 LICK
133 1 2 7 1085326448 REWARD_START
133 1 2 7 1085461828 LICK
133 1 2 7 1085654340 LICK
133 1 2 7 1085837000 LICK
133 1 2 7 1086016308 LICK
133 1 2 7 1086209364 LICK
133 1 2 7 1086324212 RESP_END
133 1 2 7 1085339516 REWARD_END
134 0 1 5 1088865936 STIM_START
134 0 1 5 1091941312 STIM_END_RESP_START
134 0 1 5 1093141328 RESP_END
135 2 1 10 1094849872 STIM_START
135 2 1 10 1097925252 STIM_END_RESP_START
135 2 1 10 1099125304 RESP_END
136 2 2 2 1100837916 STIM_START
136 2 2 2 1103963288 STIM_END_RESP_START
136 2 2 2 1105163300 RESP_END
137 1 3 2 1106885864 STIM_START
137 1 3 2 1110161280 STIM_END_RESP_START
137 1 3 2 1110538336 LICK
137 1 3 2 1110538868 REWARD_START
137 1 3 2 1110799684 LICK
137 1 3 2 1110954832 LICK
137 1 3 2 1111361328 RESP_END
137 1 3 2 1110551944 REWARD_END
138 0 5 4 1114939156 STIM_START
138 0 5 4 1118535528 LICK
138 0 5 4 1118719204 LICK
138 0 5 4 1118922560 LICK
138 0 5 4 1118964632 STIM_END_RESP_START
138 0 5 4 1119615032 LICK
138 0 5 4 1119615568 TIMEOUT_START
138 0 5 4 1120164652 RESP_END
138 0 5 4 1126616112 TIMEOUT_END
139 0 1 10 1128328316 STIM_START
139 0 1 10 1131403692 STIM_END_RESP_START
139 0 1 10 1132603708 RESP_END
140 0 2 8 1134314340 STIM_START
140 0 2 8 1137439712 STIM_END_RESP_START
140 0 2 8 1138639728 RESP_END
141 1 3 5 1140352324 STIM_START
141 1 3 5 1143627700 STIM_END_RESP_START
141 1 3 5 1144037316 LICK
141 1 3 5 1144037856 REWARD_START
141 1 3 5 1144249044 LICK
141 1 3 5 1144429888 LICK
141 1 3 5 1144586992 LICK
141 1 3 5 1144827724 RESP_END
141 1 3 5 1144050932 REWARD_END
142 0 3 10 1146693348 STIM_START
142 0 3 10 1149968736 STIM_END_RESP_START
142 0 3 10 1151168748 RESP_END
143 1 2 10 1152883364 STIM_START
143 1 2 10 1156008736 STIM_END_RESP_START
143 1 2 10 1156466668 LICK
143 1 2 10 1156467208 REWARD_START
143 1 2 10 1156663892 LICK
143 1 2 10 1156878284 LICK
143 1 2 10 1157123268 LICK
143 1 2 10 1157208780 RESP_END
143 1 2 10 1156480284 REWARD_END
144 0 4 8 1159052320 STIM_START
144 0 4 8 1162577728 STIM_END_RESP_START
144 0 4 8 1163777744 RESP_END
145 1 4 6 1165507376 STIM_START
145 1 4 6 1169032788 STIM_END_RESP_START
145 1 4 6 1169482876 LICK
145 1 4 6 1169483408 REWARD_START
145 1 4 6 1169691936 LICK
145 1 4 6 1169923788 LICK
145 1 4 6 1170135364 LICK
145 1 4 6 1170232836 RESP_END
145 1 4 6 1169496488 REWARD_END
146 2 1 7 1172018472 STIM_START
146 2 1 7 1175093852 STIM_END_RESP_START
146 2 1 7 1175358720 LICK
146 2 1 7 1175359252 REWARD_START
146 2 1 7 1175520896 LICK
146 2 1 7 1175697648 LICK
146 2 1 7 1175881380 LICK
146 2 1 7 1176262244 LICK
146 2 1 7 1176293892 RESP_END
146 2 1 7 1175372332 REWARD_END
147 2 5 2 1178239492 STIM_START
147 2 5 2 1182264972 STIM_END_RESP_START
147 2 5 2 1183464988 RESP_END
148 0 1 2 1185170580 STIM_START
148 0 1 2 1188245956 STIM_END_RESP_START
148 0 1 2 1189445972 RESP_END
149 1 5 6 1191190568 STIM_START
149 1 5 6 1195216044 STIM_END_RESP_START
149 1 5 6 1195624480 LICK
149 1 5 6 1195625012 REWARD_START
149 1 5 6 1195764172 LICK
149 1 5 6 1195951144 LICK
149 1 5 6 1196138448 LICK
149 1 5 6 1196319496 LICK
149 1 5 6 1196416068 RESP_END
149 1 5 6 1195638088 REWARD_END
150 2 1 7 1198125712 STIM_START
150 2 1 7 1201201088 STIM_END_RESP_START
150 2 1 7 1201645884 LICK
150 2 1 7 1201646416 REWARD_START
150 2 1 7 1201841620 LICK
150 2 1 7 1202033340 LICK
150 2 1 7 1202287504 LICK
150 2 1 7 1202401104 RESP_END
150 2 1 7 1201659492 REWARD_END
151 0 3 4 1204920844 STIM_START
151 0 3 4 1208196228 STIM_END_RESP_START
151 0 3 4 1209396284 RESP_END
152 1 1 10 1211103796 STIM_START
152 1 1 10 1214179180 STIM_END_RESP_START
152 1 1 10 1214545128 LICK
152 1 1 10 1214545660 REWARD_START
152 1 1 10 1214786792 LICK
152 1 1 10 1214981640 LICK
152 1 1 10 1215195364 LICK
152 1 1 10 1215379220 RESP_END
152 1 1 10 1214558740 REWARD_END
153 0 4 9 1217101812 STIM_START
153 0 4 9 1220627228 STIM_END_RESP_START
153 0 4 9 1221827240 RESP_END
154 2 1 4 1223530860 STIM_START
154 2 1 4 1226606240 STIM_END_RESP_START
154 2 1 4 1227806260 RESP_END
155 1 3 5 1229525836 STIM_START
155 1 3 5 1232801220 STIM_END_RESP_START
155 1 3 5 1233170732 LICK
155 1 3 5 1233171264 REWARD_START
155 1 3 5 1233422440 LICK
155 1 3 5 1233634476 LICK
155 1 3 5 1233824260 LICK
155 1 3 5 1234001268 RESP_END
155 1 3 5 1233184340 REWARD_END
156 2 3 2 1236183924 STIM_START
156 2 3 2 1239459308 STIM_END_RESP_START
156 2 3 2 1239750672 LICK
156 2 3 2 1239751204 REWARD_START
156 2 3 2 1239872040 LICK
156 2 3 2 1240058440 LICK
156 2 3 2 1240255512 LICK
156 2 3 2 1240496984 LICK
156 2 3 2 1240659328 RESP_END
156 2 3 2 1239764284 REWARD_END
157 0 2 3 1243376096 STIM_START
157 0 2 3 1246501468 STIM_END_RESP_START
157 0 2 3 1247701480 RESP_END
158 0 2 6 1249413112 STIM_START
158 0 2 6 1252538488 STIM_END_RESP_START
158 0 2 6 1253306560 LICK
158 0 2 6 1253307092 TIMEOUT_START
158 0 2 6 1253738540 RESP_END
158 0 2 6 1260307640 TIMEOUT_END
159 0 4 3 1262024140 STIM_START
159 0 4 3 1265549552 STIM_END_RESP_START
159 0 4 3 1266749568 RESP_END
160 2 5 3 1268498212 STIM_START
160 2 5 3 1272523688 STIM_END_RESP_START
160 2 5 3 1272892260 LICK
160 2 5 3 1272892796 REWARD_START
160 2 5 3 1273073900 LICK
160 2 5 3 1273264224 LICK
160 2 5 3 1273608812 LICK
160 2 5 3 1273723712 RESP_END
160 2 5 3 1272905860 REWARD_END
161 1 2 8 1277110592 STIM_START
161 1 2 8 1280235968 STIM_END_RESP_START
161 1 2 8 1280444480 LICK
161 1 2 8 1280445008 REWARD_START
161 1 2 8 1280590312 LICK
161 1 2 8 1280806992 LICK
161 1 2 8 1281293556 LICK
161 1 2 8 1281435988 RESP_END
161 1 2 8 1280458084 REWARD_END
162 1 1 6 1283401616 STIM_START
162 1 1 6 1286477000 STIM_END_RESP_START
162 1 1 6 1286737452 LICK
162 1 1 6 1286737988 REWARD_START
162 1 1 6 1286902856 LICK
162 1 1 6 1287087212 LICK
162 1 1 6 1287301244 LICK
162 1 1 6 1287677008 RESP_END
162 1 1 6 1286751056 REWARD_END
163 0 5 10 1290184672 STIM_START
163 0 5 10 1290687160 LICK
163 0 5 10 1294210132 STIM_END_RESP_START
163 0 5 10 1294696884 LICK
163 0 5 10 1294697416 TIMEOUT_START
163 0 5 10 1294931964 LICK
163 0 5 10 1294932500 TIMEOUT_START
163 0 5 10 1295079472 LICK
163 0 5 10 1295080004 TIMEOUT_START
163 0 5 10 1295410180 RESP_END
163 0 5 10 1302080544 TIMEOUT_END
164 0 2 9 1303778932 STIM_START
164 0 2 9 1306904300 STIM_END_RESP_START
164 0 2 9 1308104316 RESP_END
165 0 1 6 1309809912 STIM_START
165 0 1 6 1312885292 STIM_END_RESP_START
165 0 1 6 1314085308 RESP_END
166 1 2 5 1315794836 STIM_START
166 1 2 5 1318920216 STIM_END_RESP_START
166 1 2 5 1319109232 LICK
166 1 2 5 1319109768 REWARD_START
166 1 2 5 1319293780 LICK
166 1 2 5 1319500168 LICK
166 1 2 5 1319845852 LICK
166 1 2 5 1320120260 RESP_END
166 1 2 5 1319122840 REWARD_END
167 2 1 2 1321974888 STIM_START
167 2 1 2 1325050268 STIM_END_RESP_START
167 2 1 2 1325287712 LICK
167 2 1 2 1325288244 REWARD_START
167 2 1 2 1325440004 LICK
167 2 1 2 1325630720 LICK
167 2 1 2 1325797484 LICK
167 2 1 2 1325988100 LICK
167 2 1 2 1326250284 RESP_END
167 2 1 2 1325301320 REWARD_END
168 1 1 5 1328781048 STIM_START
168 1 1 5 1331856432 STIM_END_RESP_START
168 1 1 5 1332073820 LICK
168 1 1 5 1332074348 REWARD_START
168 1 1 5 1332188844 LICK
168 1 1 5 1332379656 LICK
168 1 1 5 1332554440 LICK
168 1 1 5 1332741580 LICK
168 1 1 5 1333056484 RESP_END
168 1 1 5 1332087424 REWARD_END
169 0 3 6 1335476040 STIM_START
169 0 3 6 1338751424 STIM_END_RESP_START
169 0 3 6 1339738216 LICK
169 0 3 6 1339738748 TIMEOUT_START
169 0 3 6 1339876516 LICK
169 0 3 6 1339877048 TIMEOUT_START
169 0 3 6 1339951460 RESP_END
169 0 3 6 1346877592 TIMEOUT_END
170 1 4 7 1348608192 STIM_START
170 1 4 7 1352133604 STIM_END_RESP_START
170 1 4 7 1352493480 LICK
170 1 4 7 1352494012 REWARD_START
170 1 4 7 1352706672 LICK
170 1 4 7 1352918604 LICK
170 1 4 7 1353064644 LICK
170 1 4 7 1353245348 LICK
170 1 4 7 1353333636 RESP_END
170 1 4 7 1352507088 REWARD_END
171 0 1 7 1355035264 STIM_START
171 0 1 7 1358110644 STIM_END_RESP_START
171 0 1 7 1359310660 RESP_END
172 1 2 1 1361027204 STIM_START
172 1 2 1 1364152576 STIM_END_RESP_START
172 1 2 1 1364516768 LICK
172 1 2 1 1364517304 REWARD_START
172 1 2 1 1364705616 LICK
172 1 2 1 1364904188 LICK
172 1 2 1 1365087440 LICK
172 1 2 1 1365263948 LICK
172 1 2 1 1365352616 RESP_END
172 1 2 1 1364530380 REWARD_END
173 0 4 6 1369051552 STIM_START
173 0 4 6 1372576964 STIM_END_RESP_START
173 0 4 6 1373776980 RESP_END
174 0 5 5 1375518596 STIM_START
174 0 5 5 1379544080 STIM_END_RESP_START
174 0 5 5 1380744084 RESP_END
175 2 5 8 1382493748 STIM_START
175 2 5 8 1386430392 LICK
175 2 5 8 1386519208 STIM_END_RESP_START
175 2 5 8 1386693784 LICK
175 2 5 8 1386694316 REWARD_START
175 2 5 8 1386843336 LICK
175 2 5 8 1387038380 LICK
175 2 5 8 1387234428 LICK
175 2 5 8 1387403548 LICK
175 2 5 8 1387572780 LICK
175 2 5 8 1387719244 RESP_END
175 2 5 8 1386707396 REWARD_END
176 1 2 6 1389429860 STIM_START
176 1 2 6 1392555232 STIM_END_RESP_START
176 1 2 6 1392787496 LICK
176 1 2 6 1392788028 REWARD_START
176 1 2 6 1392925088 LICK
176 1 2 6 1393103848 LICK
176 1 2 6 1393280872 LICK
176 1 2 6 1393474600 LICK
176 1 2 6 1393755240 RESP_END
176 1 2 6 1392801104 REWARD_END
177 0 4 2 1396182964 STIM_START
177 0 4 2 1399708376 STIM_END_RESP_START
177 0 4 2 1400908392 RESP_END
178 0 3 8 1402622992 STIM_START
178 0 3 8 1404379156 LICK
178 0 3 8 1404589928 LICK
178 0 3 8 1404760300 LICK
178 0 3 8 1405709556 LICK
178 0 3 8 1405898388 STIM_END_RESP_START
178 0 3 8 1406304212 LICK
178 0 3 8 1406304752 TIMEOUT_START
178 0 3 8 1407098400 RESP_END
178 0 3 8 1413305296 TIMEOUT_END
179 0 2 1 1415004020 STIM_START
179 0 2 1 1418129392 STIM_END_RESP_START
179 0 2 1 1419329408 RESP_END
180 1 2 2 1421046016 STIM_START
180 1 2 2 1424171384 STIM_END_RESP_START
180 1 2 2 1424592944 LICK
180 1 2 2 1424593476 REWARD_START
180 1 2 2 1424774652 LICK
180 1 2 2 1424970016 LICK
180 1 2 2 1425145112 LICK
180 1 2 2 1425371396 RESP_END
180 1 2 2 1424606556 REWARD_END
181 1 3 5 1427971128 STIM_START
181 1 3 5 1431246544 STIM_END_RESP_START
181 1 3 5 1431474968 LICK
181 1 3 5 1431475508 REWARD_START
181 1 3 5 1431623200 LICK
181 1 3 5 1431848308 LICK
181 1 3 5 1432045616 LICK
181 1 3 5 1432205396 LICK
181 1 3 5 1432446588 RESP_END
181 1 3 5 1431488568 REWARD_END
182 0 5 5 1435149320 STIM_START
182 0 5 5 1439174792 STIM_END_RESP_START
182 0 5 5 1439408780 LICK
182 0 5 5 1439409316 TIMEOUT_START
182 0 5 5 1439564180 LICK
182 0 5 5 1439564712 TIMEOUT_START
182 0 5 5 1440293808 LICK
182 0 5 5 1440294348 TIMEOUT_START
182 0 5 5 1440374840 RESP_END
182 0 5 5 1447294884 TIMEOUT_END
183 1 5 6 1449035536 STIM_START
183 1 5 6 1453061008 STIM_END_RESP_START
183 1 5 6 1453272284 LICK
183 1 5 6 1453272816 REWARD_START
183 1 5 6 1453428840 LICK
183 1 5 6 1453625248 LICK
183 1 5 6 1453841432 LICK
183 1 5 6 1454009064 LICK
183 1 5 6 1454219876 LICK
183 1 5 6 1454261020 RESP_END
183 1 5 6 1453285892 REWARD_END
184 1 5 7 1456014680 STIM_START
184 1 5 7 1460040152 STIM_END_RESP_START
184 1 5 7 1460240476 LICK
184 1 5 7 1460241004 REWARD_START
184 1 5 7 1460393244 LICK
184 1 5 7 1460592632 LICK
184 1 5 7 1460776488 LICK
184 1 5 7 1460950060 LICK
184 1 5 7 1461240196 RESP_END
184 1 5 7 1460254080 REWARD_END
185 0 4 3 1463618976 STIM_START
185 0 4 3 1467144388 STIM_END_RESP_START
185 0 4 3 1468344404 RESP_END
186 0 4 3 1470062988 STIM_START
186 0 4 3 1473588404 STIM_END_RESP_START
186 0 4 3 1474788420 RESP_END
187 0 1 7 1476486032 STIM_START
187 0 1 7 1479561416 STIM_END_RESP_START
187 0 1 7 1480761432 RESP_END
188 2 2 3 1482474000 STIM_START
188 2 2 3 1485599368 STIM_END_RESP_START
188 2 2 3 1485995232 LICK
188 2 2 3 1485995768 REWARD_START
188 2 2 3 1486202548 LICK
188 2 2 3 1486412620 LICK
188 2 2 3 1486563524 LICK
188 2 2 3 1486770468 LICK
188 2 2 3 1486799400 RESP_END
188 2 2 3 1486008844 REWARD_END
189 1 2 9 1488707024 STIM_START
189 1 2 9 1489153892 LICK
189 1 2 9 1491832396 STIM_END_RESP_START
189 1 2 9 1492167804 LICK
189 1 2 9 1492168336 REWARD_START
189 1 2 9 1492385528 LICK
189 1 2 9 1492572644 LICK
189 1 2 9 1492730024 LICK
189 1 2 9 1493032416 RESP_END
189 1 2 9 1492181412 REWARD_END
190 0 4 8 1494748980 STIM_START
190 0 4 8 1498274396 STIM_END_RESP_START
190 0 4 8 1499474408 RESP_END
191 0 4 1 1501192008 STIM_START
191 0 4 1 1504717420 STIM_END_RESP_START
191 0 4 1 1505195044 LICK
191 0 4 1 1505195580 TIMEOUT_START
191 0 4 1 1505917432 RESP_END
191 0 4 1 1512196128 TIMEOUT_END
192 1 5 4 1513941124 STIM_START
192 1 5 4 1517966596 STIM_END_RESP_START
192 1 5 4 1518335904 LICK
192 1 5 4 1518336444 REWARD_START
192 1 5 4 1518534072 LICK
192 1 5 4 1518711168 LICK
192 1 5 4 1518968580 LICK
192 1 5 4 1519134568 LICK
192 1 5 4 1519166616 RESP_END
192 1 5 4 1518349520 REWARD_END
193 0 3 1 1520877216 STIM_START
193 0 3 1 1524152604 STIM_END_RESP_START
193 0 3 1 1525352620 RESP_END
194 0 3 5 1527069260 STIM_START
194 0 3 5 1530344648 STIM_END_RESP_START
194 0 3 5 1531544664 RESP_END
195 1 2 8 1533254244 STIM_START
195 1 2 8 1536379616 STIM_END_RESP_START
195 1 2 8 1536749664 LICK
195 1 2 8 1536750196 REWARD_START
195 1 2 8 1536961840 LICK
195 1 2 8 1537151720 LICK
195 1 2 8 1537369272 LICK
195 1 2 8 1537579652 RESP_END
195 1 2 8 1536763272 REWARD_END
196 0 3 8 1540312372 STIM_START
196 0 3 8 1543587752 STIM_END_RESP_START
196 0 3 8 1544127412 LICK
196 0 3 8 1544127948 TIMEOUT_START
196 0 3 8 1544302868 LICK
196 0 3 8 1544303400 TIMEOUT_START
196 0 3 8 1544787796 RESP_END
196 0 3 8 1551303948 TIMEOUT_END
197 2 1 1 1553010484 STIM_START
197 2 1 1 1556085872 STIM_END_RESP_START
197 2 1 1 1557285928 RESP_END
198 0 3 8 1559000488 STIM_START
198 0 3 8 1562275872 STIM_END_RESP_START
198 0 3 8 1563475920 RESP_END
199 1 2 2 1565186428 STIM_START
199 1 2 2 1568311796 STIM_END_RESP_START
199 1 2 2 1568695956 LICK
199 1 2 2 1568696496 REWARD_START
199 1 2 2 1568746992 LICK
199 1 2 2 1568921872 LICK
199 1 2 2 1569107000 LICK
199 1 2 2 1569254540 LICK
199 1 2 2 1569415352 LICK
199 1 2 2 1569511812 RESP_END
199 1 2 2 1568709568 REWARD_END
200 2 1 7 1571221576 STIM_START
200 2 1 7 1574296960 STIM_END_RESP_START
200 2 1 7 1574576156 LICK
200 2 1 7 1574576688 REWARD_START
200 2 1 7 1574712368 LICK
200 2 1 7 1574944112 LICK
200 2 1 7 1575112980 LICK
200 2 1 7 1575336276 LICK
200 2 1 7 1575496972 RESP_END
200 2 1 7 1574589764 REWARD_END
201 0 2 8 1578231556 STIM_START
201 0 2 8 1581356924 STIM_END_RESP_START
201 0 2 8 1582556940 RESP_END
202 0 2 10 1584257528 STIM_START
202 0 2 10 1587382900 STIM_END_RESP_START
202 0 2 10 1587599972 LICK
202 0 2 10 1587600512 TIMEOUT_START
202 0 2 10 1587815608 LICK
202 0 2 10 1587816140 TIMEOUT_START
202 0 2 10 1588000480 LICK
202 0 2 10 1588001020 TIMEOUT_START
202 0 2 10 1588047616 LICK
202 0 2 10 1588048152 TIMEOUT_START
202 0 2 10 1588582932 RESP_END
202 0 2 10 1595048688 TIMEOUT_END
203 2 1 8 1596750608 STIM_START
203 2 1 8 1599825956 STIM_END_RESP_START
203 2 1 8 1601026004 RESP_END
204 1 1 3 1602733532 STIM_START
204 1 1 3 1605808912 STIM_END_RESP_START
204 1 1 3 1606075764 LICK
204 1 1 3 1606076296 REWARD_START
204 1 1 3 1606264604 LICK
204 1 1 3 1606449504 LICK
204 1 1 3 1606663840 LICK
204 1 1 3 1606821256 LICK
204 1 1 3 1607008956 RESP_END
204 1 1 3 1606089372 REWARD_END
205 1 4 6 1610977916 STIM_START
205 1 4 6 1614503328 STIM_END_RESP_START
205 1 4 6 1614747128 LICK
205 1 4 6 1614747664 REWARD_START
205 1 4 6 1614867984 LICK
205 1 4 6 1615074820 LICK
205 1 4 6 1615241912 LICK
205 1 4 6 1615440732 LICK
205 1 4 6 1615703368 RESP_END
205 1 4 6 1614760736 REWARD_END
206 0 3 6 1617425924 STIM_START
206 0 3 6 1620701312 STIM_END_RESP_START
206 0 3 6 1621901328 RESP_END
207 0 4 7 1623624004 STIM_START
207 0 4 7 1627149416 STIM_END_RESP_START
207 0 4 7 1628349472 RESP_END
208 0 4 7 1630074048 STIM_START
208 0 4 7 1633599460 STIM_END_RESP_START
208 0 4 7 1634799476 RESP_END
209 2 2 10 1636511028 STIM_START
209 2 2 10 1639636400 STIM_END_RESP_START
209 2 2 10 1640826252 LICK
209 2 2 10 1640826780 REWARD_START
209 2 2 10 1640839892 RESP_END
209 2 2 10 1640839860 REWARD_END
210 1 1 3 1643479204 STIM_START
210 1 1 3 1646554592 STIM_END_RESP_START
210 1 1 3 1646773500 LICK
210 1 1 3 1646774032 REWARD_START
210 1 1 3 1646916480 LICK
210 1 1 3 1647118948 LICK
210 1 1 3 1647308104 LICK
210 1 1 3 1647754608 RESP_END
210 1 1 3 1646787108 REWARD_END
211 0 3 7 1650013260 STIM_START
211 0 3 7 1653288640 STIM_END_RESP_START
211 0 3 7 1654488652 RESP_END
212 0 4 5 1656211292 STIM_START
212 0 4 5 1659736704 STIM_END_RESP_START
212 0 4 5 1660936720 RESP_END
213 1 2 8 1662644320 STIM_START
213 1 2 8 1665769692 STIM_END_RESP_START
213 1 2 8 1666238576 LICK
213 1 2 8 1666239112 REWARD_START
213 1 2 8 1666472344 LICK
213 1 2 8 1666688224 LICK
213 1 2 8 1666877752 LICK
213 1 2 8 1666969720 RESP_END
213 1 2 8 1666252192 REWARD_END
214 0 3 7 1668677304 STIM_START
214 0 3 7 1671952688 STIM_END_RESP_START
214 0 3 7 1673152704 RESP_END
215 0 5 9 1674889320 STIM_START
215 0 5 9 1678914792 STIM_END_RESP_START
215 0 5 9 1680114808 RESP_END
216 0 4 3 1681839404 STIM_START
216 0 4 3 1685364812 STIM_END_RESP_START
216 0 4 3 1686564860 RESP_END
217 1 3 6 1688280460 STIM_START
217 1 3 6 1691555836 STIM_END_RESP_START
217 1 3 6 1691963704 LICK
217 1 3 6 1691964236 REWARD_START
217 1 3 6 1692187420 LICK
217 1 3 6 1692370496 LICK
217 1 3 6 1692548720 LICK
217 1 3 6 1692755848 RESP_END
217 1 3 6 1691977312 REWARD_END
218 0 2 9 1694545516 STIM_START
218 0 2 9 1697670884 STIM_END_RESP_START
218 0 2 9 1698870900 RESP_END
219 1 1 4 1700584456 STIM_START
219 1 1 4 1703659836 STIM_END_RESP_START
219 1 1 4 1704113296 LICK
219 1 1 4 1704113824 REWARD_START
219 1 1 4 1704265816 LICK
219 1 1 4 1704461836 LICK
219 1 1 4 1704663608 LICK
219 1 1 4 1704836492 LICK
219 1 1 4 1704859860 RESP_END
219 1 1 4 1704126900 REWARD_END
220 0 4 10 1706580468 STIM_START
220 0 4 10 1710105880 STIM_END_RESP_START
220 0 4 10 1711305896 RESP_END
221 0 4 5 1713029548 STIM_START
221 0 4 5 1716554964 STIM_END_RESP_START
221 0 4 5 1717754980 RESP_END
222 0 4 6 1719478528 STIM_START
222 0 4 6 1723003944 STIM_END_RESP_START
222 0 4 6 1724203992 RESP_END
223 1 4 6 1725932664 STIM_START
223 1 4 6 1729458072 STIM_END_RESP_START
223 1 4 6 1729951080 LICK
223 1 4 6 1729951612 REWARD_START
223 1 4 6 1730151252 LICK
223 1 4 6 1730327444 LICK
223 1 4 6 1730535504 LICK
223 1 4 6 1730658084 RESP_END
223 1 4 6 1729964692 REWARD_END
224 0 2 10 1732426648 STIM_START
224 0 2 10 1735552024 STIM_END_RESP_START
224 0 2 10 1736752072 RESP_END
225 1 1 2 1738461612 STIM_START
225 1 1 2 1741536992 STIM_END_RESP_START
225 1 1 2 1741946580 LICK
225 1 1 2 1741947116 REWARD_START
225 1 1 2 1742155532 LICK
225 1 1 2 1742320820 LICK
225 1 1 2 1742497288 LICK
225 1 1 2 1742670612 LICK
225 1 1 2 1742737032 RESP_END
225 1 1 2 1741960188 REWARD_END
226 0 3 1 1745487752 STIM_START
226 0 3 1 1748763136 STIM_END_RESP_START
226 0 3 1 1749963152 RESP_END
227 2 2 5 1751672792 STIM_START
227 2 2 5 1754798172 STIM_END_RESP_START
227 2 2 5 1755412780 LICK
227 2 2 5 1755413312 REWARD_START
227 2 2 5 1755593164 LICK
227 2 2 5 1755796460 LICK
227 2 2 5 1755962512 LICK
227 2 2 5 1755998196 RESP_END
227 2 2 5 1755426392 REWARD_END
228 0 4 8 1758477908 STIM_START
228 0 4 8 1762003332 STIM_END_RESP_START
228 0 4 8 1763203344 RESP_END
229 1 5 8 1764949968 STIM_START
229 1 5 8 1768975448 STIM_END_RESP_START
229 1 5 8 1769442140 LICK
229 1 5 8 1769442680 REWARD_START
229 1 5 8 1769687108 LICK
229 1 5 8 1769841652 LICK
229 1 5 8 1770049736 LICK
229 1 5 8 1770175476 RESP_END
229 1 5 8 1769455756 REWARD_END
230 2 1 10 1771871092 STIM_START
230 2 1 10 1774946476 STIM_END_RESP_START
230 2 1 10 1775735176 LICK
230 2 1 10 1775735708 REWARD_START
230 2 1 10 1775923236 LICK
230 2 1 10 1776091236 LICK
230 2 1 10 1776146488 RESP_END
230 2 1 10 1775748788 REWARD_END
231 1 4 2 1778235092 STIM_START
231 1 4 2 1781760508 STIM_END_RESP_START
231 1 4 2 1781954180 LICK
231 1 4 2 1781954720 REWARD_START
231 1 4 2 1782129340 LICK
231 1 4 2 1782312164 LICK
231 1 4 2 1782506076 LICK
231 1 4 2 1782692844 LICK
231 1 4 2 1782960516 RESP_END
231 1 4 2 1781967788 REWARD_END
232 0 3 1 1784673196 STIM_START
232 0 3 1 1787948584 STIM_END_RESP_START
232 0 3 1 1788539488 LICK
232 0 3 1 1788540028 TIMEOUT_START
232 0 3 1 1788766900 LICK
232 0 3 1 1788767440 TIMEOUT_START
232 0 3 1 1788993700 LICK
232 0 3 1 1788994232 TIMEOUT_START
232 0 3 1 1789148596 RESP_END
232 0 3 1 1795994780 TIMEOUT_END
233 0 5 6 1797733300 STIM_START
233 0 5 6 1801758780 STIM_END_RESP_START
233 0 5 6 1802958828 RESP_END
234 2 2 5 1804662424 STIM_START
234 2 2 5 1807787796 STIM_END_RESP_START
234 2 2 5 1808987812 RESP_END
235 1 4 7 1813275828 STIM_START
235 1 4 7 1816801236 STIM_END_RESP_START
235 1 4 7 1817180376 LICK
235 1 4 7 1817180908 REWARD_START
235 1 4 7 1817352344 LICK
235 1 4 7 1817543356 LICK
235 1 4 7 1817718836 LICK
235 1 4 7 1817890528 LICK
235 1 4 7 1818001264 RESP_END
235 1 4 7 1817193988 REWARD_END
236 1 2 6 1819709852 STIM_START
236 1 2 6 1822835224 STIM_END_RESP_START
236 1 2 6 1823002620 LICK
236 1 2 6 1823003156 REWARD_START
236 1 2 6 1823162208 LICK
236 1 2 6 1823342840 LICK
236 1 2 6 1823533656 LICK
236 1 2 6 1823712768 LICK
236 1 2 6 1824035260 RESP_END
236 1 2 6 1823016236 REWARD_END
237 0 3 2 1825746856 STIM_START
237 0 3 2 1828715324 LICK
237 0 3 2 1828937488 LICK
237 0 3 2 1829022240 STIM_END_RESP_START
237 0 3 2 1829129448 LICK
237 0 3 2 1829129980 TIMEOUT_START
237 0 3 2 1829317920 LICK
237 0 3 2 1829318452 TIMEOUT_START
237 0 3 2 1830222280 RESP_END
237 0 3 2 1836318996 TIMEOUT_END
238 0 1 3 1838027816 STIM_START
238 0 1 3 1841103200 STIM_END_RESP_START
238 0 1 3 1842303216 RESP_END
239 0 2 8 1844014784 STIM_START
239 0 2 8 1847140152 STIM_END_RESP_START
239 0 2 8 1848340168 RESP_END
240 1 4 5 1850058824 STIM_START
240 1 4 5 1853584232 STIM_END_RESP_START
240 1 4 5 1853812216 LICK
240 1 4 5 1853812752 REWARD_START
240 1 4 5 1854044172 LICK
240 1 4 5 1854368560 LICK
240 1 4 5 1854784252 RESP_END
240 1 4 5 1853825824 REWARD_END
241 1 4 4 1856967928 STIM_START
241 1 4 4 1860493344 STIM_END_RESP_START
241 1 4 4 1860781496 LICK
241 1 4 4 1860782028 REWARD_START
241 1 4 4 1860926496 LICK
241 1 4 4 1861118268 LICK
241 1 4 4 1861693380 RESP_END
241 1 4 4 1860795108 REWARD_END
242 1 4 4 1864091080 STIM_START
242 1 4 4 1867616492 STIM_END_RESP_START
242 1 4 4 1867773380 LICK
242 1 4 4 1867773916 REWARD_START
242 1 4 4 1867921252 LICK
242 1 4 4 1868096908 LICK
242 1 4 4 1868301284 LICK
242 1 4 4 1868816512 RESP_END
242 1 4 4 1867786996 REWARD_END
243 0 3 8 1871002216 STIM_START
243 0 3 8 1874277604 STIM_END_RESP_START
243 0 3 8 1875477620 RESP_END
244 1 2 1 1877744268 STIM_START
244 1 2 1 1880869640 STIM_END_RESP_START
244 1 2 1 1881233072 LICK
244 1 2 1 1881233612 REWARD_START
244 1 2 1 1881467328 LICK
244 1 2 1 1881646128 LICK
244 1 2 1 1881817012 LICK
244 1 2 1 1882069660 RESP_END
244 1 2 1 1881246684 REWARD_END
245 0 2 5 1884478428 STIM_START
245 0 2 5 1887603808 STIM_END_RESP_START
245 0 2 5 1888803860 RESP_END
246 0 5 2 1890535368 STIM_START
246 0 5 2 1894560848 STIM_END_RESP_START
246 0 5 2 1895760896 RESP_END
247 1 5 5 1897504532 STIM_START
247 1 5 5 1901530004 STIM_END_RESP_START
247 1 5 5 1901911404 LICK
247 1 5 5 1901911936 REWARD_START
247 1 5 5 1902118652 LICK
247 1 5 5 1902281236 LICK
247 1 5 5 1902485428 LICK
247 1 5 5 1902640708 LICK
247 1 5 5 1902730036 RESP_END
247 1 5 5 1901925016 REWARD_END
248 2 4 4 1904461636 STIM_START
248 2 4 4 1907987052 STIM_END_RESP_START
248 2 4 4 1908158484 LICK
248 2 4 4 1908159020 REWARD_START
248 2 4 4 1908312268 LICK
248 2 4 4 1908492260 LICK
248 2 4 4 1908665392 LICK
248 2 4 4 1908844584 LICK
248 2 4 4 1909187080 RESP_END
248 2 4 4 1908172100 REWARD_END
249 0 5 4 1911469800 STIM_START
249 0 5 4 1915472240 LICK
249 0 5 4 1915495264 STIM_END_RESP_START
249 0 5 4 1915683548 LICK
249 0 5 4 1915684084 TIMEOUT_START
249 0 5 4 1916695312 RESP_END
249 0 5 4 1922684624 TIMEOUT_END
250 2 2 8 1924397872 STIM_START
250 2 2 8 1927523244 STIM_END_RESP_START
250 2 2 8 1928723260 RESP_END
251 2 4 3 1930933920 STIM_START
251 2 4 3 1934459336 STIM_END_RESP_START
251 2 4 3 1934691060 LICK
251 2 4 3 1934691600 REWARD_START
251 2 4 3 1934851672 LICK
251 2 4 3 1935023628 LICK
251 2 4 3 1935253552 LICK
251 2 4 3 1935390088 LICK
251 2 4 3 1935659372 RESP_END
251 2 4 3 1934704676 REWARD_END
252 1 2 10 1937365024 STIM_START
252 1 2 10 1940490396 STIM_END_RESP_START
252 1 2 10 1940829328 LICK
252 1 2 10 1940829860 REWARD_START
252 1 2 10 1941055392 LICK
252 1 2 10 1941226932 LICK
252 1 2 10 1941401488 LICK
252 1 2 10 1941577628 LICK
252 1 2 10 1941690416 RESP_END
252 1 2 10 1940842936 REWARD_END
253 0 3 7 1943701040 STIM_START
253 0 3 7 1946976424 STIM_END_RESP_START
253 0 3 7 1948176440 RESP_END
254 2 4 9 1949894016 STIM_START
254 2 4 9 1953419428 STIM_END_RESP_START
254 2 4 9 1953650888 LICK
254 2 4 9 1953651420 REWARD_START
254 2 4 9 1953873536 LICK
254 2 4 9 1954019344 LICK
254 2 4 9 1954196416 LICK
254 2 4 9 1954400164 LICK
254 2 4 9 1954619444 RESP_END
254 2 4 9 1953664496 REWARD_END
255 0 5 2 1957112180 STIM_START
255 0 5 2 1961137656 STIM_END_RESP_START
255 0 5 2 1962337672 RESP_END
256 1 3 10 1964053300 STIM_START
256 1 3 10 1967328684 STIM_END_RESP_START
256 1 3 10 1967727808 LICK
256 1 3 10 1967728340 REWARD_START
256 1 3 10 1967909316 LICK
256 1 3 10 1968081300 LICK
256 1 3 10 1968282032 LICK
256 1 3 10 1968438476 LICK
256 1 3 10 1968528716 RESP_END
256 1 3 10 1967741416 REWARD_END
257 2 3 9 1970252308 STIM_START
257 2 3 9 1973527692 STIM_END_RESP_START
257 2 3 9 1974191540 LICK
257 2 3 9 1974192072 REWARD_START
257 2 3 9 1974379092 LICK
257 2 3 9 1974555688 LICK
257 2 3 9 1974727732 RESP_END
257 2 3 9 1974205148 REWARD_END
258 2 1 2 1976749364 STIM_START
258 2 1 2 1979824744 STIM_END_RESP_START
258 2 1 2 1980049024 LICK
258 2 1 2 1980049560 REWARD_START
258 2 1 2 1980271140 LICK
258 2 1 2 1980430728 LICK
258 2 1 2 1980635892 LICK
258 2 1 2 1980829848 LICK
258 2 1 2 1981024784 RESP_END
258 2 1 2 1980062632 REWARD_END
259 0 4 5 1983998608 STIM_START
259 0 4 5 1987524024 STIM_END_RESP_START
259 0 4 5 1988724036 RESP_END
260 2 4 9 1990450664 STIM_START
260 2 4 9 1993976080 STIM_END_RESP_START
260 2 4 9 1995176096 RESP_END
261 1 3 4 1996894640 STIM_START
261 1 3 4 2000170028 STIM_END_RESP_START
261 1 3 4 2000522372 LICK
261 1 3 4 2000522908 REWARD_START
261 1 3 4 2000757936 LICK
261 1 3 4 2000913344 LICK
261 1 3 4 2001105740 LICK
261 1 3 4 2001300116 LICK
261 1 3 4 2001370040 RESP_END
261 1 3 4 2000535984 REWARD_END
262 1 1 1 2003073732 STIM_START
262 1 1 1 2006149112 STIM_END_RESP_START
262 1 1 1 2006467700 LICK
262 1 1 1 2006468232 REWARD_START
262 1 1 1 2006654044 LICK
262 1 1 1 2006826816 LICK
262 1 1 1 2007212964 LICK
262 1 1 1 2007349160 RESP_END
262 1 1 1 2006481308 REWARD_END
263 0 4 2 2009074668 STIM_START
263 0 4 2 2012600084 STIM_END_RESP_START
263 0 4 2 2013800100 RESP_END
264 2 1 5 2015504684 STIM_START
264 2 1 5 2018580064 STIM_END_RESP_START
264 2 1 5 2019780080 RESP_END
265 1 1 5 2021488648 STIM_START
265 1 1 5 2024564028 STIM_END_RESP_START
265 1 1 5 2024947832 LICK
265 1 1 5 2024948364 REWARD_START
265 1 1 5 2025184576 LICK
265 1 1 5 2025352300 LICK
265 1 1 5 2025549908 LICK
265 1 1 5 2025708456 LICK
265 1 1 5 2025764060 RESP_END
265 1 1 5 2024961444 REWARD_END
266 0 5 1 2027509668 STIM_START
266 0 5 1 2031535152 STIM_END_RESP_START
266 0 5 1 2032735164 RESP_END
267 1 5 6 2034474752 STIM_START
267 1 5 6 2038500228 STIM_END_RESP_START
267 1 5 6 2038833232 LICK
267 1 5 6 2038833768 REWARD_START
267 1 5 6 2038962308 LICK
267 1 5 6 2039166284 LICK
267 1 5 6 2039329876 LICK
267 1 5 6 2039521352 LICK
267 1 5 6 2039700260 RESP_END
267 1 5 6 2038846844 REWARD_END
268 2 3 7 2041423952 STIM_START
268 2 3 7 2044699332 STIM_END_RESP_START
268 2 3 7 2044905480 LICK
268 2 3 7 2044906016 REWARD_START
268 2 3 7 2045066716 LICK
268 2 3 7 2045250576 LICK
268 2 3 7 2045431284 LICK
268 2 3 7 2045604092 LICK
268 2 3 7 2045899380 RESP_END
268 2 3 7 2044919092 REWARD_END
269 0 5 9 2048503072 STIM_START
269 0 5 9 2052528544 STIM_END_RESP_START
269 0 5 9 2052754128 LICK
269 0 5 9 2052754668 TIMEOUT_START
269 0 5 9 2052977624 LICK
269 0 5 9 2052978160 TIMEOUT_START
269 0 5 9 2053728580 RESP_END
269 0 5 9 2059978700 TIMEOUT_END
270 0 1 10 2061685252 STIM_START
270 0 1 10 2064760632 STIM_END_RESP_START
270 0 1 10 2065960648 RESP_END
271 0 4 9 2067686172 STIM_START
271 0 4 9 2071211588 STIM_END_RESP_START
271 0 4 9 2072411600 RESP_END
272 1 3 10 2074130284 STIM_START
272 1 3 10 2077405668 STIM_END_RESP_START
272 1 3 10 2077636964 LICK
272 1 3 10 2077637496 REWARD_START
272 1 3 10 2077831272 LICK
272 1 3 10 2078002428 LICK
272 1 3 10 2078154448 LICK
272 1 3 10 2078509508 LICK
272 1 3 10 2078605680 RESP_END
272 1 3 10 2077650572 REWARD_END
273 0 5 5 2080348236 STIM_START
273 0 5 5 2084373712 STIM_END_RESP_START
273 0 5 5 2084447092 LICK
273 0 5 5 2084447632 TIMEOUT_START
273 0 5 5 2084684036 LICK
273 0 5 5 2084684568 TIMEOUT_START
273 0 5 5 2085477408 LICK
273 0 5 5 2085477940 TIMEOUT_START
273 0 5 5 2085573740 RESP_END
273 0 5 5 2092478492 TIMEOUT_END
274 1 3 3 2094199492 STIM_START
274 1 3 3 2097474880 STIM_END_RESP_START
274 1 3 3 2097937668 LICK
274 1 3 3 2097938196 REWARD_START
274 1 3 3 2098095636 LICK
274 1 3 3 2098461628 LICK
274 1 3 3 2098653556 LICK
274 1 3 3 2098674928 RESP_END
274 1 3 3 2097951272 REWARD_END
275 2 3 10 2100569552 STIM_START
275 2 3 10 2103844944 STIM_END_RESP_START
275 2 3 10 2104058548 LICK
275 2 3 10 2104059088 REWARD_START
275 2 3 10 2104199640 LICK
275 2 3 10 2104394672 LICK
275 2 3 10 2104599028 LICK
275 2 3 10 2104773544 LICK
275 2 3 10 2105044984 RESP_END
275 2 3 10 2104072156 REWARD_END
276 1 4 9 2108134748 STIM_START
276 1 4 9 2111660160 STIM_END_RESP_START
276 1 4 9 2112003132 LICK
276 1 4 9 2112003664 REWARD_START
276 1 4 9 2112198016 LICK
276 1 4 9 2112415284 LICK
276 1 4 9 2112583664 LICK
276 1 4 9 2112860188 RESP_END
276 1 4 9 2112016736 REWARD_END
277 0 2 6 2115554964 STIM_START
277 0 2 6 2118680336 STIM_END_RESP_START
277 0 2 6 2119530252 LICK
277 0 2 6 2119530788 TIMEOUT_START
277 0 2 6 2119687640 LICK
277 0 2 6 2119688168 TIMEOUT_START
277 0 2 6 2119880376 RESP_END
277 0 2 6 2126688712 TIMEOUT_END
278 1 1 7 2128394028 STIM_START
278 1 1 7 2131469416 STIM_END_RESP_START
278 1 1 7 2132147484 LICK
278 1 1 7 2132148016 REWARD_START
278 1 1 7 2132213276 LICK
278 1 1 7 2132391492 LICK
278 1 1 7 2132570280 LICK
278 1 1 7 2132669452 RESP_END
278 1 1 7 2132161092 REWARD_END
279 0 4 7 2134512096 STIM_START
279 0 4 7 2138037508 STIM_END_RESP_START
279 0 4 7 2139237524 RESP_END
280 1 5 8 2140979108 STIM_START
280 1 5 8 2145004588 STIM_END_RESP_START
280 1 5 8 2145396320 LICK
280 1 5 8 2145396860 REWARD_START
280 1 5 8 2145557220 LICK
280 1 5 8 2145741368 LICK
280 1 5 8 2145948448 LICK
280 1 5 8 2146149996 LICK
280 1 5 8 2146204628 RESP_END
280 1 5 8 2145409928 REWARD_END
281 2 4 10 2147927252 STIM_START
281 2 4 10 2151452660 STIM_END_RESP_START
281 2 4 10 2151716784 LICK
281 2 4 10 2151717324 REWARD_START
281 2 4 10 2151884032 LICK
281 2 4 10 2152373096 LICK
281 2 4 10 2152544880 LICK
281 2 4 10 2152652688 RESP_END
281 2 4 10 2151730400 REWARD_END
282 1 5 6 2154846372 STIM_START
282 1 5 6 2155622284 LICK
282 1 5 6 2158421976 LICK
282 1 5 6 2158624436 LICK
282 1 5 6 2158871840 STIM_END_RESP_START
282 1 5 6 2158881236 LICK
282 1 5 6 2158881768 REWARD_START
282 1 5 6 2159098996 LICK
282 1 5 6 2159394324 LICK
282 1 5 6 2159672044 LICK
282 1 5 6 2159855664 LICK
282 1 5 6 2160071884 RESP_END
282 1 5 6 2158894844 REWARD_END
283 0 1 6 2161782504 STIM_START
283 0 1 6 2164857888 STIM_END_RESP_START
283 0 1 6 2166057936 RESP_END
284 0 5 2 2167805496 STIM_START
284 0 5 2 2171830972 STIM_END_RESP_START
284 0 5 2 2171928680 LICK
284 0 5 2 2171929212 TIMEOUT_START
284 0 5 2 2172640212 LICK
284 0 5 2 2172640752 TIMEOUT_START
284 0 5 2 2172881448 LICK
284 0 5 2 2172881984 TIMEOUT_START
284 0 5 2 2173031004 RESP_END
284 0 5 2 2179882512 TIMEOUT_END
285 0 5 5 2181618720 STIM_START
285 0 5 5 2185121404 LICK
285 0 5 5 2185275220 LICK
285 0 5 5 2185644200 STIM_END_RESP_START
285 0 5 5 2186844216 RESP_END
286 1 3 3 2188702864 STIM_START
286 1 3 3 2189248492 LICK
286 1 3 3 2190118616 LICK
286 1 3 3 2190189404 LICK
286 1 3 3 2190257484 LICK
286 1 3 3 2191978252 STIM_END_RESP_START
286 1 3 3 2193178268 RESP_END
287 0 1 7 2194887880 STIM_START
287 0 1 7 2197963260 STIM_END_RESP_START
287 0 1 7 2199163276 RESP_END
288 2 2 7 2200873836 STIM_START
288 2 2 7 2203999208 STIM_END_RESP_START
288 2 2 7 2205199224 RESP_END
289 1 3 1 2206909800 STIM_START
289 1 3 1 2210185180 STIM_END_RESP_START
289 1 3 1 2211385196 RESP_END
290 1 1 2 2213085812 STIM_START
290 1 1 2 2216161192 STIM_END_RESP_START
290 1 1 2 2217361208 RESP_END
291 0 1 3 2219067820 STIM_START
291 0 1 3 2222143204 STIM_END_RESP_START
291 0 1 3 2223343220 RESP_END
292 0 1 2 2225048760 STIM_START
292 0 1 2 2228124140 STIM_END_RESP_START
292 0 1 2 2229324160 RESP_END
293 1 2 7 2231030764 STIM_START
293 1 2 7 2234156140 STIM_END_RESP_START
293 1 2 7 2235356196 RESP_END
294 1 4 6 2237086756 STIM_START
294 1 4 6 2240612164 STIM_END_RESP_START
294 1 4 6 2241812176 RESP_END
295 1 3 5 2243522796 STIM_START
295 1 3 5 2246798176 STIM_END_RESP_START
295 1 3 5 2247998188 RESP_END
296 0 1 5 2249705832 STIM_START
296 0 1 5 2252781212 STIM_END_RESP_START
296 0 1 5 2253981232 RESP_END
297 0 5 5 2255726800 STIM_START
297 0 5 5 2259752272 STIM_END_RESP_START
297 0 5 5 2260952292 RESP_END
298 0 2 9 2262659864 STIM_START
298 0 2 9 2265785232 STIM_END_RESP_START
298 0 2 9 2266985248 RESP_END
299 2 3 3 2268701936 STIM_START
299 2 3 3 2271977316 STIM_END_RESP_START
299 2 3 3 2273177332 RESP_END
300 0 3 7 2274885876 STIM_START
300 0 3 7 2278161256 STIM_END_RESP_START
300 0 3 7 2279361272 RESP_END
301 1 5 3 2281096896 STIM_START
301 1 5 3 2285122368 STIM_END_RESP_START
301 1 5 3 2286322384 RESP_END
302 1 1 1 2288038032 STIM_START
302 1 1 1 2291113412 STIM_END_RESP_START
302 1 1 1 2292313432 RESP_END
303 2 1 2 2294020988 STIM_START
303 2 1 2 2297096376 STIM_END_RESP_START
303 2 1 2 2298296388 RESP_END
304 0 3 7 2300011988 STIM_START
304 0 3 7 2303287376 STIM_END_RESP_START
304 0 3 7 2304487428 RESP_END
305 1 5 1 2306232956 STIM_START
305 1 5 1 2310258432 STIM_END_RESP_START
305 1 5 1 2311458444 RESP_END
