001 1 2 3 0013529976 STIM_START
001 1 2 3 0016655352 STIM_END_RESP_START
001 1 2 3 0017855368 RESP_END
002 2 3 1 0020534176 STIM_START
002 2 3 1 0023809564 STIM_END_RESP_START
002 2 3 1 0025009580 RESP_END
003 0 5 10 0026838176 STIM_START
003 0 5 10 0029296524 LICK
003 0 5 10 0029374792 LICK
003 0 5 10 0030820188 LICK
003 0 5 10 0030863672 STIM_END_RESP_START
003 0 5 10 0032063712 RESP_END
004 0 4 1 0035533584 STIM_START
004 0 4 1 0039059008 STIM_END_RESP_START
004 0 4 1 0040259028 RESP_END
005 1 1 4 0042035672 STIM_START
005 1 1 4 0045111056 STIM_END_RESP_START
005 1 1 4 0046132016 LICK
005 1 1 4 0046132456 REWARD_START
005 1 1 4 0046299304 LICK
005 1 1 4 0046311084 RESP_END
005 1 1 4 0046145424 REWARD_END
006 0 3 6 0048864740 STIM_START
006 0 3 6 0052140140 STIM_END_RESP_START
006 0 3 6 0053340156 RESP_END
007 1 5 6 0055075800 STIM_START
007 1 5 6 0059101284 STIM_END_RESP_START
007 1 5 6 0059331828 LICK
007 1 5 6 0059332264 REWARD_START
007 1 5 6 0059437052 LICK
007 1 5 6 0059632592 LICK
007 1 5 6 0059742464 LICK
007 1 5 6 0059923796 LICK
007 1 5 6 0060080172 LICK
007 1 5 6 0060301332 RESP_END
007 1 5 6 0059345240 REWARD_END
008 0 3 2 0062003940 STIM_START
008 0 3 2 0065279332 STIM_END_RESP_START
008 0 3 2 0065521036 LICK
008 0 3 2 0065521472 TIMEOUT_START
008 0 3 2 0065754180 LICK
008 0 3 2 0065754616 TIMEOUT_START
008 0 3 2 0065993864 LICK
008 0 3 2 0065994300 TIMEOUT_START
008 0 3 2 0066479364 RESP_END
008 0 3 2 0072994740 TIMEOUT_END
009 2 2 1 0074691996 STIM_START
009 2 2 1 0077817376 STIM_END_RESP_START
009 2 2 1 0078807612 LICK
009 2 2 1 0078808048 REWARD_START
009 2 2 1 0079017412 RESP_END
009 2 2 1 0078821020 REWARD_END
010 1 1 8 0081422072 STIM_START
010 1 1 8 0084177764 LICK
010 1 1 8 0084385988 LICK
010 1 1 8 0084497452 STIM_END_RESP_START
010 1 1 8 0084587356 LICK
010 1 1 8 0084587800 REWARD_START
010 1 1 8 0084815696 LICK
010 1 1 8 0084985976 LICK
010 1 1 8 0085697476 RESP_END
010 1 1 8 0084600768 REWARD_END
011 1 2 7 0087409080 STIM_START
011 1 2 7 0090534456 STIM_END_RESP_START
011 1 2 7 0090794796 LICK
011 1 2 7 0090795244 REWARD_START
011 1 2 7 0090978344 LICK
011 1 2 7 0091135008 LICK
011 1 2 7 0091305216 LICK
011 1 2 7 0091734496 RESP_END
011 1 2 7 0090808212 REWARD_END
012 0 1 6 0094738236 STIM_START
012 0 1 6 0097813628 STIM_END_RESP_START
012 0 1 6 0098068384 LICK
012 0 1 6 0098068828 TIMEOUT_START
012 0 1 6 0098105720 LICK
012 0 1 6 0098106156 TIMEOUT_START
012 0 1 6 0098316396 LICK
012 0 1 6 0098316832 TIMEOUT_START
012 0 1 6 0099013680 RESP_END
012 0 1 6 0105317264 TIMEOUT_END
013 0 1 5 0107013248 STIM_START
013 0 1 5 0110088604 STIM_END_RESP_START
013 0 1 5 0111184108 LICK
013 0 1 5 0111184592 TIMEOUT_START
013 0 1 5 0111288640 RESP_END
013 0 1 5 0118185084 TIMEOUT_END
014 0 2 3 0119887380 STIM_START
014 0 2 3 0123012772 STIM_END_RESP_START
014 0 2 3 0124212808 RESP_END
015 1 2 6 0125912344 STIM_START
015 1 2 6 0129037732 STIM_END_RESP_START
015 1 2 6 0129392828 LICK
015 1 2 6 0129393312 REWARD_START
015 1 2 6 0129580468 LICK
015 1 2 6 0129752420 LICK
015 1 2 6 0130237764 RESP_END
015 1 2 6 0129406332 REWARD_END
016 0 3 8 0133115540 STIM_START
016 0 3 8 0136390944 STIM_END_RESP_START
016 0 3 8 0137009712 LICK
016 0 3 8 0137010204 TIMEOUT_START
016 0 3 8 0137218232 LICK
016 0 3 8 0137218712 TIMEOUT_START
016 0 3 8 0137590960 RESP_END
016 0 3 8 0144219204 TIMEOUT_END
017 2 2 1 0145933588 STIM_START
017 2 2 1 0149058980 STIM_END_RESP_START
017 2 2 1 0150259016 RESP_END
018 0 5 5 0152669732 STIM_START
018 0 5 5 0156695228 STIM_END_RESP_START
018 0 5 5 0157895264 RESP_END
019 0 5 4 0159630936 STIM_START
019 0 5 4 0163656436 STIM_END_RESP_START
019 0 5 4 0164856472 RESP_END
020 0 1 6 0166558952 STIM_START
020 0 1 6 0169634312 STIM_END_RESP_START
020 0 1 6 0170834348 RESP_END
021 2 3 3 0172551976 STIM_START
021 2 3 3 0175827384 STIM_END_RESP_START
021 2 3 3 0177027420 RESP_END
022 2 1 5 0178719980 STIM_START
022 2 1 5 0181795344 STIM_END_RESP_START
022 2 1 5 0182042888 LICK
022 2 1 5 0182043372 REWARD_START
022 2 1 5 0182245448 LICK
022 2 1 5 0182420956 LICK
022 2 1 5 0182576556 LICK
022 2 1 5 0182995388 RESP_END
022 2 1 5 0182056396 REWARD_END
023 2 4 3 0186687288 STIM_START
023 2 4 3 0189827696 LICK
023 2 4 3 0190049192 LICK
023 2 4 3 0190212696 STIM_END_RESP_START
023 2 4 3 0190253820 LICK
023 2 4 3 0190254312 REWARD_START
023 2 4 3 0191137212 LICK
023 2 4 3 0191308256 LICK
023 2 4 3 0191412732 RESP_END
023 2 4 3 0190267328 REWARD_END
024 0 1 7 0193373336 STIM_START
024 0 1 7 0196448700 STIM_END_RESP_START
024 0 1 7 0196754192 LICK
024 0 1 7 0196754684 TIMEOUT_START
024 0 1 7 0196948808 LICK
024 0 1 7 0196949296 TIMEOUT_START
024 0 1 7 0197181884 LICK
024 0 1 7 0197182364 TIMEOUT_START
024 0 1 7 0197648748 RESP_END
024 0 1 7 0204182852 TIMEOUT_END
025 0 3 8 0205898368 STIM_START
025 0 3 8 0209173772 STIM_END_RESP_START
025 0 3 8 0210373812 RESP_END
026 1 4 5 0212098432 STIM_START
026 1 4 5 0215623868 STIM_END_RESP_START
026 1 4 5 0216448344 LICK
026 1 4 5 0216448824 REWARD_START
026 1 4 5 0216641068 LICK
026 1 4 5 0216791432 LICK
026 1 4 5 0216823892 RESP_END
026 1 4 5 0216461844 REWARD_END
027 0 1 5 0218684476 STIM_START
027 0 1 5 0219073500 LICK
027 0 1 5 0219224024 LICK
027 0 1 5 0221759832 STIM_END_RESP_START
027 0 1 5 0222591952 LICK
027 0 1 5 0222592444 TIMEOUT_START
027 0 1 5 0222705420 LICK
027 0 1 5 0222705912 TIMEOUT_START
027 0 1 5 0222941508 LICK
027 0 1 5 0222941992 TIMEOUT_START
027 0 1 5 0222959844 RESP_END
027 0 1 5 0229942484 TIMEOUT_END
028 2 3 1 0231658616 STIM_START
028 2 3 1 0234933988 STIM_END_RESP_START
028 2 3 1 0236134024 RESP_END
029 1 5 5 0237973656 STIM_START
029 1 5 5 0241999152 STIM_END_RESP_START
029 1 5 5 0242181560 LICK
029 1 5 5 0242182044 REWARD_START
029 1 5 5 0242325488 LICK
029 1 5 5 0242499804 LICK
029 1 5 5 0242675940 LICK
029 1 5 5 0243126172 LICK
029 1 5 5 0243199192 RESP_END
029 1 5 5 0242195064 REWARD_END
030 2 2 1 0245012772 STIM_START
030 2 2 1 0248138148 STIM_END_RESP_START
030 2 2 1 0248619092 LICK
030 2 2 1 0248619576 REWARD_START
030 2 2 1 0248769624 LICK
030 2 2 1 0248965544 LICK
030 2 2 1 0249130416 LICK
030 2 2 1 0249338196 RESP_END
030 2 2 1 0248632600 REWARD_END
031 0 1 6 0251047780 STIM_START
031 0 1 6 0251357736 LICK
031 0 1 6 0254123136 STIM_END_RESP_START
031 0 1 6 0254385608 LICK
031 0 1 6 0254386092 TIMEOUT_START
031 0 1 6 0254531928 LICK
031 0 1 6 0254532412 TIMEOUT_START
031 0 1 6 0254761800 LICK
031 0 1 6 0254762288 TIMEOUT_START
031 0 1 6 0255323188 RESP_END
031 0 1 6 0261762776 TIMEOUT_END
032 0 4 10 0263484800 STIM_START
032 0 4 10 0266595272 LICK
032 0 4 10 0266760188 LICK
032 0 4 10 0267010248 STIM_END_RESP_START
032 0 4 10 0267668484 LICK
032 0 4 10 0267668968 TIMEOUT_START
032 0 4 10 0268210288 RESP_END
032 0 4 10 0274669452 TIMEOUT_END
033 0 4 10 0276383868 STIM_START
033 0 4 10 0279909300 STIM_END_RESP_START
033 0 4 10 0281109336 RESP_END
034 1 2 1 0282826924 STIM_START
034 1 2 1 0285952316 STIM_END_RESP_START
034 1 2 1 0286135352 LICK
034 1 2 1 0286135840 REWARD_START
034 1 2 1 0286301344 LICK
034 1 2 1 0286440300 LICK
034 1 2 1 0286581656 LICK
034 1 2 1 0287152352 RESP_END
034 1 2 1 0286148864 REWARD_END
035 0 4 2 0289700060 STIM_START
035 0 4 2 0291464916 LICK
035 0 4 2 0291790212 LICK
035 0 4 2 0291944604 LICK
035 0 4 2 0292962028 LICK
035 0 4 2 0293191436 LICK
035 0 4 2 0293225500 STIM_END_RESP_START
035 0 4 2 0293361584 LICK
035 0 4 2 0293362072 TIMEOUT_START
035 0 4 2 0293593700 LICK
035 0 4 2 0293594192 TIMEOUT_START
035 0 4 2 0294065840 LICK
035 0 4 2 0294066328 TIMEOUT_START
035 0 4 2 0294425528 RESP_END
035 0 4 2 0301066812 TIMEOUT_END
036 0 4 1 0302796224 STIM_START
036 0 4 1 0306321660 STIM_END_RESP_START
036 0 4 1 0307521700 RESP_END
037 1 2 5 0309224224 STIM_START
037 1 2 5 0312349620 STIM_END_RESP_START
037 1 2 5 0312749928 LICK
037 1 2 5 0312750420 REWARD_START
037 1 2 5 0312959628 LICK
037 1 2 5 0313140584 LICK
037 1 2 5 0313549652 RESP_END
037 1 2 5 0312763444 REWARD_END
038 1 4 6 0316778484 STIM_START
038 1 4 6 0319691436 LICK
038 1 4 6 0319829228 LICK
038 1 4 6 0320071032 LICK
038 1 4 6 0320303888 STIM_END_RESP_START
038 1 4 6 0320700272 LICK
038 1 4 6 0320700760 REWARD_START
038 1 4 6 0320849812 LICK
038 1 4 6 0321058048 LICK
038 1 4 6 0321208520 LICK
038 1 4 6 0321409224 LICK
038 1 4 6 0321503904 RESP_END
038 1 4 6 0320713768 REWARD_END
039 1 2 9 0323217520 STIM_START
039 1 2 9 0326342912 STIM_END_RESP_START
039 1 2 9 0326549468 LICK
039 1 2 9 0326549960 REWARD_START
039 1 2 9 0326718904 LICK
039 1 2 9 0326869308 LICK
039 1 2 9 0327054248 LICK
039 1 2 9 0327542956 RESP_END
039 1 2 9 0326562964 REWARD_END
040 0 2 4 0329253508 STIM_START
040 0 2 4 0329496924 LICK
040 0 2 4 0329651148 LICK
040 0 2 4 0332318268 LICK
040 0 2 4 0332378876 STIM_END_RESP_START
040 0 2 4 0332559500 LICK
040 0 2 4 0332559988 TIMEOUT_START
040 0 2 4 0332753008 LICK
040 0 2 4 0332753492 TIMEOUT_START
040 0 2 4 0332832196 LICK
040 0 2 4 0332832676 TIMEOUT_START
040 0 2 4 0333539872 LICK
040 0 2 4 0333540360 TIMEOUT_START
040 0 2 4 0333578912 RESP_END
040 0 2 4 0340540844 TIMEOUT_END
041 0 5 7 0342285672 STIM_START
041 0 5 7 0346311168 STIM_END_RESP_START
041 0 5 7 0347511204 RESP_END
042 0 5 8 0349251792 STIM_START
042 0 5 8 0352871208 LICK
042 0 5 8 0353106544 LICK
042 0 5 8 0353277264 STIM_END_RESP_START
042 0 5 8 0353801896 LICK
042 0 5 8 0353802384 TIMEOUT_START
042 0 5 8 0353990908 LICK
042 0 5 8 0353991392 TIMEOUT_START
042 0 5 8 0354477284 RESP_END
042 0 5 8 0360991884 TIMEOUT_END
043 2 1 9 0362700964 STIM_START
043 2 1 9 0365776328 STIM_END_RESP_START
043 2 1 9 0366712644 LICK
043 2 1 9 0366713136 REWARD_START
043 2 1 9 0366879516 LICK
043 2 1 9 0366976368 RESP_END
043 2 1 9 0366726160 REWARD_END
044 1 5 9 0369865176 STIM_START
044 1 5 9 0372760924 LICK
044 1 5 9 0372961216 LICK
044 1 5 9 0373180964 LICK
044 1 5 9 0373890664 STIM_END_RESP_START
044 1 5 9 0374047292 LICK
044 1 5 9 0374047784 REWARD_START
044 1 5 9 0374251000 LICK
044 1 5 9 0374386924 LICK
044 1 5 9 0374538728 LICK
044 1 5 9 0374750148 LICK
044 1 5 9 0375002988 LICK
044 1 5 9 0375090712 RESP_END
044 1 5 9 0374060800 REWARD_END
045 0 5 8 0376920292 STIM_START
045 0 5 8 0380695504 LICK
045 0 5 8 0380889960 LICK
045 0 5 8 0380945776 STIM_END_RESP_START
045 0 5 8 0381101444 LICK
045 0 5 8 0381101928 TIMEOUT_START
045 0 5 8 0381814632 LICK
045 0 5 8 0381815120 TIMEOUT_START
045 0 5 8 0382006752 LICK
045 0 5 8 0382007236 TIMEOUT_START
045 0 5 8 0382145800 RESP_END
045 0 5 8 0389007724 TIMEOUT_END
046 0 4 1 0390733556 STIM_START
046 0 4 1 0394258992 STIM_END_RESP_START
046 0 4 1 0395459028 RESP_END
047 0 4 4 0397181648 STIM_START
047 0 4 4 0400707088 STIM_END_RESP_START
047 0 4 4 0401315924 LICK
047 0 4 4 0401316412 TIMEOUT_START
047 0 4 4 0401907116 RESP_END
047 0 4 4 0408316904 TIMEOUT_END
048 2 2 9 0411239908 STIM_START
048 2 2 9 0414365300 STIM_END_RESP_START
048 2 2 9 0414755072 LICK
048 2 2 9 0414755556 REWARD_START
048 2 2 9 0415565312 RESP_END
048 2 2 9 0414768576 REWARD_END
049 2 1 8 0417277900 STIM_START
049 2 1 8 0420353272 STIM_END_RESP_START
049 2 1 8 0420722708 LICK
049 2 1 8 0420723192 REWARD_START
049 2 1 8 0420914096 LICK
049 2 1 8 0421330732 LICK
049 2 1 8 0421469464 LICK
049 2 1 8 0421553316 RESP_END
049 2 1 8 0420736216 REWARD_END
050 0 4 6 0424487032 STIM_START
050 0 4 6 0427232056 LICK
050 0 4 6 0427408684 LICK
050 0 4 6 0427794876 LICK
050 0 4 6 0428012440 STIM_END_RESP_START
050 0 4 6 0428581712 LICK
050 0 4 6 0428582204 TIMEOUT_START
050 0 4 6 0429212464 RESP_END
050 0 4 6 0435582684 TIMEOUT_END
051 1 2 8 0437282112 STIM_START
051 1 2 8 0440407504 STIM_END_RESP_START
051 1 2 8 0441304508 LICK
051 1 2 8 0441304992 REWARD_START
051 1 2 8 0441504592 LICK
051 1 2 8 0441607532 RESP_END
051 1 2 8 0441318012 REWARD_END
052 1 5 3 0444527320 STIM_START
052 1 5 3 0444939860 LICK
052 1 5 3 0448552812 STIM_END_RESP_START
052 1 5 3 0448930620 LICK
052 1 5 3 0448931112 REWARD_START
052 1 5 3 0449133604 LICK
052 1 5 3 0449300064 LICK
052 1 5 3 0449752828 RESP_END
052 1 5 3 0448944132 REWARD_END
053 1 1 7 0452798648 STIM_START
053 1 1 7 0455633448 LICK
053 1 1 7 0455841048 LICK
053 1 1 7 0455874036 STIM_END_RESP_START
053 1 1 7 0456013788 LICK
053 1 1 7 0456014276 REWARD_START
053 1 1 7 0456070380 LICK
053 1 1 7 0456244152 LICK
053 1 1 7 0456414944 LICK
053 1 1 7 0456687720 LICK
053 1 1 7 0457074084 RESP_END
053 1 1 7 0456027300 REWARD_END
054 0 1 7 0460161840 STIM_START
054 0 1 7 0463237208 STIM_END_RESP_START
054 0 1 7 0463475556 LICK
054 0 1 7 0463476048 TIMEOUT_START
054 0 1 7 0463669004 LICK
054 0 1 7 0463669492 TIMEOUT_START
054 0 1 7 0463859868 LICK
054 0 1 7 0463860352 TIMEOUT_START
054 0 1 7 0464090432 LICK
054 0 1 7 0464090912 TIMEOUT_START
054 0 1 7 0464437252 RESP_END
054 0 1 7 0471091404 TIMEOUT_END
055 0 5 8 0472835888 STIM_START
055 0 5 8 0476861384 STIM_END_RESP_START
055 0 5 8 0478061420 RESP_END
056 1 1 4 0479765056 STIM_START
056 1 1 4 0482840420 STIM_END_RESP_START
056 1 1 4 0483190808 LICK
056 1 1 4 0483191296 REWARD_START
056 1 1 4 0483375480 LICK
056 1 1 4 0483610816 LICK
056 1 1 4 0483740420 LICK
056 1 1 4 0484040452 RESP_END
056 1 1 4 0483204304 REWARD_END
057 1 2 8 0486294100 STIM_START
057 1 2 8 0489419456 STIM_END_RESP_START
057 1 2 8 0489492592 LICK
057 1 2 8 0489493076 REWARD_START
057 1 2 8 0489742752 LICK
057 1 2 8 0489901204 LICK
057 1 2 8 0490094060 LICK
057 1 2 8 0490444068 LICK
057 1 2 8 0490619492 RESP_END
057 1 2 8 0489506100 REWARD_END
058 0 2 3 0492371108 STIM_START
058 0 2 3 0495496500 STIM_END_RESP_START
058 0 2 3 0496265280 LICK
058 0 2 3 0496265764 TIMEOUT_START
058 0 2 3 0496526804 LICK
058 0 2 3 0496527292 TIMEOUT_START
058 0 2 3 0496696548 RESP_END
058 0 2 3 0503527780 TIMEOUT_END
059 1 3 1 0505244212 STIM_START
059 1 3 1 0508519620 STIM_END_RESP_START
059 1 3 1 0509495372 LICK
059 1 3 1 0509495860 REWARD_START
059 1 3 1 0509716904 LICK
059 1 3 1 0509719648 RESP_END
059 1 3 1 0509508880 REWARD_END
060 1 4 5 0512015268 STIM_START
060 1 4 5 0512343632 LICK
060 1 4 5 0515540708 STIM_END_RESP_START
060 1 4 5 0515923264 LICK
060 1 4 5 0515923748 REWARD_START
060 1 4 5 0516109300 LICK
060 1 4 5 0516301140 LICK
060 1 4 5 0516472396 LICK
060 1 4 5 0516645152 LICK
060 1 4 5 0516740740 RESP_END
060 1 4 5 0515936772 REWARD_END
061 2 2 5 0518451388 STIM_START
061 2 2 5 0521576744 STIM_END_RESP_START
061 2 2 5 0522776780 RESP_END
062 0 2 1 0524490368 STIM_START
062 0 2 1 0527615760 STIM_END_RESP_START
062 0 2 1 0528815796 RESP_END
063 0 3 6 0530532308 STIM_START
063 0 3 6 0533807716 STIM_END_RESP_START
063 0 3 6 0535007752 RESP_END
064 0 1 10 0536708348 STIM_START
064 0 1 10 0539783712 STIM_END_RESP_START
064 0 1 10 0540983748 RESP_END
065 1 3 5 0542699304 STIM_START
065 1 3 5 0545974712 STIM_END_RESP_START
065 1 3 5 0546360224 LICK
065 1 3 5 0546360716 REWARD_START
065 1 3 5 0546507292 LICK
065 1 3 5 0546678172 LICK
065 1 3 5 0546868576 LICK
065 1 3 5 0547043252 LICK
065 1 3 5 0547174756 RESP_END
065 1 3 5 0546373740 REWARD_END
066 1 3 2 0548894276 STIM_START
066 1 3 2 0549298040 LICK
066 1 3 2 0552169656 STIM_END_RESP_START
066 1 3 2 0552547724 LICK
066 1 3 2 0552548208 REWARD_START
066 1 3 2 0552737860 LICK
066 1 3 2 0552925224 LICK
066 1 3 2 0553320492 LICK
066 1 3 2 0553369672 RESP_END
066 1 3 2 0552561232 REWARD_END
067 2 1 9 0555175340 STIM_START
067 2 1 9 0558250704 STIM_END_RESP_START
067 2 1 9 0558995352 LICK
067 2 1 9 0558995844 REWARD_START
067 2 1 9 0559158576 LICK
067 2 1 9 0559348484 LICK
067 2 1 9 0559450736 RESP_END
067 2 1 9 0559008852 REWARD_END
068 0 1 2 0561419352 STIM_START
068 0 1 2 0561735128 LICK
068 0 1 2 0564494716 STIM_END_RESP_START
068 0 1 2 0565244288 LICK
068 0 1 2 0565244772 TIMEOUT_START
068 0 1 2 0565477872 LICK
068 0 1 2 0565478356 TIMEOUT_START
068 0 1 2 0565694740 RESP_END
068 0 1 2 0572478844 TIMEOUT_END
069 0 1 7 0574172416 STIM_START
069 0 1 7 0577247780 STIM_END_RESP_START
069 0 1 7 0578447816 RESP_END
070 2 5 3 0580195388 STIM_START
070 2 5 3 0584220884 STIM_END_RESP_START
070 2 5 3 0584853112 LICK
070 2 5 3 0584853608 REWARD_START
070 2 5 3 0585053224 LICK
070 2 5 3 0585273488 LICK
070 2 5 3 0585406988 LICK
070 2 5 3 0585420920 RESP_END
070 2 5 3 0584866624 REWARD_END
071 0 2 8 0587341548 STIM_START
071 0 2 8 0590466912 STIM_END_RESP_START
071 0 2 8 0591666952 RESP_END
072 1 1 7 0593365532 STIM_START
072 1 1 7 0596440896 STIM_END_RESP_START
072 1 1 7 0596875628 LICK
072 1 1 7 0596876112 REWARD_START
072 1 1 7 0597055320 LICK
072 1 1 7 0597265460 LICK
072 1 1 7 0597404912 LICK
072 1 1 7 0597640912 RESP_END
072 1 1 7 0596889136 REWARD_END
073 0 5 7 0599385524 STIM_START
073 0 5 7 0599746704 LICK
073 0 5 7 0603411004 STIM_END_RESP_START
073 0 5 7 0604611044 RESP_END
074 1 2 9 0606315660 STIM_START
074 1 2 9 0609441052 STIM_END_RESP_START
074 1 2 9 0609796948 LICK
074 1 2 9 0609797440 REWARD_START
074 1 2 9 0609990688 LICK
074 1 2 9 0610161248 LICK
074 1 2 9 0610369612 LICK
074 1 2 9 0610641100 RESP_END
074 1 2 9 0609810460 REWARD_END
075 0 4 5 0612360624 STIM_START
075 0 4 5 0614419188 LICK
075 0 4 5 0614619452 LICK
075 0 4 5 0615790764 LICK
075 0 4 5 0615886040 STIM_END_RESP_START
075 0 4 5 0617086080 RESP_END
076 0 3 8 0619703812 STIM_START
076 0 3 8 0622979224 STIM_END_RESP_START
076 0 3 8 0624179260 RESP_END
077 1 2 4 0625888848 STIM_START
077 1 2 4 0629014240 STIM_END_RESP_START
077 1 2 4 0629961888 LICK
077 1 2 4 0629962372 REWARD_START
077 1 2 4 0630102064 LICK
077 1 2 4 0630214256 RESP_END
077 1 2 4 0629975396 REWARD_END
078 0 3 1 0633395092 STIM_START
078 0 3 1 0636670504 STIM_END_RESP_START
078 0 3 1 0637870544 RESP_END
079 2 2 2 0639576028 STIM_START
079 2 2 2 0642701392 STIM_END_RESP_START
079 2 2 2 0643901424 RESP_END
080 1 3 10 0646650224 STIM_START
080 1 3 10 0649925628 STIM_END_RESP_START
080 1 3 10 0650346624 LICK
080 1 3 10 0650347108 REWARD_START
080 1 3 10 0650528828 LICK
080 1 3 10 0650682988 LICK
080 1 3 10 0650852696 LICK
080 1 3 10 0651125676 RESP_END
080 1 3 10 0650360132 REWARD_END
081 1 1 10 0652827232 STIM_START
081 1 1 10 0655902596 STIM_END_RESP_START
081 1 1 10 0656094184 LICK
081 1 1 10 0656094676 REWARD_START
081 1 1 10 0656270408 LICK
081 1 1 10 0656442412 LICK
081 1 1 10 0656593660 LICK
081 1 1 10 0656768316 LICK
081 1 1 10 0657102624 RESP_END
081 1 1 10 0656107680 REWARD_END
082 0 1 10 0658814208 STIM_START
082 0 1 10 0661889572 STIM_END_RESP_START
082 0 1 10 0663089608 RESP_END
083 2 4 4 0664817176 STIM_START
083 2 4 4 0668342612 STIM_END_RESP_START
083 2 4 4 0668750344 LICK
083 2 4 4 0668750828 REWARD_START
083 2 4 4 0668934484 LICK
083 2 4 4 0669119952 LICK
083 2 4 4 0669542644 RESP_END
083 2 4 4 0668763852 REWARD_END
084 0 3 7 0671243228 STIM_START
084 0 3 7 0671620204 LICK
084 0 3 7 0671832184 LICK
084 0 3 7 0674518628 STIM_END_RESP_START
084 0 3 7 0675718664 RESP_END
085 1 1 3 0677423248 STIM_START
085 1 1 3 0680125324 LICK
085 1 1 3 0680369072 LICK
085 1 1 3 0680498616 STIM_END_RESP_START
085 1 1 3 0680523464 LICK
085 1 1 3 0680523956 REWARD_START
085 1 1 3 0680954980 LICK
085 1 1 3 0681122408 LICK
085 1 1 3 0681305296 LICK
085 1 1 3 0681454808 LICK
085 1 1 3 0681698656 RESP_END
085 1 1 3 0680536972 REWARD_END
086 2 1 3 0683415176 STIM_START
086 2 1 3 0686490544 STIM_END_RESP_START
086 2 1 3 0687690576 RESP_END
087 1 1 4 0689397160 STIM_START
087 1 1 4 0692472524 STIM_END_RESP_START
087 1 1 4 0692875412 LICK
087 1 1 4 0692875900 REWARD_START
087 1 1 4 0693085292 LICK
087 1 1 4 0693233560 LICK
087 1 1 4 0693409940 LICK
087 1 1 4 0693672544 RESP_END
087 1 1 4 0692888920 REWARD_END
088 0 5 9 0696198284 STIM_START
088 0 5 9 0700223744 STIM_END_RESP_START
088 0 5 9 0701423784 RESP_END
089 1 4 3 0703141488 STIM_START
089 1 4 3 0706666924 STIM_END_RESP_START
089 1 4 3 0707666668 LICK
089 1 4 3 0707667160 REWARD_START
089 1 4 3 0707865272 LICK
089 1 4 3 0707866968 RESP_END
089 1 4 3 0707680176 REWARD_END
090 0 4 1 0711022704 STIM_START
090 0 4 1 0714548108 STIM_END_RESP_START
090 0 4 1 0715748144 RESP_END
091 0 1 7 0717447732 STIM_START
091 0 1 7 0719045176 LICK
091 0 1 7 0720523112 STIM_END_RESP_START
091 0 1 7 0721383888 LICK
091 0 1 7 0721384372 TIMEOUT_START
091 0 1 7 0721560620 LICK
091 0 1 7 0721561104 TIMEOUT_START
091 0 1 7 0721723128 RESP_END
091 0 1 7 0728561588 TIMEOUT_END
092 1 1 1 0730264784 STIM_START
092 1 1 1 0733340152 STIM_END_RESP_START
092 1 1 1 0733697224 LICK
092 1 1 1 0733697708 REWARD_START
092 1 1 1 0733889796 LICK
092 1 1 1 0734073592 LICK
092 1 1 1 0734230640 LICK
092 1 1 1 0734409444 LICK
092 1 1 1 0734540188 RESP_END
092 1 1 1 0733710732 REWARD_END
093 0 2 9 0737241060 STIM_START
093 0 2 9 0740366424 STIM_END_RESP_START
093 0 2 9 0741566456 RESP_END
094 1 3 6 0743286908 STIM_START
094 1 3 6 0746562308 STIM_END_RESP_START
094 1 3 6 0746946948 LICK
094 1 3 6 0746947436 REWARD_START
094 1 3 6 0747136012 LICK
094 1 3 6 0747306264 LICK
094 1 3 6 0747508948 LICK
094 1 3 6 0747762324 RESP_END
094 1 3 6 0746960460 REWARD_END
095 1 2 6 0749473984 STIM_START
095 1 2 6 0752599340 STIM_END_RESP_START
095 1 2 6 0752983788 LICK
095 1 2 6 0752984284 REWARD_START
095 1 2 6 0753174168 LICK
095 1 2 6 0753342868 LICK
095 1 2 6 0753526004 LICK
095 1 2 6 0753692020 LICK
095 1 2 6 0753799384 RESP_END
095 1 2 6 0752997300 REWARD_END
096 0 3 5 0755519940 STIM_START
096 0 3 5 0758795312 STIM_END_RESP_START
096 0 3 5 0759995344 RESP_END
097 0 1 10 0761701928 STIM_START
097 0 1 10 0764777292 STIM_END_RESP_START
097 0 1 10 0765977328 RESP_END
098 2 4 4 0767698972 STIM_START
098 2 4 4 0771224364 STIM_END_RESP_START
098 2 4 4 0772389636 LICK
098 2 4 4 0772390128 REWARD_START
098 2 4 4 0772424392 RESP_END
098 2 4 4 0772403144 REWARD_END
099 1 2 6 0775109132 STIM_START
099 1 2 6 0778234496 STIM_END_RESP_START
099 1 2 6 0778439772 LICK
099 1 2 6 0778440260 REWARD_START
099 1 2 6 0778657964 LICK
099 1 2 6 0778788132 LICK
099 1 2 6 0778980864 LICK
099 1 2 6 0779318292 LICK
099 1 2 6 0779434516 RESP_END
099 1 2 6 0778453280 REWARD_END
100 1 1 10 0781139112 STIM_START
100 1 1 10 0783140196 LICK
100 1 1 10 0783339492 LICK
100 1 1 10 0783560244 LICK
100 1 1 10 0784214472 STIM_END_RESP_START
100 1 1 10 0784418408 LICK
100 1 1 10 0784418900 REWARD_START
100 1 1 10 0784897428 LICK
100 1 1 10 0785038892 LICK
100 1 1 10 0785230064 LICK
100 1 1 10 0785396056 LICK
100 1 1 10 0785414512 RESP_END
100 1 1 10 0784431920 REWARD_END
101 0 5 4 0787150104 STIM_START
101 0 5 4 0789844016 LICK
101 0 5 4 0790020304 LICK
101 0 5 4 0791175576 STIM_END_RESP_START
101 0 5 4 0792375612 RESP_END
102 1 4 7 0794097188 STIM_START
102 1 4 7 0797622628 STIM_END_RESP_START
102 1 4 7 0797991572 LICK
102 1 4 7 0797992064 REWARD_START
102 1 4 7 0798161856 LICK
102 1 4 7 0798358292 LICK
102 1 4 7 0798822664 RESP_END
102 1 4 7 0798005084 REWARD_END
103 1 1 5 0801208332 STIM_START
103 1 1 5 0804283696 STIM_END_RESP_START
103 1 1 5 0804571176 LICK
103 1 1 5 0804571664 REWARD_START
103 1 1 5 0804777756 LICK
103 1 1 5 0804975632 LICK
103 1 1 5 0805483716 RESP_END
103 1 1 5 0804584668 REWARD_END
104 1 5 10 0808547520 STIM_START
104 1 5 10 0811044832 LICK
104 1 5 10 0811192688 LICK
104 1 5 10 0811248012 LICK
104 1 5 10 0811409668 LICK
104 1 5 10 0811618504 LICK
104 1 5 10 0812572988 STIM_END_RESP_START
104 1 5 10 0812605472 LICK
104 1 5 10 0812605960 REWARD_START
104 1 5 10 0812839084 LICK
104 1 5 10 0812996976 LICK
104 1 5 10 0813169644 LICK
104 1 5 10 0813354020 LICK
104 1 5 10 0813537756 LICK
104 1 5 10 0813773004 RESP_END
104 1 5 10 0812618984 REWARD_END
105 0 5 5 0815509716 STIM_START
105 0 5 5 0819535176 STIM_END_RESP_START
105 0 5 5 0820735212 RESP_END
106 2 2 4 0822442784 STIM_START
106 2 2 4 0825127512 LICK
106 2 2 4 0825568172 STIM_END_RESP_START
106 2 2 4 0825917296 LICK
106 2 2 4 0825917788 REWARD_START
106 2 2 4 0826187924 LICK
106 2 2 4 0826511768 LICK
106 2 2 4 0826768212 RESP_END
106 2 2 4 0825930808 REWARD_END
107 1 1 8 0829020876 STIM_START
107 1 1 8 0832096240 STIM_END_RESP_START
107 1 1 8 0832453488 LICK
107 1 1 8 0832453976 REWARD_START
107 1 1 8 0832646304 LICK
107 1 1 8 0832825240 LICK
107 1 1 8 0833003544 LICK
107 1 1 8 0833192284 LICK
107 1 1 8 0833296272 RESP_END
107 1 1 8 0832467000 REWARD_END
108 0 1 10 0836836216 STIM_START
108 0 1 10 0839040744 LICK
108 0 1 10 0839467028 LICK
108 0 1 10 0839911592 STIM_END_RESP_START
108 0 1 10 0840360396 LICK
108 0 1 10 0840360876 TIMEOUT_START
108 0 1 10 0841111632 RESP_END
108 0 1 10 0847361368 TIMEOUT_END
109 0 1 3 0849072160 STIM_START
109 0 1 3 0852147520 STIM_END_RESP_START
109 0 1 3 0853347556 RESP_END
110 2 4 5 0855072136 STIM_START
110 2 4 5 0858597572 STIM_END_RESP_START
110 2 4 5 0859111976 LICK
110 2 4 5 0859112472 REWARD_START
110 2 4 5 0859307156 LICK
110 2 4 5 0859506956 LICK
110 2 4 5 0859718552 LICK
110 2 4 5 0859797608 RESP_END
110 2 4 5 0859125488 REWARD_END
111 1 3 10 0861616192 STIM_START
111 1 3 10 0864891592 STIM_END_RESP_START
111 1 3 10 0865332064 LICK
111 1 3 10 0865332556 REWARD_START
111 1 3 10 0865486376 LICK
111 1 3 10 0865681324 LICK
111 1 3 10 0865881224 LICK
111 1 3 10 0866069108 LICK
111 1 3 10 0866091616 RESP_END
111 1 3 10 0865345576 REWARD_END
112 2 3 9 0868522276 STIM_START
112 2 3 9 0871797676 STIM_END_RESP_START
112 2 3 9 0871970428 LICK
112 2 3 9 0871970916 REWARD_START
112 2 3 9 0872128936 LICK
112 2 3 9 0872285592 LICK
112 2 3 9 0872493204 LICK
112 2 3 9 0872997720 RESP_END
112 2 3 9 0871983936 REWARD_END
113 0 1 8 0876127552 STIM_START
113 0 1 8 0879202920 STIM_END_RESP_START
113 0 1 8 0880402956 RESP_END
114 0 2 5 0882111564 STIM_START
114 0 2 5 0885236920 STIM_END_RESP_START
114 0 2 5 0886436956 RESP_END
115 2 5 4 0888186488 STIM_START
115 2 5 4 0892211984 STIM_END_RESP_START
115 2 5 4 0893412020 RESP_END
116 1 3 3 0895127600 STIM_START
116 1 3 3 0898403000 STIM_END_RESP_START
116 1 3 3 0899269256 LICK
116 1 3 3 0899269748 REWARD_START
116 1 3 3 0899460236 LICK
116 1 3 3 0899603016 RESP_END
116 1 3 3 0899282764 REWARD_END
117 2 3 3 0902118732 STIM_START
117 2 3 3 0905394132 STIM_END_RESP_START
117 2 3 3 0906594168 RESP_END
118 0 1 10 0908295740 STIM_START
118 0 1 10 0911371104 STIM_END_RESP_START
118 0 1 10 0911485204 LICK
118 0 1 10 0911485688 TIMEOUT_START
118 0 1 10 0911666544 LICK
118 0 1 10 0911667028 TIMEOUT_START
118 0 1 10 0911887524 LICK
118 0 1 10 0911888012 TIMEOUT_START
118 0 1 10 0912571156 RESP_END
118 0 1 10 0918888500 TIMEOUT_END
119 1 1 10 0920589776 STIM_START
119 1 1 10 0923665140 STIM_END_RESP_START
119 1 1 10 0924060024 LICK
119 1 1 10 0924060504 REWARD_START
119 1 1 10 0924268424 LICK
119 1 1 10 0924441092 LICK
119 1 1 10 0924787832 LICK
119 1 1 10 0924865160 RESP_END
119 1 1 10 0924073528 REWARD_END
120 0 4 2 0926683784 STIM_START
120 0 4 2 0930209180 STIM_END_RESP_START
120 0 4 2 0931409220 RESP_END
121 1 1 2 0933105820 STIM_START
121 1 1 2 0936181184 STIM_END_RESP_START
121 1 1 2 0936911832 LICK
121 1 1 2 0936912324 REWARD_START
121 1 1 2 0937066124 LICK
121 1 1 2 0937245608 LICK
121 1 1 2 0937381200 RESP_END
121 1 1 2 0936925332 REWARD_END
122 0 1 7 0939311816 STIM_START
122 0 1 7 0942387180 STIM_END_RESP_START
122 0 1 7 0943587220 RESP_END
123 1 3 10 0945301800 STIM_START
123 1 3 10 0948577204 STIM_END_RESP_START
123 1 3 10 0948870776 LICK
123 1 3 10 0948871268 REWARD_START
123 1 3 10 0949076412 LICK
123 1 3 10 0949243288 LICK
123 1 3 10 0949746040 LICK
123 1 3 10 0949777212 RESP_END
123 1 3 10 0948884284 REWARD_END
124 1 4 4 0951516816 STIM_START
124 1 4 4 0955042224 STIM_END_RESP_START
124 1 4 4 0955308496 LICK
124 1 4 4 0955308984 REWARD_START
124 1 4 4 0955548264 LICK
124 1 4 4 0955698216 LICK
124 1 4 4 0956242260 RESP_END
124 1 4 4 0955322004 REWARD_END
125 2 2 10 0959230088 STIM_START
125 2 2 10 0962355448 STIM_END_RESP_START
125 2 2 10 0962468628 LICK
125 2 2 10 0962469120 REWARD_START
125 2 2 10 0962622024 LICK
125 2 2 10 0962842660 LICK
125 2 2 10 0963004312 LICK
125 2 2 10 0963555484 RESP_END
125 2 2 10 0962482136 REWARD_END
126 0 4 7 0965273008 STIM_START
126 0 4 7 0968798448 STIM_END_RESP_START
126 0 4 7 0969836456 LICK
126 0 4 7 0969836948 TIMEOUT_START
126 0 4 7 0969982512 LICK
126 0 4 7 0969983000 TIMEOUT_START
126 0 4 7 0969998464 RESP_END
126 0 4 7 0976983484 TIMEOUT_END
127 2 3 8 0978701248 STIM_START
127 2 3 8 0981976628 STIM_END_RESP_START
127 2 3 8 0982255144 LICK
127 2 3 8 0982255640 REWARD_START
127 2 3 8 0983176676 RESP_END
127 2 3 8 0982268660 REWARD_END
128 0 5 4 0996708148 STIM_START
128 0 5 4 0996834816 LICK
128 0 5 4 1000733636 STIM_END_RESP_START
128 0 5 4 1001933652 RESP_END
129 2 4 3 1003659284 STIM_START
129 2 4 3 1007184692 STIM_END_RESP_START
129 2 4 3 1007909872 LICK
129 2 4 3 1007910412 REWARD_START
129 2 4 3 1008117996 LICK
129 2 4 3 1008279824 LICK
129 2 4 3 1008384740 RESP_END
129 2 4 3 1007923488 REWARD_END
130 1 2 10 1010373376 STIM_START
130 1 2 10 1013498748 STIM_END_RESP_START
130 1 2 10 1013751572 LICK
130 1 2 10 1013752112 REWARD_START
130 1 2 10 1013993092 LICK
130 1 2 10 1014165856 LICK
130 1 2 10 1014345276 LICK
130 1 2 10 1014698788 RESP_END
130 1 2 10 1013765176 REWARD_END
131 0 4 8 1017553496 STIM_START
131 0 4 8 1020852644 LICK
131 0 4 8 1021019176 LICK
131 0 4 8 1021078936 STIM_END_RESP_START
131 0 4 8 1021257800 LICK
131 0 4 8 1021258336 TIMEOUT_START
131 0 4 8 1022278976 RESP_END
131 0 4 8 1028258880 TIMEOUT_END
132 1 3 5 1029976564 STIM_START
132 1 3 5 1033251948 STIM_END_RESP_START
132 1 3 5 1033708740 LICK
132 1 3 5 1033709272 REWARD_START
132 1 3 5 1033860872 LICK
132 1 3 5 1034053816 LICK
132 1 3 5 1034451980 RESP_END
132 1 3 5 1033722348 REWARD_END
133 1 5 10 1037108728 STIM_START
133 1 5 10 1041134200 STIM_END_RESP_START
133 1 5 10 1041313632 LICK
133 1 5 10 1041314168 REWARD_START
133 1 5 10 1041495928 LICK
133 1 5 10 1041676176 LICK
133 1 5 10 1041858820 LICK
133 1 5 10 1042226472 LICK
133 1 5 10 1042334232 RESP_END
133 1 5 10 1041327248 REWARD_END
134 2 2 8 1045362040 STIM_START
134 2 2 8 1048487412 STIM_END_RESP_START
134 2 2 8 1048866288 LICK
134 2 2 8 1048866824 REWARD_START
134 2 2 8 1049103220 LICK
134 2 2 8 1049254176 LICK
134 2 2 8 1049460220 LICK
134 2 2 8 1049687448 RESP_END
134 2 2 8 1048879892 REWARD_END
135 0 3 1 1052425184 STIM_START
135 0 3 1 1055700568 STIM_END_RESP_START
135 0 3 1 1056552144 LICK
135 0 3 1 1056552672 TIMEOUT_START
135 0 3 1 1056759352 LICK
135 0 3 1 1056759888 TIMEOUT_START
135 0 3 1 1056900596 RESP_END
135 0 3 1 1063760428 TIMEOUT_END
136 1 2 6 1065474336 STIM_START
136 1 2 6 1068599704 STIM_END_RESP_START
136 1 2 6 1068947880 LICK
136 1 2 6 1068948408 REWARD_START
136 1 2 6 1069150372 LICK
136 1 2 6 1069330564 LICK
136 1 2 6 1069511532 LICK
136 1 2 6 1069799744 RESP_END
136 1 2 6 1068961488 REWARD_END
137 0 4 9 1072565480 STIM_START
137 0 4 9 1076090896 STIM_END_RESP_START
137 0 4 9 1077290900 RESP_END
138 1 2 7 1079001580 STIM_START
138 1 2 7 1082126952 STIM_END_RESP_START
138 1 2 7 1082344820 LICK
138 1 2 7 1082345352 REWARD_START
138 1 2 7 1082501968 LICK
138 1 2 7 1082691512 LICK
138 1 2 7 1082857796 LICK
138 1 2 7 1083326976 RESP_END
138 1 2 7 1082358428 REWARD_END
139 1 2 1 1085761608 STIM_START
139 1 2 1 1087133480 LICK
139 1 2 1 1088886964 STIM_END_RESP_START
139 1 2 1 1089138276 LICK
139 1 2 1 1089138812 REWARD_START
139 1 2 1 1089350300 LICK
139 1 2 1 1089493412 LICK
139 1 2 1 1089648856 LICK
139 1 2 1 1090086972 RESP_END
139 1 2 1 1089151884 REWARD_END
140 1 2 3 1091961652 STIM_START
140 1 2 3 1095087020 STIM_END_RESP_START
140 1 2 3 1095347376 LICK
140 1 2 3 1095347908 REWARD_START
140 1 2 3 1095474332 LICK
140 1 2 3 1095655676 LICK
140 1 2 3 1096287060 RESP_END
140 1 2 3 1095360984 REWARD_END
141 0 1 9 1099254828 STIM_START
141 0 1 9 1102330208 STIM_END_RESP_START
141 0 1 9 1103530224 RESP_END
142 1 3 2 1105246800 STIM_START
142 1 3 2 1108522184 STIM_END_RESP_START
142 1 3 2 1108847572 LICK
142 1 3 2 1108848112 REWARD_START
142 1 3 2 1109080108 LICK
142 1 3 2 1109238888 LICK
142 1 3 2 1109722204 RESP_END
142 1 3 2 1108861188 REWARD_END
143 2 1 7 1111428832 STIM_START
143 2 1 7 1111784604 LICK
143 2 1 7 1114504204 STIM_END_RESP_START
143 2 1 7 1115704212 RESP_END
144 0 5 7 1118162900 STIM_START
144 0 5 7 1121705320 LICK
144 0 5 7 1121943320 LICK
144 0 5 7 1122175144 LICK
144 0 5 7 1122188392 STIM_END_RESP_START
144 0 5 7 1123388440 RESP_END
145 0 2 8 1125840144 STIM_START
145 0 2 8 1128965516 STIM_END_RESP_START
145 0 2 8 1130165532 RESP_END
146 2 1 4 1131862124 STIM_START
146 2 1 4 1134937504 STIM_END_RESP_START
146 2 1 4 1136137520 RESP_END
147 1 2 5 1138226140 STIM_START
147 1 2 5 1141351516 STIM_END_RESP_START
147 1 2 5 1141834404 LICK
147 1 2 5 1141834940 REWARD_START
147 1 2 5 1142099044 LICK
147 1 2 5 1142234360 LICK
147 1 2 5 1142418480 LICK
147 1 2 5 1142551560 RESP_END
147 1 2 5 1141848012 REWARD_END
148 1 5 3 1144321152 STIM_START
148 1 5 3 1148346628 STIM_END_RESP_START
148 1 5 3 1148560848 LICK
148 1 5 3 1148561380 REWARD_START
148 1 5 3 1148695864 LICK
148 1 5 3 1148878920 LICK
148 1 5 3 1149065936 LICK
148 1 5 3 1149546652 RESP_END
148 1 5 3 1148574456 REWARD_END
149 0 2 4 1151255280 STIM_START
149 0 2 4 1154380652 STIM_END_RESP_START
149 0 2 4 1155580668 RESP_END
150 0 1 6 1157278264 STIM_START
150 0 1 6 1160353640 STIM_END_RESP_START
150 0 1 6 1161553656 RESP_END
151 1 4 3 1163282200 STIM_START
151 1 4 3 1166460532 LICK
151 1 4 3 1166656008 LICK
151 1 4 3 1166807608 STIM_END_RESP_START
151 1 4 3 1166851196 LICK
151 1 4 3 1166851728 REWARD_START
151 1 4 3 1167619056 LICK
151 1 4 3 1167798520 LICK
151 1 4 3 1167950912 LICK
151 1 4 3 1168007628 RESP_END
151 1 4 3 1166864804 REWARD_END
152 0 2 6 1169854308 STIM_START
152 0 2 6 1172979680 STIM_END_RESP_START
152 0 2 6 1174179696 RESP_END
153 0 3 9 1175885292 STIM_START
153 0 3 9 1179160676 STIM_END_RESP_START
153 0 3 9 1180360732 RESP_END
154 1 3 6 1182068248 STIM_START
154 1 3 6 1185343632 STIM_END_RESP_START
154 1 3 6 1186543680 RESP_END
155 1 1 2 1189533504 STIM_START
155 1 1 2 1192608856 STIM_END_RESP_START
155 1 1 2 1192973320 LICK
155 1 1 2 1192973852 REWARD_START
155 1 1 2 1193174248 LICK
155 1 1 2 1193347188 LICK
155 1 1 2 1193745964 LICK
155 1 1 2 1193808880 RESP_END
155 1 1 2 1192986928 REWARD_END
156 0 1 5 1195505456 STIM_START
156 0 1 5 1198411116 LICK
156 0 1 5 1198472996 LICK
156 0 1 5 1198580812 STIM_END_RESP_START
156 0 1 5 1199369488 LICK
156 0 1 5 1199370020 TIMEOUT_START
156 0 1 5 1199780836 RESP_END
156 0 1 5 1206370564 TIMEOUT_END
157 1 3 5 1208088476 STIM_START
157 1 3 5 1211363860 STIM_END_RESP_START
157 1 3 5 1211692888 LICK
157 1 3 5 1211693428 REWARD_START
157 1 3 5 1211922580 LICK
157 1 3 5 1212069844 LICK
157 1 3 5 1212251736 LICK
157 1 3 5 1212563900 RESP_END
157 1 3 5 1211706488 REWARD_END
158 0 1 7 1214372548 STIM_START
158 0 1 7 1217447928 STIM_END_RESP_START
158 0 1 7 1218647944 RESP_END
159 2 1 8 1220358540 STIM_START
159 2 1 8 1223433920 STIM_END_RESP_START
159 2 1 8 1224633936 RESP_END
160 0 4 6 1226354480 STIM_START
160 0 4 6 1229879892 STIM_END_RESP_START
160 0 4 6 1231079908 RESP_END
161 0 1 8 1232782492 STIM_START
161 0 1 8 1235857872 STIM_END_RESP_START
161 0 1 8 1237057888 RESP_END
162 2 2 9 1238763516 STIM_START
162 2 2 9 1241888896 STIM_END_RESP_START
162 2 2 9 1243088948 RESP_END
163 1 2 4 1244808492 STIM_START
163 1 2 4 1247933864 STIM_END_RESP_START
163 1 2 4 1248763048 LICK
163 1 2 4 1248763584 REWARD_START
163 1 2 4 1248902400 LICK
163 1 2 4 1249123024 LICK
163 1 2 4 1249133908 RESP_END
163 1 2 4 1248776660 REWARD_END
164 1 2 6 1250861440 STIM_START
164 1 2 6 1251202736 LICK
164 1 2 6 1252219368 LICK
164 1 2 6 1253517424 LICK
164 1 2 6 1253986800 STIM_END_RESP_START
164 1 2 6 1254541064 LICK
164 1 2 6 1254541604 REWARD_START
164 1 2 6 1254734084 LICK
164 1 2 6 1254917324 LICK
164 1 2 6 1255108704 LICK
164 1 2 6 1255186832 RESP_END
164 1 2 6 1254554680 REWARD_END
165 0 4 4 1256910464 STIM_START
165 0 4 4 1260237712 LICK
165 0 4 4 1260435880 STIM_END_RESP_START
165 0 4 4 1261635896 RESP_END
166 2 5 7 1263369516 STIM_START
166 2 5 7 1266920108 LICK
166 2 5 7 1267395016 STIM_END_RESP_START
166 2 5 7 1267622168 LICK
166 2 5 7 1267622700 REWARD_START
166 2 5 7 1267917912 LICK
166 2 5 7 1268040360 LICK
166 2 5 7 1268196676 LICK
166 2 5 7 1268595044 RESP_END
166 2 5 7 1267635780 REWARD_END
167 1 2 10 1270366700 STIM_START
167 1 2 10 1273492072 STIM_END_RESP_START
167 1 2 10 1273881404 LICK
167 1 2 10 1273881944 REWARD_START
167 1 2 10 1273939924 LICK
167 1 2 10 1274113284 LICK
167 1 2 10 1274295700 LICK
167 1 2 10 1274692104 RESP_END
167 1 2 10 1273895024 REWARD_END
168 1 5 2 1278351944 STIM_START
168 1 5 2 1282377420 STIM_END_RESP_START
168 1 5 2 1282757860 LICK
168 1 5 2 1282758392 REWARD_START
168 1 5 2 1282961704 LICK
168 1 5 2 1283134656 LICK
168 1 5 2 1283577444 RESP_END
168 1 5 2 1282771468 REWARD_END
169 0 3 3 1285857140 STIM_START
169 0 3 3 1289132524 STIM_END_RESP_START
169 0 3 3 1290332540 RESP_END
170 1 1 10 1292039156 STIM_START
170 1 1 10 1295114544 STIM_END_RESP_START
170 1 1 10 1295616268 LICK
170 1 1 10 1295616800 REWARD_START
170 1 1 10 1295825004 LICK
170 1 1 10 1296028856 LICK
170 1 1 10 1296314584 RESP_END
170 1 1 10 1295629872 REWARD_END
171 0 3 3 1298566240 STIM_START
171 0 3 3 1301841616 STIM_END_RESP_START
171 0 3 3 1303041632 RESP_END
172 1 5 6 1304781216 STIM_START
172 1 5 6 1308806688 STIM_END_RESP_START
172 1 5 6 1309224984 LICK
172 1 5 6 1309225516 REWARD_START
172 1 5 6 1309419880 LICK
172 1 5 6 1310006720 RESP_END
172 1 5 6 1309238596 REWARD_END
173 2 5 3 1313628760 STIM_START
173 2 5 3 1317654228 STIM_END_RESP_START
173 2 5 3 1317869120 LICK
173 2 5 3 1317869656 REWARD_START
173 2 5 3 1318019292 LICK
173 2 5 3 1318207880 LICK
173 2 5 3 1318351128 LICK
173 2 5 3 1318854240 RESP_END
173 2 5 3 1317882728 REWARD_END
174 2 4 5 1321353916 STIM_START
174 2 4 5 1324879328 STIM_END_RESP_START
174 2 4 5 1325922540 LICK
174 2 4 5 1325923072 REWARD_START
174 2 4 5 1326079376 RESP_END
174 2 4 5 1325936148 REWARD_END
175 0 2 6 1328236056 STIM_START
175 0 2 6 1328583912 LICK
175 0 2 6 1331361436 STIM_END_RESP_START
175 0 2 6 1332561452 RESP_END
176 1 4 5 1334286032 STIM_START
176 1 4 5 1337811448 STIM_END_RESP_START
176 1 4 5 1338147416 LICK
176 1 4 5 1338147952 REWARD_START
176 1 4 5 1338332096 LICK
176 1 4 5 1338530104 LICK
176 1 4 5 1338699056 LICK
176 1 4 5 1338899068 LICK
176 1 4 5 1339011476 RESP_END
176 1 4 5 1338161024 REWARD_END
177 1 5 10 1340804064 STIM_START
177 1 5 10 1344829544 STIM_END_RESP_START
177 1 5 10 1344907384 LICK
177 1 5 10 1344907912 REWARD_START
177 1 5 10 1345073544 LICK
177 1 5 10 1345274184 LICK
177 1 5 10 1345441248 LICK
177 1 5 10 1345643852 LICK
177 1 5 10 1346029592 RESP_END
177 1 5 10 1344920988 REWARD_END
178 1 1 2 1347733224 STIM_START
178 1 1 2 1350808608 STIM_END_RESP_START
178 1 1 2 1351147896 LICK
178 1 1 2 1351148432 REWARD_START
178 1 1 2 1351373008 LICK
178 1 1 2 1351549652 LICK
178 1 1 2 1351779056 LICK
178 1 1 2 1351926488 LICK
178 1 1 2 1352008628 RESP_END
178 1 1 2 1351161508 REWARD_END
179 0 4 9 1353726188 STIM_START
179 0 4 9 1357251636 STIM_END_RESP_START
179 0 4 9 1357255300 LICK
179 0 4 9 1357255844 TIMEOUT_START
179 0 4 9 1358451672 RESP_END
179 0 4 9 1364256376 TIMEOUT_END
180 1 3 1 1365975188 STIM_START
180 1 3 1 1369250564 STIM_END_RESP_START
180 1 3 1 1369696392 LICK
180 1 3 1 1369696928 REWARD_START
180 1 3 1 1369875940 LICK
180 1 3 1 1370049212 LICK
180 1 3 1 1370207012 LICK
180 1 3 1 1370391992 LICK
180 1 3 1 1370450584 RESP_END
180 1 3 1 1369710004 REWARD_END
181 2 2 9 1372153192 STIM_START
181 2 2 9 1375278564 STIM_END_RESP_START
181 2 2 9 1375905776 LICK
181 2 2 9 1375906316 REWARD_START
181 2 2 9 1376084032 LICK
181 2 2 9 1376268872 LICK
181 2 2 9 1376478608 RESP_END
181 2 2 9 1375919396 REWARD_END
182 0 2 3 1379525380 STIM_START
182 0 2 3 1379906060 LICK
182 0 2 3 1382650760 STIM_END_RESP_START
182 0 2 3 1383850776 RESP_END
183 2 2 3 1385840400 STIM_START
183 2 2 3 1388965768 STIM_END_RESP_START
183 2 2 3 1389182876 LICK
183 2 2 3 1389183416 REWARD_START
183 2 2 3 1389339268 LICK
183 2 2 3 1389544052 LICK
183 2 2 3 1389703708 LICK
183 2 2 3 1390165796 RESP_END
183 2 2 3 1389196492 REWARD_END
184 0 4 6 1391897348 STIM_START
184 0 4 6 1395422764 STIM_END_RESP_START
184 0 4 6 1396622780 RESP_END
185 1 1 9 1398329440 STIM_START
185 1 1 9 1401404820 STIM_END_RESP_START
185 1 1 9 1401801368 LICK
185 1 1 9 1401801908 REWARD_START
185 1 1 9 1401867292 LICK
185 1 1 9 1402021296 LICK
185 1 1 9 1402230660 LICK
185 1 1 9 1402604860 RESP_END
185 1 1 9 1401814980 REWARD_END
186 0 4 8 1404323400 STIM_START
186 0 4 8 1407848816 STIM_END_RESP_START
186 0 4 8 1408548000 LICK
186 0 4 8 1408548532 TIMEOUT_START
186 0 4 8 1408803008 LICK
186 0 4 8 1408803536 TIMEOUT_START
186 0 4 8 1408982364 LICK
186 0 4 8 1408982896 TIMEOUT_START
186 0 4 8 1409048860 RESP_END
186 0 4 8 1415983440 TIMEOUT_END
187 1 5 5 1417724600 STIM_START
187 1 5 5 1421750072 STIM_END_RESP_START
187 1 5 5 1422079952 LICK
187 1 5 5 1422080492 REWARD_START
187 1 5 5 1422252056 LICK
187 1 5 5 1422437000 LICK
187 1 5 5 1422634332 LICK
187 1 5 5 1422950120 RESP_END
187 1 5 5 1422093572 REWARD_END
188 2 3 1 1424665748 STIM_START
188 2 3 1 1427941124 STIM_END_RESP_START
188 2 3 1 1428200828 LICK
188 2 3 1 1428201360 REWARD_START
188 2 3 1 1428365776 LICK
188 2 3 1 1428537504 LICK
188 2 3 1 1428724372 LICK
188 2 3 1 1429141148 RESP_END
188 2 3 1 1428214436 REWARD_END
189 0 1 3 1430851684 STIM_START
189 0 1 3 1431017848 LICK
189 0 1 3 1433927044 STIM_END_RESP_START
189 0 1 3 1434248552 LICK
189 0 1 3 1434249084 TIMEOUT_START
189 0 1 3 1434480716 LICK
189 0 1 3 1434481244 TIMEOUT_START
189 0 1 3 1434630904 LICK
189 0 1 3 1434631444 TIMEOUT_START
189 0 1 3 1434858724 LICK
189 0 1 3 1434859256 TIMEOUT_START
189 0 1 3 1435127060 RESP_END
189 0 1 3 1441859804 TIMEOUT_END
190 0 5 6 1443608828 STIM_START
190 0 5 6 1447634300 STIM_END_RESP_START
190 0 5 6 1448834316 RESP_END
191 0 5 6 1450568996 STIM_START
191 0 5 6 1454594468 STIM_END_RESP_START
191 0 5 6 1455794484 RESP_END
192 1 4 3 1457513040 STIM_START
192 1 4 3 1461038456 STIM_END_RESP_START
192 1 4 3 1461409832 LICK
192 1 4 3 1461410364 REWARD_START
192 1 4 3 1461635664 LICK
192 1 4 3 1461783264 LICK
192 1 4 3 1461966764 LICK
192 1 4 3 1462126496 LICK
192 1 4 3 1462238472 RESP_END
192 1 4 3 1461423444 REWARD_END
193 0 1 3 1463938104 STIM_START
193 0 1 3 1467013484 STIM_END_RESP_START
193 0 1 3 1468213500 RESP_END
194 1 5 8 1469958092 STIM_START
194 1 5 8 1473983568 STIM_END_RESP_START
194 1 5 8 1474295848 LICK
194 1 5 8 1474296380 REWARD_START
194 1 5 8 1474469348 LICK
194 1 5 8 1474669928 LICK
194 1 5 8 1475183624 RESP_END
194 1 5 8 1474309460 REWARD_END
195 1 4 8 1477426284 STIM_START
195 1 4 8 1479858608 LICK
195 1 4 8 1480267312 LICK
195 1 4 8 1480951724 STIM_END_RESP_START
195 1 4 8 1480992004 LICK
195 1 4 8 1480992536 REWARD_START
195 1 4 8 1481268512 LICK
195 1 4 8 1481391928 LICK
195 1 4 8 1482151752 RESP_END
195 1 4 8 1481005612 REWARD_END
196 1 2 6 1484229376 STIM_START
196 1 2 6 1487354748 STIM_END_RESP_START
196 1 2 6 1487571312 LICK
196 1 2 6 1487571844 REWARD_START
196 1 2 6 1487732676 LICK
196 1 2 6 1487930960 LICK
196 1 2 6 1488111572 LICK
196 1 2 6 1488270964 LICK
196 1 2 6 1488554792 RESP_END
196 1 2 6 1487584920 REWARD_END
197 0 2 3 1490269368 STIM_START
197 0 2 3 1493394740 STIM_END_RESP_START
197 0 2 3 1493755520 LICK
197 0 2 3 1493756060 TIMEOUT_START
197 0 2 3 1493930036 LICK
197 0 2 3 1493930568 TIMEOUT_START
197 0 2 3 1494234392 LICK
197 0 2 3 1494234924 TIMEOUT_START
197 0 2 3 1494488560 LICK
197 0 2 3 1494489096 TIMEOUT_START
197 0 2 3 1494594760 RESP_END
197 0 2 3 1501489640 TIMEOUT_END
198 0 2 10 1503197496 STIM_START
198 0 2 10 1506322868 STIM_END_RESP_START
198 0 2 10 1507522884 RESP_END
199 0 3 6 1509243468 STIM_START
199 0 3 6 1512518852 STIM_END_RESP_START
199 0 3 6 1513718868 RESP_END
200 2 2 2 1515428452 STIM_START
200 2 2 2 1518553824 STIM_END_RESP_START
200 2 2 2 1519753840 RESP_END
201 0 5 8 1521486460 STIM_START
201 0 5 8 1525511932 STIM_END_RESP_START
201 0 5 8 1526711948 RESP_END
202 1 3 10 1528420564 STIM_START
202 1 3 10 1531695944 STIM_END_RESP_START
202 1 3 10 1532632604 LICK
202 1 3 10 1532633144 REWARD_START
202 1 3 10 1532847660 LICK
202 1 3 10 1532895976 RESP_END
202 1 3 10 1532646216 REWARD_END
203 1 4 9 1535162700 STIM_START
203 1 4 9 1538688124 STIM_END_RESP_START
203 1 4 9 1539093220 LICK
203 1 4 9 1539093760 REWARD_START
203 1 4 9 1539323240 LICK
203 1 4 9 1539504920 LICK
203 1 4 9 1539849644 LICK
203 1 4 9 1539888164 RESP_END
203 1 4 9 1539106836 REWARD_END
204 1 1 1 1541597692 STIM_START
204 1 1 1 1544673072 STIM_END_RESP_START
204 1 1 1 1544849636 LICK
204 1 1 1 1544850168 REWARD_START
204 1 1 1 1544972396 LICK
204 1 1 1 1545173872 LICK
204 1 1 1 1545873096 RESP_END
204 1 1 1 1544863244 REWARD_END
205 0 2 3 1548420780 STIM_START
205 0 2 3 1551546152 STIM_END_RESP_START
205 0 2 3 1552746168 RESP_END
206 0 2 2 1554444820 STIM_START
206 0 2 2 1557570188 STIM_END_RESP_START
206 0 2 2 1558770204 RESP_END
207 1 5 3 1560505788 STIM_START
207 1 5 3 1564531264 STIM_END_RESP_START
207 1 5 3 1564900452 LICK
207 1 5 3 1564900984 REWARD_START
207 1 5 3 1565097956 LICK
207 1 5 3 1565287408 LICK
207 1 5 3 1565479396 LICK
207 1 5 3 1565731280 RESP_END
207 1 5 3 1564914060 REWARD_END
208 1 2 4 1567434916 STIM_START
208 1 2 4 1570560292 STIM_END_RESP_START
208 1 2 4 1570895500 LICK
208 1 2 4 1570896040 REWARD_START
208 1 2 4 1571092188 LICK
208 1 2 4 1571265668 LICK
208 1 2 4 1571760312 RESP_END
208 1 2 4 1570909112 REWARD_END
209 1 2 5 1574135968 STIM_START
209 1 2 5 1577261340 STIM_END_RESP_START
209 1 2 5 1577438808 LICK
209 1 2 5 1577439348 REWARD_START
209 1 2 5 1577565352 LICK
209 1 2 5 1577738236 LICK
209 1 2 5 1578461384 RESP_END
209 1 2 5 1577452420 REWARD_END
210 0 2 8 1580534036 STIM_START
210 0 2 8 1583659408 STIM_END_RESP_START
210 0 2 8 1584416664 LICK
210 0 2 8 1584417204 TIMEOUT_START
210 0 2 8 1584573452 LICK
210 0 2 8 1584573984 TIMEOUT_START
210 0 2 8 1584775224 LICK
210 0 2 8 1584775756 TIMEOUT_START
210 0 2 8 1584859428 RESP_END
210 0 2 8 1591776308 TIMEOUT_END
211 0 4 2 1593495180 STIM_START
211 0 4 2 1597020596 STIM_END_RESP_START
211 0 4 2 1598220616 RESP_END
212 2 2 4 1599932224 STIM_START
212 2 2 4 1603057596 STIM_END_RESP_START
212 2 2 4 1604042188 LICK
212 2 2 4 1604042720 REWARD_START
212 2 2 4 1604216668 LICK
212 2 2 4 1604257624 RESP_END
212 2 2 4 1604055800 REWARD_END
213 0 5 1 1606355244 STIM_START
213 0 5 1 1610380724 STIM_END_RESP_START
213 0 5 1 1611580740 RESP_END
214 0 1 5 1613285336 STIM_START
214 0 1 5 1616360724 STIM_END_RESP_START
214 0 1 5 1617560740 RESP_END
215 1 2 10 1619274308 STIM_START
215 1 2 10 1622399676 STIM_END_RESP_START
215 1 2 10 1623171284 LICK
215 1 2 10 1623171816 REWARD_START
215 1 2 10 1623395916 LICK
215 1 2 10 1623525244 LICK
215 1 2 10 1623599696 RESP_END
215 1 2 10 1623184892 REWARD_END
216 0 4 7 1625663360 STIM_START
216 0 4 7 1629188772 STIM_END_RESP_START
216 0 4 7 1630388788 RESP_END
217 1 5 3 1632131432 STIM_START
217 1 5 3 1636156908 STIM_END_RESP_START
217 1 5 3 1636502660 LICK
217 1 5 3 1636503192 REWARD_START
217 1 5 3 1636742488 LICK
217 1 5 3 1636914724 LICK
217 1 5 3 1637356916 RESP_END
217 1 5 3 1636516272 REWARD_END
218 1 3 7 1639549644 STIM_START
218 1 3 7 1642639428 LICK
218 1 3 7 1642825020 STIM_END_RESP_START
218 1 3 7 1643115616 LICK
218 1 3 7 1643116148 REWARD_START
218 1 3 7 1643183220 LICK
218 1 3 7 1643335076 LICK
218 1 3 7 1643528104 LICK
218 1 3 7 1643714744 LICK
218 1 3 7 1644025060 RESP_END
218 1 3 7 1643129224 REWARD_END
219 1 3 9 1645963696 STIM_START
219 1 3 9 1649239080 STIM_END_RESP_START
219 1 3 9 1649403832 LICK
219 1 3 9 1649404372 REWARD_START
219 1 3 9 1649523108 LICK
219 1 3 9 1649705492 LICK
219 1 3 9 1649874216 LICK
219 1 3 9 1650439124 RESP_END
219 1 3 9 1649417432 REWARD_END
220 0 3 1 1652454732 STIM_START
220 0 3 1 1655546416 LICK
220 0 3 1 1655730116 STIM_END_RESP_START
220 0 3 1 1655761304 LICK
220 0 3 1 1655761836 TIMEOUT_START
220 0 3 1 1655975188 LICK
220 0 3 1 1655975720 TIMEOUT_START
220 0 3 1 1656930156 RESP_END
220 0 3 1 1662976268 TIMEOUT_END
221 1 4 9 1664707688 STIM_START
221 1 4 9 1668233096 STIM_END_RESP_START
221 1 4 9 1668451856 LICK
221 1 4 9 1668452396 REWARD_START
221 1 4 9 1668648748 LICK
221 1 4 9 1668848936 LICK
221 1 4 9 1669026800 LICK
221 1 4 9 1669433144 RESP_END
221 1 4 9 1668465468 REWARD_END
222 0 1 6 1671637824 STIM_START
222 0 1 6 1674713208 STIM_END_RESP_START
222 0 1 6 1675913264 RESP_END
223 0 3 8 1677628832 STIM_START
223 0 3 8 1680904220 STIM_END_RESP_START
223 0 3 8 1682104264 RESP_END
224 1 4 7 1683828812 STIM_START
224 1 4 7 1687354216 STIM_END_RESP_START
224 1 4 7 1687682136 LICK
224 1 4 7 1687682668 REWARD_START
224 1 4 7 1687921400 LICK
224 1 4 7 1688072792 LICK
224 1 4 7 1688447420 LICK
224 1 4 7 1688554264 RESP_END
224 1 4 7 1687695744 REWARD_END
225 0 1 9 1690259832 STIM_START
225 0 1 9 1693335208 STIM_END_RESP_START
225 0 1 9 1694535224 RESP_END
226 2 3 8 1696249848 STIM_START
226 2 3 8 1699525228 STIM_END_RESP_START
226 2 3 8 1700694008 LICK
226 2 3 8 1700694544 REWARD_START
226 2 3 8 1700725260 RESP_END
226 2 3 8 1700707620 REWARD_END
227 0 2 1 1703871024 STIM_START
227 0 2 1 1706996408 STIM_END_RESP_START
227 0 2 1 1708196420 RESP_END
228 2 3 2 1710923176 STIM_START
228 2 3 2 1714198560 STIM_END_RESP_START
228 2 3 2 1715398608 RESP_END
229 0 1 6 1717485304 STIM_START
229 0 1 6 1720560688 STIM_END_RESP_START
229 0 1 6 1721760732 RESP_END
230 0 2 10 1723472216 STIM_START
230 0 2 10 1726597584 STIM_END_RESP_START
230 0 2 10 1727797600 RESP_END
231 1 2 4 1729497268 STIM_START
231 1 2 4 1732622640 STIM_END_RESP_START
231 1 2 4 1733002280 LICK
231 1 2 4 1733002812 REWARD_START
231 1 2 4 1733237944 LICK
231 1 2 4 1733385940 LICK
231 1 2 4 1733822680 RESP_END
231 1 2 4 1733015888 REWARD_END
232 1 3 1 1736041308 STIM_START
232 1 3 1 1739316692 STIM_END_RESP_START
232 1 3 1 1739652632 LICK
232 1 3 1 1739653172 REWARD_START
232 1 3 1 1739868660 LICK
232 1 3 1 1740061040 LICK
232 1 3 1 1740224260 LICK
232 1 3 1 1740516728 RESP_END
232 1 3 1 1739666240 REWARD_END
233 0 3 3 1742231260 STIM_START
233 0 3 3 1745506644 STIM_END_RESP_START
233 0 3 3 1746706660 RESP_END
234 1 5 10 1748449280 STIM_START
234 1 5 10 1752474756 STIM_END_RESP_START
234 1 5 10 1752831408 LICK
234 1 5 10 1752831944 REWARD_START
234 1 5 10 1753022884 LICK
234 1 5 10 1753209972 LICK
234 1 5 10 1753674808 RESP_END
234 1 5 10 1752845024 REWARD_END
235 2 3 2 1755604452 STIM_START
235 2 3 2 1758879840 STIM_END_RESP_START
235 2 3 2 1760079848 RESP_END
236 1 4 4 1761798480 STIM_START
236 1 4 4 1765323892 STIM_END_RESP_START
236 1 4 4 1765678824 LICK
236 1 4 4 1765679364 REWARD_START
236 1 4 4 1765862092 LICK
236 1 4 4 1766035964 LICK
236 1 4 4 1766222024 LICK
236 1 4 4 1766381768 LICK
236 1 4 4 1766523944 RESP_END
236 1 4 4 1765692444 REWARD_END
237 0 2 6 1768224524 STIM_START
237 0 2 6 1771349896 STIM_END_RESP_START
237 0 2 6 1772549912 RESP_END
238 0 5 5 1774295524 STIM_START
238 0 5 5 1778320996 STIM_END_RESP_START
238 0 5 5 1779521012 RESP_END
239 2 1 8 1781226660 STIM_START
239 2 1 8 1784302040 STIM_END_RESP_START
239 2 1 8 1785502056 RESP_END
240 2 2 2 1787211636 STIM_START
240 2 2 2 1790337004 STIM_END_RESP_START
240 2 2 2 1791537020 RESP_END
241 1 4 9 1793251592 STIM_START
241 1 4 9 1796777004 STIM_END_RESP_START
241 1 4 9 1797642660 LICK
241 1 4 9 1797643192 REWARD_START
241 1 4 9 1797789268 LICK
241 1 4 9 1797967184 LICK
241 1 4 9 1797977052 RESP_END
241 1 4 9 1797656272 REWARD_END
242 0 1 7 1799839660 STIM_START
242 0 1 7 1802906768 LICK
242 0 1 7 1802915020 STIM_END_RESP_START
242 0 1 7 1803134884 LICK
242 0 1 7 1803135424 TIMEOUT_START
242 0 1 7 1803316288 LICK
242 0 1 7 1803316816 TIMEOUT_START
242 0 1 7 1804115048 RESP_END
242 0 1 7 1810317364 TIMEOUT_END
243 0 5 1 1812063648 STIM_START
243 0 5 1 1816089120 STIM_END_RESP_START
243 0 5 1 1817289136 RESP_END
244 1 3 5 1818997780 STIM_START
244 1 3 5 1822273160 STIM_END_RESP_START
244 1 3 5 1822629652 LICK
244 1 3 5 1822630192 REWARD_START
244 1 3 5 1822830184 LICK
244 1 3 5 1823027816 LICK
244 1 3 5 1823345888 LICK
244 1 3 5 1823473176 RESP_END
244 1 3 5 1822643272 REWARD_END
245 1 3 5 1825190784 STIM_START
245 1 3 5 1828466168 STIM_END_RESP_START
245 1 3 5 1828841548 LICK
245 1 3 5 1828842080 REWARD_START
245 1 3 5 1829035320 LICK
245 1 3 5 1829236768 LICK
245 1 3 5 1829666192 RESP_END
245 1 3 5 1828855160 REWARD_END
246 0 2 3 1831996848 STIM_START
246 0 2 3 1835122224 STIM_END_RESP_START
246 0 2 3 1836322236 RESP_END
247 1 5 9 1838071908 STIM_START
247 1 5 9 1842097384 STIM_END_RESP_START
247 1 5 9 1842283744 LICK
247 1 5 9 1842284276 REWARD_START
247 1 5 9 1842477880 LICK
247 1 5 9 1842852360 LICK
247 1 5 9 1843009596 LICK
247 1 5 9 1843297416 RESP_END
247 1 5 9 1842297356 REWARD_END
248 2 2 7 1845004956 STIM_START
248 2 2 7 1848130328 STIM_END_RESP_START
248 2 2 7 1849330340 RESP_END
249 0 4 6 1851059012 STIM_START
249 0 4 6 1854584428 STIM_END_RESP_START
249 0 4 6 1855784440 RESP_END
250 1 1 9 1857491000 STIM_START
250 1 1 9 1860566380 STIM_END_RESP_START
250 1 1 9 1860929124 LICK
250 1 1 9 1860929660 REWARD_START
250 1 1 9 1861123484 LICK
250 1 1 9 1861315252 LICK
250 1 1 9 1861627996 LICK
250 1 1 9 1861766408 RESP_END
250 1 1 9 1860942732 REWARD_END
251 0 3 6 1863484012 STIM_START
251 0 3 6 1866759396 STIM_END_RESP_START
251 0 3 6 1867959412 RESP_END
252 1 3 7 1869672008 STIM_START
252 1 3 7 1872947392 STIM_END_RESP_START
252 1 3 7 1873383632 LICK
252 1 3 7 1873384168 REWARD_START
252 1 3 7 1873572784 LICK
252 1 3 7 1874008228 LICK
252 1 3 7 1874147428 RESP_END
252 1 3 7 1873397248 REWARD_END
253 1 1 3 1875912004 STIM_START
253 1 1 3 1878987384 STIM_END_RESP_START
253 1 1 3 1879206048 LICK
253 1 1 3 1879206580 REWARD_START
253 1 1 3 1879331872 LICK
253 1 1 3 1879514688 LICK
253 1 1 3 1879695740 LICK
253 1 1 3 1879876544 LICK
253 1 1 3 1880187412 RESP_END
253 1 1 3 1879219656 REWARD_END
254 0 1 1 1881900956 STIM_START
254 0 1 1 1884976344 STIM_END_RESP_START
254 0 1 1 1886176360 RESP_END
255 2 4 4 1887904944 STIM_START
255 2 4 4 1891430352 STIM_END_RESP_START
255 2 4 4 1891821092 LICK
255 2 4 4 1891821632 REWARD_START
255 2 4 4 1892016576 LICK
255 2 4 4 1892214220 LICK
255 2 4 4 1892387348 LICK
255 2 4 4 1892630384 RESP_END
255 2 4 4 1891834704 REWARD_END
256 0 4 4 1894358012 STIM_START
256 0 4 4 1897883428 STIM_END_RESP_START
256 0 4 4 1899083444 RESP_END
257 0 4 10 1900808060 STIM_START
257 0 4 10 1904333472 STIM_END_RESP_START
257 0 4 10 1905533488 RESP_END
258 0 2 6 1907241152 STIM_START
258 0 2 6 1910366520 STIM_END_RESP_START
258 0 2 6 1911566540 RESP_END
259 1 5 8 1913306092 STIM_START
259 1 5 8 1917331572 STIM_END_RESP_START
259 1 5 8 1917656588 LICK
259 1 5 8 1917657128 REWARD_START
259 1 5 8 1917841696 LICK
259 1 5 8 1918036484 LICK
259 1 5 8 1918379312 LICK
259 1 5 8 1918531624 RESP_END
259 1 5 8 1917670200 REWARD_END
260 2 3 9 1920255248 STIM_START
260 2 3 9 1923530628 STIM_END_RESP_START
260 2 3 9 1924267900 LICK
260 2 3 9 1924268440 REWARD_START
260 2 3 9 1924441520 LICK
260 2 3 9 1924630108 LICK
260 2 3 9 1924730660 RESP_END
260 2 3 9 1924281500 REWARD_END
261 1 5 7 1929113620 STIM_START
261 1 5 7 1933139092 STIM_END_RESP_START
261 1 5 7 1933369060 LICK
261 1 5 7 1933369600 REWARD_START
261 1 5 7 1933523132 LICK
261 1 5 7 1933680592 LICK
261 1 5 7 1934339120 RESP_END
261 1 5 7 1933382676 REWARD_END
262 0 2 5 1936050756 STIM_START
262 0 2 5 1936475500 LICK
262 0 2 5 1939176120 STIM_END_RESP_START
262 0 2 5 1940376136 RESP_END
263 1 2 7 1942089852 STIM_START
263 1 2 7 1945215224 STIM_END_RESP_START
263 1 2 7 1945610616 LICK
263 1 2 7 1945611144 REWARD_START
263 1 2 7 1945842424 LICK
263 1 2 7 1945989852 LICK
263 1 2 7 1946171060 LICK
263 1 2 7 1946375208 LICK
263 1 2 7 1946415268 RESP_END
263 1 2 7 1945624220 REWARD_END
264 0 1 7 1948120720 STIM_START
264 0 1 7 1951196100 STIM_END_RESP_START
264 0 1 7 1952396116 RESP_END
265 0 2 10 1954107720 STIM_START
265 0 2 10 1957233092 STIM_END_RESP_START
265 0 2 10 1958433108 RESP_END
266 1 2 7 1960148736 STIM_START
266 1 2 7 1963274108 STIM_END_RESP_START
266 1 2 7 1963679240 LICK
266 1 2 7 1963679780 REWARD_START
266 1 2 7 1963866972 LICK
266 1 2 7 1964040756 LICK
266 1 2 7 1964207596 LICK
266 1 2 7 1964474152 RESP_END
266 1 2 7 1963692852 REWARD_END
267 0 1 8 1966184668 STIM_START
267 0 1 8 1969260044 STIM_END_RESP_START
267 0 1 8 1970460060 RESP_END
268 1 5 1 1972206648 STIM_START
268 1 5 1 1976232124 STIM_END_RESP_START
268 1 5 1 1976645084 LICK
268 1 5 1 1976645616 REWARD_START
268 1 5 1 1976851912 LICK
268 1 5 1 1977007736 LICK
268 1 5 1 1977432172 RESP_END
268 1 5 1 1976658692 REWARD_END
269 1 2 1 1979740844 STIM_START
269 1 2 1 1982866212 STIM_END_RESP_START
269 1 2 1 1983034376 LICK
269 1 2 1 1983034912 REWARD_START
269 1 2 1 1983203168 LICK
269 1 2 1 1983372836 LICK
269 1 2 1 1983538452 LICK
269 1 2 1 1983707796 LICK
269 1 2 1 1984066228 RESP_END
269 1 2 1 1983047992 REWARD_END
270 0 2 6 1985777828 STIM_START
270 0 2 6 1988903200 STIM_END_RESP_START
270 0 2 6 1990103216 RESP_END
271 2 4 6 1991826832 STIM_START
271 2 4 6 1995352248 STIM_END_RESP_START
271 2 4 6 1995570464 LICK
271 2 4 6 1995571000 REWARD_START
271 2 4 6 1995696796 LICK
271 2 4 6 1995870508 LICK
271 2 4 6 1996044908 LICK
271 2 4 6 1996351412 LICK
271 2 4 6 1996552284 RESP_END
271 2 4 6 1995584080 REWARD_END
272 1 5 6 1998300912 STIM_START
272 1 5 6 2002326388 STIM_END_RESP_START
272 1 5 6 2002531340 LICK
272 1 5 6 2002531876 REWARD_START
272 1 5 6 2002656472 LICK
272 1 5 6 2002828824 LICK
272 1 5 6 2003009168 LICK
272 1 5 6 2003526404 RESP_END
272 1 5 6 2002544956 REWARD_END
273 0 3 2 2005239008 STIM_START
273 0 3 2 2008514388 STIM_END_RESP_START
273 0 3 2 2009714404 RESP_END
274 2 3 3 2011429028 STIM_START
274 2 3 3 2014704408 STIM_END_RESP_START
274 2 3 3 2015181792 LICK
274 2 3 3 2015182332 REWARD_START
274 2 3 3 2015376040 LICK
274 2 3 3 2015574856 LICK
274 2 3 3 2015904448 RESP_END
274 2 3 3 2015195412 REWARD_END
275 0 1 1 2018171068 STIM_START
275 0 1 1 2021246448 STIM_END_RESP_START
275 0 1 1 2022446464 RESP_END
276 1 1 4 2024154092 STIM_START
276 1 1 4 2027229440 STIM_END_RESP_START
276 1 1 4 2027603308 LICK
276 1 1 4 2027603840 REWARD_START
276 1 1 4 2027786988 LICK
276 1 1 4 2028128696 LICK
276 1 1 4 2028299292 LICK
276 1 1 4 2028429480 RESP_END
276 1 1 4 2027616916 REWARD_END
277 2 2 2 2030140072 STIM_START
277 2 2 2 2033265444 STIM_END_RESP_START
277 2 2 2 2033900032 LICK
277 2 2 2 2033900572 REWARD_START
277 2 2 2 2034034600 LICK
277 2 2 2 2034204260 LICK
277 2 2 2 2034465488 RESP_END
277 2 2 2 2033913644 REWARD_END
278 1 4 1 2036194036 STIM_START
278 1 4 1 2039719452 STIM_END_RESP_START
278 1 4 1 2040069012 LICK
278 1 4 1 2040069548 REWARD_START
278 1 4 1 2040274712 LICK
278 1 4 1 2040454072 LICK
278 1 4 1 2040919472 RESP_END
278 1 4 1 2040082628 REWARD_END
279 0 1 7 2042624060 STIM_START
279 0 1 7 2045699436 STIM_END_RESP_START
279 0 1 7 2046899456 RESP_END
280 0 3 1 2048612048 STIM_START
280 0 3 1 2051887428 STIM_END_RESP_START
280 0 3 1 2053087444 RESP_END
281 0 2 5 2054797040 STIM_START
281 0 2 5 2057922408 STIM_END_RESP_START
281 0 2 5 2059122424 RESP_END
282 2 3 9 2060831036 STIM_START
282 2 3 9 2064106416 STIM_END_RESP_START
282 2 3 9 2064503044 LICK
282 2 3 9 2064503576 REWARD_START
282 2 3 9 2064669120 LICK
282 2 3 9 2064846880 LICK
282 2 3 9 2065194596 LICK
282 2 3 9 2065306436 RESP_END
282 2 3 9 2064516652 REWARD_END
283 1 5 1 2067718160 STIM_START
283 1 5 1 2071743636 STIM_END_RESP_START
283 1 5 1 2072175312 LICK
283 1 5 1 2072175852 REWARD_START
283 1 5 1 2072397268 LICK
283 1 5 1 2072587268 LICK
283 1 5 1 2072943668 RESP_END
283 1 5 1 2072188924 REWARD_END
284 0 1 5 2074647256 STIM_START
284 0 1 5 2077722640 STIM_END_RESP_START
284 0 1 5 2078922648 RESP_END
285 2 5 2 2080667244 STIM_START
285 2 5 2 2084692720 STIM_END_RESP_START
285 2 5 2 2084894812 LICK
285 2 5 2 2084895340 REWARD_START
285 2 5 2 2085041148 LICK
285 2 5 2 2085233372 LICK
285 2 5 2 2085407384 LICK
285 2 5 2 2085587888 LICK
285 2 5 2 2085892744 RESP_END
285 2 5 2 2084908420 REWARD_END
286 0 4 9 2087605380 STIM_START
286 0 4 9 2091130788 STIM_END_RESP_START
286 0 4 9 2092330808 RESP_END
287 1 2 1 2094030440 STIM_START
287 1 2 1 2097155812 STIM_END_RESP_START
287 1 2 1 2097508204 LICK
287 1 2 1 2097508740 REWARD_START
287 1 2 1 2097724148 LICK
287 1 2 1 2097892920 LICK
287 1 2 1 2098355832 RESP_END
287 1 2 1 2097521816 REWARD_END
288 1 1 5 2100066372 STIM_START
288 1 1 5 2103141748 STIM_END_RESP_START
288 1 1 5 2103475916 LICK
288 1 1 5 2103476452 REWARD_START
288 1 1 5 2103696020 LICK
288 1 1 5 2103871352 LICK
288 1 1 5 2104341792 RESP_END
288 1 1 5 2103489524 REWARD_END
289 1 2 6 2106830456 STIM_START
289 1 2 6 2109955828 STIM_END_RESP_START
289 1 2 6 2110109368 LICK
289 1 2 6 2110109908 REWARD_START
289 1 2 6 2110338040 LICK
289 1 2 6 2110488060 LICK
289 1 2 6 2110648360 LICK
289 1 2 6 2110816584 LICK
289 1 2 6 2111155868 RESP_END
289 1 2 6 2110122980 REWARD_END
290 0 3 5 2113371564 STIM_START
290 0 3 5 2116646948 STIM_END_RESP_START
290 0 3 5 2117846996 RESP_END
291 0 1 1 2119548556 STIM_START
291 0 1 1 2122623936 STIM_END_RESP_START
291 0 1 1 2123823952 RESP_END
292 1 3 4 2125542536 STIM_START
292 1 3 4 2128817912 STIM_END_RESP_START
292 1 3 4 2129237288 LICK
292 1 3 4 2129237820 REWARD_START
292 1 3 4 2129395380 LICK
292 1 3 4 2129562848 LICK
292 1 3 4 2129757496 LICK
292 1 3 4 2130017932 RESP_END
292 1 3 4 2129250896 REWARD_END
293 0 2 6 2131732504 STIM_START
293 0 2 6 2134857872 STIM_END_RESP_START
293 0 2 6 2135031656 LICK
293 0 2 6 2135032196 TIMEOUT_START
293 0 2 6 2135117940 LICK
293 0 2 6 2135118472 TIMEOUT_START
293 0 2 6 2135273212 LICK
293 0 2 6 2135273748 TIMEOUT_START
293 0 2 6 2136057912 RESP_END
293 0 2 6 2142274288 TIMEOUT_END
294 0 5 10 2144018536 STIM_START
294 0 5 10 2146005184 LICK
294 0 5 10 2146458016 LICK
294 0 5 10 2147398572 LICK
294 0 5 10 2148044012 STIM_END_RESP_START
294 0 5 10 2149244028 RESP_END
295 2 5 5 2150977684 STIM_START
295 2 5 5 2155003156 STIM_END_RESP_START
295 2 5 5 2155192456 LICK
295 2 5 5 2155192992 REWARD_START
295 2 5 5 2155467880 LICK
295 2 5 5 2155614712 LICK
295 2 5 5 2155787372 LICK
295 2 5 5 2155978328 LICK
295 2 5 5 2156180812 LICK
295 2 5 5 2156203196 RESP_END
295 2 5 5 2155206068 REWARD_END
296 0 2 6 2157904776 STIM_START
296 0 2 6 2161030156 STIM_END_RESP_START
296 0 2 6 2161354928 LICK
296 0 2 6 2161355460 TIMEOUT_START
296 0 2 6 2161597628 LICK
296 0 2 6 2161598160 TIMEOUT_START
296 0 2 6 2162230200 RESP_END
296 0 2 6 2168598704 TIMEOUT_END
297 0 3 9 2170309800 STIM_START
297 0 3 9 2173585176 STIM_END_RESP_START
297 0 3 9 2174785192 RESP_END
298 1 5 3 2176541776 STIM_START
298 1 5 3 2176778136 LICK
298 1 5 3 2176929140 LICK
298 1 5 3 2177116360 LICK
298 1 5 3 2179139288 LICK
298 1 5 3 2180567256 STIM_END_RESP_START
298 1 5 3 2180644576 LICK
298 1 5 3 2180645116 REWARD_START
298 1 5 3 2181474084 LICK
298 1 5 3 2181712468 LICK
298 1 5 3 2181767276 RESP_END
298 1 5 3 2180658192 REWARD_END
299 1 3 2 2183803988 STIM_START
299 1 3 2 2183934840 LICK
299 1 3 2 2183988820 LICK
299 1 3 2 2184431228 LICK
299 1 3 2 2184563212 LICK
299 1 3 2 2184769100 LICK
299 1 3 2 2186250924 LICK
299 1 3 2 2186672116 LICK
299 1 3 2 2186825260 LICK
299 1 3 2 2187079356 STIM_END_RESP_START
299 1 3 2 2188279372 RESP_END
300 0 4 10 2191146164 STIM_START
300 0 4 10 2191187356 LICK
300 0 4 10 2191374700 LICK
300 0 4 10 2192033796 LICK
300 0 4 10 2192169552 LICK
300 0 4 10 2194671596 STIM_END_RESP_START
300 0 4 10 2195871616 RESP_END
301 0 3 7 2197591228 STIM_START
301 0 3 7 2200866608 STIM_END_RESP_START
301 0 3 7 2202066624 RESP_END
302 1 5 6 2203814224 STIM_START
302 1 5 6 2207839696 STIM_END_RESP_START
302 1 5 6 2208214176 LICK
302 1 5 6 2208214708 REWARD_START
302 1 5 6 2208448972 LICK
302 1 5 6 2208580032 LICK
302 1 5 6 2208974092 LICK
302 1 5 6 2209039740 RESP_END
302 1 5 6 2208227784 REWARD_END
303 0 2 4 2210861408 STIM_START
303 0 2 4 2213986776 STIM_END_RESP_START
303 0 2 4 2215186792 RESP_END
304 0 2 5 2216900320 STIM_START
304 0 2 5 2220025688 STIM_END_RESP_START
304 0 2 5 2221225708 RESP_END
305 0 4 5 2222940320 STIM_START
305 0 4 5 2226465732 STIM_END_RESP_START
305 0 4 5 2227665744 RESP_END
306 2 2 6 2229367328 STIM_START
306 2 2 6 2232492700 STIM_END_RESP_START
306 2 2 6 2233692712 RESP_END
307 1 2 9 2235406304 STIM_START
307 1 2 9 2238531680 STIM_END_RESP_START
307 1 2 9 2238969276 LICK
307 1 2 9 2238969808 REWARD_START
307 1 2 9 2239108828 LICK
307 1 2 9 2239276156 LICK
307 1 2 9 2239731736 RESP_END
307 1 2 9 2238982888 REWARD_END
308 1 3 5 2242209416 STIM_START
308 1 3 5 2245484804 STIM_END_RESP_START
308 1 3 5 2245689164 LICK
308 1 3 5 2245689700 REWARD_START
308 1 3 5 2245888724 LICK
308 1 3 5 2246030384 LICK
308 1 3 5 2246187972 LICK
308 1 3 5 2246579568 LICK
308 1 3 5 2246684812 RESP_END
308 1 3 5 2245702780 REWARD_END
309 0 2 1 2248386444 STIM_START
309 0 2 1 2251511820 STIM_END_RESP_START
309 0 2 1 2252154580 LICK
309 0 2 1 2252155120 TIMEOUT_START
309 0 2 1 2252368828 LICK
309 0 2 1 2252369368 TIMEOUT_START
309 0 2 1 2252711860 RESP_END
309 0 2 1 2259369912 TIMEOUT_END
310 1 1 2 2261068496 STIM_START
310 1 1 2 2264143880 STIM_END_RESP_START
310 1 1 2 2265343892 RESP_END
311 0 1 9 2268067620 STIM_START
311 0 1 9 2271143004 STIM_END_RESP_START
311 0 1 9 2272343060 RESP_END
312 1 3 9 2274059644 STIM_START
312 1 3 9 2277335024 STIM_END_RESP_START
312 1 3 9 2277681952 LICK
312 1 3 9 2277682492 REWARD_START
312 1 3 9 2277908892 LICK
312 1 3 9 2278089608 LICK
312 1 3 9 2278252532 LICK
312 1 3 9 2278407488 LICK
312 1 3 9 2278535064 RESP_END
312 1 3 9 2277695572 REWARD_END
313 1 3 2 2280486616 STIM_START
313 1 3 2 2283762000 STIM_END_RESP_START
313 1 3 2 2283862508 LICK
313 1 3 2 2283863048 REWARD_START
313 1 3 2 2284064388 LICK
313 1 3 2 2284230044 LICK
313 1 3 2 2284962048 RESP_END
313 1 3 2 2283876120 REWARD_END
314 1 1 6 2287383768 STIM_START
314 1 1 6 2290459148 STIM_END_RESP_START
314 1 1 6 2290654236 LICK
314 1 1 6 2290654772 REWARD_START
314 1 1 6 2290852784 LICK
314 1 1 6 2290985692 LICK
314 1 1 6 2291167748 LICK
314 1 1 6 2291659192 RESP_END
314 1 1 6 2290667852 REWARD_END
315 0 4 10 2294443920 STIM_START
315 0 4 10 2297969336 STIM_END_RESP_START
315 0 4 10 2299169348 RESP_END
316 0 5 5 2300914928 STIM_START
316 0 5 5 2304940404 STIM_END_RESP_START
316 0 5 5 2306140420 RESP_END
317 0 5 3 2307884100 STIM_START
317 0 5 3 2311909572 STIM_END_RESP_START
317 0 5 3 2313109588 RESP_END
318 1 5 4 2314860236 STIM_START
318 1 5 4 2318885712 STIM_END_RESP_START
318 1 5 4 2319990412 LICK
318 1 5 4 2319990948 REWARD_START
318 1 5 4 2320085736 RESP_END
318 1 5 4 2320004020 REWARD_END
319 1 4 3 2322148416 STIM_START
319 1 4 3 2325673832 STIM_END_RESP_START
319 1 4 3 2326106564 LICK
319 1 4 3 2326107100 REWARD_START
319 1 4 3 2326342984 LICK
319 1 4 3 2326499908 LICK
319 1 4 3 2326694724 LICK
319 1 4 3 2326873864 RESP_END
319 1 4 3 2326120180 REWARD_END
320 2 5 6 2328624448 STIM_START
320 2 5 6 2332649924 STIM_END_RESP_START
320 2 5 6 2332833012 LICK
320 2 5 6 2332833548 REWARD_START
320 2 5 6 2332995884 LICK
320 2 5 6 2333166652 LICK
320 2 5 6 2333527608 LICK
320 2 5 6 2333849936 RESP_END
320 2 5 6 2332846628 REWARD_END
321 0 2 8 2335557640 STIM_START
321 0 2 8 2338683012 STIM_END_RESP_START
321 0 2 8 2339883068 RESP_END
322 0 1 1 2341594576 STIM_START
322 0 1 1 2344669960 STIM_END_RESP_START
322 0 1 1 2345391856 LICK
322 0 1 1 2345392396 TIMEOUT_START
322 0 1 1 2345527840 LICK
322 0 1 1 2345528384 TIMEOUT_START
322 0 1 1 2345752556 LICK
322 0 1 1 2345753096 TIMEOUT_START
322 0 1 1 2345869984 RESP_END
322 0 1 1 2352753640 TIMEOUT_END
323 0 3 9 2354476620 STIM_START
323 0 3 9 2357752008 STIM_END_RESP_START
323 0 3 9 2358952024 RESP_END
324 1 3 4 2360660676 STIM_START
324 1 3 4 2363936056 STIM_END_RESP_START
324 1 3 4 2364759100 LICK
324 1 3 4 2364759632 REWARD_START
324 1 3 4 2364974752 LICK
324 1 3 4 2365136084 RESP_END
324 1 3 4 2364772712 REWARD_END
325 0 3 9 2367848848 STIM_START
325 0 3 9 2371124236 STIM_END_RESP_START
325 0 3 9 2372324244 RESP_END
326 1 1 7 2374031824 STIM_START
326 1 1 7 2377107204 STIM_END_RESP_START
326 1 1 7 2378220896 LICK
326 1 1 7 2378221428 REWARD_START
326 1 1 7 2378307244 RESP_END
326 1 1 7 2378234508 REWARD_END
327 1 1 4 2381014988 STIM_START
327 1 1 4 2384090372 STIM_END_RESP_START
327 1 1 4 2384332324 LICK
327 1 1 4 2384332864 REWARD_START
327 1 1 4 2384480912 LICK
327 1 1 4 2384665260 LICK
327 1 1 4 2384807900 LICK
327 1 1 4 2385290420 RESP_END
327 1 1 4 2384345936 REWARD_END
328 2 2 3 2387101904 STIM_START
328 2 2 3 2390227276 STIM_END_RESP_START
328 2 2 3 2391016528 LICK
328 2 2 3 2391017060 REWARD_START
328 2 2 3 2391251256 LICK
328 2 2 3 2391401648 LICK
328 2 2 3 2391427288 RESP_END
328 2 2 3 2391030140 REWARD_END
329 0 2 3 2394709140 STIM_START
329 0 2 3 2397834520 STIM_END_RESP_START
329 0 2 3 2399034540 RESP_END
330 2 4 7 2400765144 STIM_START
330 2 4 7 2404002048 LICK
330 2 4 7 2404290572 STIM_END_RESP_START
330 2 4 7 2404469820 LICK
330 2 4 7 2404470356 REWARD_START
330 2 4 7 2404677500 LICK
330 2 4 7 2404856164 LICK
330 2 4 7 2405037164 LICK
330 2 4 7 2405490588 RESP_END
330 2 4 7 2404483436 REWARD_END
331 1 5 3 2407243232 STIM_START
331 1 5 3 2411268708 STIM_END_RESP_START
331 1 5 3 2411743724 LICK
331 1 5 3 2411744260 REWARD_START
331 1 5 3 2411877656 LICK
331 1 5 3 2412066968 LICK
331 1 5 3 2412258660 LICK
331 1 5 3 2412468740 RESP_END
331 1 5 3 2411757332 REWARD_END
332 1 3 8 2414180288 STIM_START
332 1 3 8 2417455676 STIM_END_RESP_START
332 1 3 8 2417904968 LICK
332 1 3 8 2417905500 REWARD_START
332 1 3 8 2418072912 LICK
332 1 3 8 2418282088 LICK
332 1 3 8 2418655712 RESP_END
332 1 3 8 2417918580 REWARD_END
333 0 3 10 2420359312 STIM_START
333 0 3 10 2423634692 STIM_END_RESP_START
333 0 3 10 2424834708 RESP_END
334 0 5 3 2426574376 STIM_START
334 0 5 3 2430599848 STIM_END_RESP_START
334 0 5 3 2431799864 RESP_END
335 1 2 9 2433504464 STIM_START
335 1 2 9 2436629836 STIM_END_RESP_START
335 1 2 9 2437023492 LICK
335 1 2 9 2437024036 REWARD_START
335 1 2 9 2437178328 LICK
335 1 2 9 2437384096 LICK
335 1 2 9 2437829872 RESP_END
335 1 2 9 2437037096 REWARD_END
336 0 5 4 2439935516 STIM_START
336 0 5 4 2443960992 STIM_END_RESP_START
336 0 5 4 2445161012 RESP_END
337 0 1 5 2446861648 STIM_START
337 0 1 5 2449937028 STIM_END_RESP_START
337 0 1 5 2451137044 RESP_END
338 0 3 8 2452852568 STIM_START
338 0 3 8 2456127952 STIM_END_RESP_START
338 0 3 8 2457327972 RESP_END
339 1 2 3 2459036616 STIM_START
339 1 2 3 2462161992 STIM_END_RESP_START
339 1 2 3 2463090160 LICK
339 1 2 3 2463090700 REWARD_START
339 1 2 3 2463289136 LICK
339 1 2 3 2463362008 RESP_END
339 1 2 3 2463103772 REWARD_END
340 2 4 4 2466289788 STIM_START
340 2 4 4 2469679520 LICK
340 2 4 4 2469815212 STIM_END_RESP_START
340 2 4 4 2469922204 LICK
340 2 4 4 2469922736 REWARD_START
340 2 4 4 2470091700 LICK
340 2 4 4 2470288292 LICK
340 2 4 4 2470447260 LICK
340 2 4 4 2470626564 LICK
340 2 4 4 2471015228 RESP_END
340 2 4 4 2469935812 REWARD_END
341 1 4 1 2473083888 STIM_START
341 1 4 1 2476609304 STIM_END_RESP_START
341 1 4 1 2476966260 LICK
341 1 4 1 2476966792 REWARD_START
341 1 4 1 2477187440 LICK
341 1 4 1 2477372448 LICK
341 1 4 1 2477715388 LICK
341 1 4 1 2477809336 RESP_END
341 1 4 1 2476979872 REWARD_END
342 0 2 9 2479641948 STIM_START
342 0 2 9 2482767320 STIM_END_RESP_START
342 0 2 9 2483967336 RESP_END
343 0 2 7 2485682948 STIM_START
343 0 2 7 2488808320 STIM_END_RESP_START
343 0 2 7 2489348704 LICK
343 0 2 7 2489349244 TIMEOUT_START
343 0 2 7 2489561168 LICK
343 0 2 7 2489561700 TIMEOUT_START
343 0 2 7 2490008356 RESP_END
343 0 2 7 2496562244 TIMEOUT_END
344 0 1 7 2498261996 STIM_START
344 0 1 7 2501337384 STIM_END_RESP_START
344 0 1 7 2502537400 RESP_END
345 1 4 10 2504264952 STIM_START
345 1 4 10 2507790364 STIM_END_RESP_START
345 1 4 10 2508155036 LICK
345 1 4 10 2508155572 REWARD_START
345 1 4 10 2508349776 LICK
345 1 4 10 2508519236 LICK
345 1 4 10 2508734020 LICK
345 1 4 10 2508990408 RESP_END
345 1 4 10 2508168656 REWARD_END
346 0 5 1 2510736952 STIM_START
346 0 5 1 2514762428 STIM_END_RESP_START
346 0 5 1 2515962444 RESP_END
347 0 5 7 2517705220 STIM_START
347 0 5 7 2521730696 STIM_END_RESP_START
347 0 5 7 2522930712 RESP_END
348 0 1 6 2524640256 STIM_START
348 0 1 6 2527715640 STIM_END_RESP_START
348 0 1 6 2528915656 RESP_END
349 2 3 10 2530632232 STIM_START
349 2 3 10 2533907620 STIM_END_RESP_START
349 2 3 10 2535107636 RESP_END
350 0 5 2 2536849236 STIM_START
350 0 5 2 2540874708 STIM_END_RESP_START
350 0 5 2 2542074724 RESP_END
351 2 4 10 2543796364 STIM_START
351 2 4 10 2547321772 STIM_END_RESP_START
351 2 4 10 2548521788 RESP_END
352 0 3 8 2550226420 STIM_START
352 0 3 8 2553501804 STIM_END_RESP_START
352 0 3 8 2554701816 RESP_END
353 2 3 8 2556413408 STIM_START
353 2 3 8 2559688792 STIM_END_RESP_START
353 2 3 8 2560888808 RESP_END
354 1 2 6 2562594432 STIM_START
354 1 2 6 2565719800 STIM_END_RESP_START
354 1 2 6 2566919816 RESP_END
355 2 1 8 2568630352 STIM_START
355 2 1 8 2571705732 STIM_END_RESP_START
355 2 1 8 2572905748 RESP_END
356 0 3 1 2574621348 STIM_START
356 0 3 1 2577896732 STIM_END_RESP_START
356 0 3 1 2579096752 RESP_END
357 1 3 6 2580812364 STIM_START
357 1 3 6 2584087748 STIM_END_RESP_START
357 1 3 6 2585287764 RESP_END
