001 0 0005439984 STIM_START
001 0 0006883336 LICK
001 0 0009465480 STIM_END_RESP_START
001 0 0010665516 RESP_END
002 1 0012914208 STIM_START
002 1 0016689660 STIM_END_RESP_START
002 1 0017889712 RESP_END
003 0 0019969452 STIM_START
003 0 0023994948 STIM_END_RESP_START
003 0 0025194968 RESP_END
004 1 0026967544 STIM_START
004 1 0030993044 STIM_END_RESP_START
004 1 0032193060 RESP_END
005 0 0034378828 STIM_START
005 0 0037654220 STIM_END_RESP_START
005 0 0038854240 RESP_END
006 1 0041370000 STIM_START
006 1 0044699740 LICK
006 1 0044866464 LICK
006 1 0044895432 STIM_END_RESP_START
006 1 0045062912 LICK
006 1 0045063356 REWARD_START
006 1 0046095472 RESP_END
006 1 0045076324 REWARD_END
007 1 0051350620 STIM_START
007 1 0051545692 LICK
007 1 0051705956 LICK
007 1 0054047776 LICK
007 1 0054247196 LICK
007 1 0054626028 STIM_END_RESP_START
007 1 0054820372 LICK
007 1 0054820808 REWARD_START
007 1 0055041408 LICK
007 1 0055173252 LICK
007 1 0055337188 LICK
007 1 0055494944 LICK
007 1 0055655148 LICK
007 1 0055826048 RESP_END
007 1 0054833784 REWARD_END
008 1 0059645000 STIM_START
008 1 0059843652 LICK
008 1 0059981912 LICK
008 1 0063492832 LICK
008 1 0063648964 LICK
008 1 0063670492 STIM_END_RESP_START
008 1 0063871244 LICK
008 1 0063871684 REWARD_START
008 1 0064040672 LICK
008 1 0064365184 LICK
008 1 0064870524 RESP_END
008 1 0063884660 REWARD_END
009 0 0067534360 STIM_START
009 0 0067690712 LICK
009 0 0067835172 LICK
009 0 0069479776 LICK
009 0 0069648248 LICK
009 0 0070902916 LICK
009 0 0071078924 LICK
009 0 0071309828 STIM_END_RESP_START
009 0 0071312592 LICK
009 0 0071313036 TIMEOUT_START
009 0 0071987076 LICK
009 0 0071987520 TIMEOUT_START
009 0 0072228772 LICK
009 0 0072229216 TIMEOUT_START
009 0 0072509852 RESP_END
009 0 0079229672 TIMEOUT_END
010 1 0081368700 STIM_START
010 1 0084894144 STIM_END_RESP_START
010 1 0085062696 LICK
010 1 0085063136 REWARD_START
010 1 0085226944 LICK
010 1 0085538508 LICK
010 1 0085819116 LICK
010 1 0085981500 LICK
010 1 0086094164 RESP_END
010 1 0085076092 REWARD_END
011 1 0088000740 STIM_START
011 1 0088129856 LICK
011 1 0089088116 LICK
011 1 0089236728 LICK
011 1 0089419016 LICK
011 1 0091276156 STIM_END_RESP_START
011 1 0091424300 LICK
011 1 0091424736 REWARD_START
011 1 0091619888 LICK
011 1 0091778756 LICK
011 1 0091942372 LICK
011 1 0092236148 LICK
011 1 0092476184 RESP_END
011 1 0091437712 REWARD_END
012 1 0095187984 STIM_START
012 1 0098254824 LICK
012 1 0098406512 LICK
012 1 0098626836 LICK
012 1 0098713392 STIM_END_RESP_START
012 1 0098876700 LICK
012 1 0098877140 REWARD_START
012 1 0099079104 LICK
012 1 0099252588 LICK
012 1 0099388888 LICK
012 1 0099546608 LICK
012 1 0099913416 RESP_END
012 1 0098890116 REWARD_END
013 0 0102697204 STIM_START
013 0 0103026744 LICK
013 0 0104774624 LICK
013 0 0104944068 LICK
013 0 0105660892 LICK
013 0 0105827376 LICK
013 0 0106296536 LICK
013 0 0106466548 LICK
013 0 0106472684 STIM_END_RESP_START
013 0 0107154912 LICK
013 0 0107155392 TIMEOUT_START
013 0 0107328900 LICK
013 0 0107329384 TIMEOUT_START
013 0 0107672716 RESP_END
013 0 0114329884 TIMEOUT_END
014 1 0117909796 STIM_START
014 1 0120278784 LICK
014 1 0120422960 LICK
014 1 0120623572 LICK
014 1 0121185204 STIM_END_RESP_START
014 1 0121248488 LICK
014 1 0121248976 REWARD_START
014 1 0121413000 LICK
014 1 0121611012 LICK
014 1 0121745508 LICK
014 1 0121906244 LICK
014 1 0122385248 RESP_END
014 1 0121261992 REWARD_END
015 0 0125396004 STIM_START
015 0 0125636396 LICK
015 0 0125784076 LICK
015 0 0125988948 LICK
015 0 0127051148 LICK
015 0 0127202972 LICK
015 0 0127644056 LICK
015 0 0127862660 LICK
015 0 0128671424 STIM_END_RESP_START
015 0 0128745196 LICK
015 0 0128745688 TIMEOUT_START
015 0 0128929540 LICK
015 0 0128930028 TIMEOUT_START
015 0 0129556712 LICK
015 0 0129557196 TIMEOUT_START
015 0 0129758268 LICK
015 0 0129758752 TIMEOUT_START
015 0 0129871460 RESP_END
015 0 0136759256 TIMEOUT_END
016 1 0138897212 STIM_START
016 1 0138952144 LICK
016 1 0139147568 LICK
016 1 0141434276 LICK
016 1 0141613280 LICK
016 1 0142395844 LICK
016 1 0142422648 STIM_END_RESP_START
016 1 0142552148 LICK
016 1 0142552632 REWARD_START
016 1 0142742336 LICK
016 1 0142942320 LICK
016 1 0143109060 LICK
016 1 0143262084 LICK
016 1 0143416824 LICK
016 1 0143588968 LICK
016 1 0143622680 RESP_END
016 1 0142565652 REWARD_END
017 0 0145869408 STIM_START
017 0 0145969676 LICK
017 0 0146150672 LICK
017 0 0146593160 LICK
017 0 0146777512 LICK
017 0 0147034372 LICK
017 0 0148269680 LICK
017 0 0148426220 LICK
017 0 0148861572 LICK
USER_EXIT