001 1 5 5 0015964508 STIM_START
001 1 5 5 0019989988 STIM_END_RESP_START
001 1 5 5 0020535356 LICK
001 1 5 5 0020535792 REWARD_START
001 1 5 5 0021190012 RESP_END
001 1 5 5 0020548764 REWARD_END
002 1 5 7 0024785964 STIM_START
002 1 5 7 0028811444 STIM_END_RESP_START
002 1 5 7 0029246772 LICK
002 1 5 7 0029247208 REWARD_START
002 1 5 7 0029489436 LICK
002 1 5 7 0029643184 LICK
002 1 5 7 0029830228 LICK
002 1 5 7 0030011488 RESP_END
002 1 5 7 0029260180 REWARD_END
003 0 1 10 0032375184 STIM_START
003 0 1 10 0035450572 STIM_END_RESP_START
003 0 1 10 0036385420 LICK
003 0 1 10 0036385860 TIMEOUT_START
003 0 1 10 0036624424 LICK
003 0 1 10 0036624860 TIMEOUT_START
003 0 1 10 0036650612 RESP_END
003 0 1 10 0043625296 TIMEOUT_END
004 0 4 7 0045349376 STIM_START
004 0 4 7 0048874808 STIM_END_RESP_START
004 0 4 7 0050074824 RESP_END
005 1 4 8 0053193648 STIM_START
005 1 4 8 0056719068 STIM_END_RESP_START
005 1 4 8 0057919088 RESP_END
006 2 4 6 0059887748 STIM_START
006 2 4 6 0063413164 STIM_END_RESP_START
006 2 4 6 0064613184 RESP_END
007 1 5 6 0066357864 STIM_START
007 1 5 6 0070383344 STIM_END_RESP_START
007 1 5 6 0071013688 LICK
007 1 5 6 0071014124 REWARD_START
007 1 5 6 0071376120 LICK
007 1 5 6 0071583392 RESP_END
007 1 5 6 0071027100 REWARD_END
008 0 4 2 0074111144 STIM_START
008 0 4 2 0077636556 STIM_END_RESP_START
008 0 4 2 0078836576 RESP_END
009 1 1 8 0080528208 STIM_START
009 1 1 8 0083603600 STIM_END_RESP_START
009 1 1 8 0084050800 LICK
009 1 1 8 0084051240 REWARD_START
009 1 1 8 0084260884 LICK
009 1 1 8 0084447264 LICK
009 1 1 8 0084783376 LICK
009 1 1 8 0084803652 RESP_END
009 1 1 8 0084064204 REWARD_END
010 2 4 3 0087122260 STIM_START
010 2 4 3 0090647688 STIM_END_RESP_START
010 2 4 3 0091203960 LICK
010 2 4 3 0091204396 REWARD_START
010 2 4 3 0091410676 LICK
010 2 4 3 0091595956 LICK
010 2 4 3 0091750348 LICK
010 2 4 3 0091847732 RESP_END
010 2 4 3 0091217368 REWARD_END
011 1 5 1 0093669340 STIM_START
011 1 5 1 0094004084 LICK
011 1 5 1 0097694836 STIM_END_RESP_START
011 1 5 1 0098152236 LICK
011 1 5 1 0098152680 REWARD_START
011 1 5 1 0098391228 LICK
011 1 5 1 0098545952 LICK
011 1 5 1 0098719984 LICK
011 1 5 1 0098894876 RESP_END
011 1 5 1 0098165648 REWARD_END
012 0 4 8 0101062608 STIM_START
012 0 4 8 0104588044 STIM_END_RESP_START
012 0 4 8 0105788080 RESP_END
013 0 3 8 0107505684 STIM_START
013 0 3 8 0110781084 STIM_END_RESP_START
013 0 3 8 0111902996 LICK
013 0 3 8 0111903476 TIMEOUT_START
013 0 3 8 0111981104 RESP_END
013 0 3 8 0118903968 TIMEOUT_END
014 0 2 4 0120613808 STIM_START
014 0 2 4 0123739208 STIM_END_RESP_START
014 0 2 4 0124939236 RESP_END
015 2 1 9 0126646872 STIM_START
015 2 1 9 0129722236 STIM_END_RESP_START
015 2 1 9 0130677668 LICK
015 2 1 9 0130678156 REWARD_START
015 2 1 9 0130922252 RESP_END
015 2 1 9 0130691180 REWARD_END
016 1 1 10 0132626796 STIM_START
016 1 1 10 0135702196 STIM_END_RESP_START
016 1 1 10 0136192500 LICK
016 1 1 10 0136192980 REWARD_START
016 1 1 10 0136501848 LICK
016 1 1 10 0136807936 LICK
016 1 1 10 0136902220 RESP_END
016 1 1 10 0136206000 REWARD_END
017 0 1 3 0140109100 STIM_START
017 0 1 3 0143184464 STIM_END_RESP_START
017 0 1 3 0144384500 RESP_END
018 2 3 5 0146097024 STIM_START
018 2 3 5 0149372432 STIM_END_RESP_START
018 2 3 5 0150572468 RESP_END
019 1 1 9 0152271052 STIM_START
019 1 1 9 0155346412 STIM_END_RESP_START
019 1 1 9 0156304404 LICK
019 1 1 9 0156304888 REWARD_START
019 1 1 9 0156483688 LICK
019 1 1 9 0156546432 RESP_END
019 1 1 9 0156317912 REWARD_END
020 1 2 4 0158920204 STIM_START
020 1 2 4 0159250256 LICK
020 1 2 4 0162045572 STIM_END_RESP_START
020 1 2 4 0162390024 LICK
020 1 2 4 0162390508 REWARD_START
020 1 2 4 0162607316 LICK
020 1 2 4 0163245620 RESP_END
020 1 2 4 0162403532 REWARD_END
021 0 1 10 0166753488 STIM_START
021 0 1 10 0169828848 STIM_END_RESP_START
021 0 1 10 0171004944 LICK
021 0 1 10 0171005428 TIMEOUT_START
021 0 1 10 0171028880 RESP_END
021 0 1 10 0178005908 TIMEOUT_END
022 1 3 9 0179721648 STIM_START
022 1 3 9 0182997064 STIM_END_RESP_START
022 1 3 9 0183399112 LICK
022 1 3 9 0183399604 REWARD_START
022 1 3 9 0183622076 LICK
022 1 3 9 0183795172 LICK
022 1 3 9 0183981932 LICK
022 1 3 9 0184175748 LICK
022 1 3 9 0184197104 RESP_END
022 1 3 9 0183412620 REWARD_END
023 0 4 7 0186118696 STIM_START
023 0 4 7 0189644140 STIM_END_RESP_START
023 0 4 7 0190314144 LICK
023 0 4 7 0190314632 TIMEOUT_START
023 0 4 7 0190584876 LICK
023 0 4 7 0190585360 TIMEOUT_START
023 0 4 7 0190844176 RESP_END
023 0 4 7 0197585840 TIMEOUT_END
024 1 4 8 0199310936 STIM_START
024 1 4 8 0202836372 STIM_END_RESP_START
024 1 4 8 0203216696 LICK
024 1 4 8 0203217184 REWARD_START
024 1 4 8 0203389872 LICK
024 1 4 8 0203578488 LICK
024 1 4 8 0203752924 LICK
024 1 4 8 0204036412 RESP_END
024 1 4 8 0203230200 REWARD_END
025 2 3 5 0205976952 STIM_START
025 2 3 5 0209252360 STIM_END_RESP_START
025 2 3 5 0210452388 RESP_END
026 1 2 9 0212162976 STIM_START
026 1 2 9 0215288368 STIM_END_RESP_START
026 1 2 9 0215645892 LICK
026 1 2 9 0215646380 REWARD_START
026 1 2 9 0215784096 LICK
026 1 2 9 0216113220 LICK
026 1 2 9 0216448332 LICK
026 1 2 9 0216488376 RESP_END
026 1 2 9 0215659396 REWARD_END
027 0 4 2 0218347996 STIM_START
027 0 4 2 0221873432 STIM_END_RESP_START
027 0 4 2 0223073468 RESP_END
028 0 5 2 0224821072 STIM_START
028 0 5 2 0228711172 LICK
028 0 5 2 0228846580 STIM_END_RESP_START
028 0 5 2 0229587912 LICK
028 0 5 2 0229588404 TIMEOUT_START
028 0 5 2 0230046628 RESP_END
028 0 5 2 0236588888 TIMEOUT_END
029 0 5 8 0238334396 STIM_START
029 0 5 8 0242359892 STIM_END_RESP_START
029 0 5 8 0243559932 RESP_END
030 2 3 2 0245274516 STIM_START
030 2 3 2 0248549924 STIM_END_RESP_START
030 2 3 2 0249749960 RESP_END
031 1 1 10 0251934612 STIM_START
031 1 1 10 0255009980 STIM_END_RESP_START
031 1 1 10 0255250552 LICK
031 1 1 10 0255251036 REWARD_START
031 1 1 10 0255426928 LICK
031 1 1 10 0255589120 LICK
031 1 1 10 0255735600 LICK
031 1 1 10 0255915356 LICK
031 1 1 10 0256112292 LICK
031 1 1 10 0256210004 RESP_END
031 1 1 10 0255264060 REWARD_END
032 2 5 3 0258391676 STIM_START
032 2 5 3 0262417172 STIM_END_RESP_START
032 2 5 3 0263617204 RESP_END
033 0 2 6 0265331784 STIM_START
033 0 2 6 0268457176 STIM_END_RESP_START
033 0 2 6 0269657212 RESP_END
034 0 4 5 0272046956 STIM_START
034 0 4 5 0275572392 STIM_END_RESP_START
034 0 4 5 0275872556 LICK
034 0 4 5 0275873048 TIMEOUT_START
034 0 4 5 0276063608 LICK
034 0 4 5 0276064092 TIMEOUT_START
034 0 4 5 0276255900 LICK
034 0 4 5 0276256384 TIMEOUT_START
034 0 4 5 0276772440 RESP_END
034 0 4 5 0283256876 TIMEOUT_END
035 0 3 3 0284967084 STIM_START
035 0 3 3 0288242484 STIM_END_RESP_START
035 0 3 3 0289442520 RESP_END
036 1 3 8 0291165068 STIM_START
036 1 3 8 0294440476 STIM_END_RESP_START
036 1 3 8 0295180888 LICK
036 1 3 8 0295181376 REWARD_START
036 1 3 8 0295435936 LICK
036 1 3 8 0295640492 RESP_END
036 1 3 8 0295194392 REWARD_END
037 1 4 4 0298220224 STIM_START
037 1 4 4 0301745660 STIM_END_RESP_START
037 1 4 4 0302072484 LICK
037 1 4 4 0302072980 REWARD_START
037 1 4 4 0302259248 LICK
037 1 4 4 0302638668 LICK
037 1 4 4 0302824740 LICK
037 1 4 4 0302945676 RESP_END
037 1 4 4 0302085996 REWARD_END
038 0 5 10 0305159376 STIM_START
038 0 5 10 0309005644 LICK
038 0 5 10 0309184880 STIM_END_RESP_START
038 0 5 10 0309213528 LICK
038 0 5 10 0309214012 TIMEOUT_START
038 0 5 10 0309976992 LICK
038 0 5 10 0309977484 TIMEOUT_START
038 0 5 10 0310384912 RESP_END
038 0 5 10 0316977968 TIMEOUT_END
039 0 5 5 0318723624 STIM_START
039 0 5 5 0322749116 STIM_END_RESP_START
039 0 5 5 0323949156 RESP_END
040 0 4 1 0325668776 STIM_START
040 0 4 1 0329194212 STIM_END_RESP_START
040 0 4 1 0330394248 RESP_END
041 1 2 10 0332107840 STIM_START
041 1 2 10 0335233236 STIM_END_RESP_START
041 1 2 10 0335895988 LICK
041 1 2 10 0335896472 REWARD_START
041 1 2 10 0336433264 RESP_END
041 1 2 10 0335909492 REWARD_END
042 0 4 9 0339938136 STIM_START
042 0 4 9 0343463576 STIM_END_RESP_START
042 0 4 9 0344663612 RESP_END
043 1 2 2 0346371224 STIM_START
043 1 2 2 0349496612 STIM_END_RESP_START
043 1 2 2 0349853200 LICK
043 1 2 2 0349853684 REWARD_START
043 1 2 2 0350067580 LICK
043 1 2 2 0350232664 LICK
043 1 2 2 0350574092 LICK
043 1 2 2 0350696648 RESP_END
043 1 2 2 0349866704 REWARD_END
044 1 1 1 0352927296 STIM_START
044 1 1 1 0356002656 STIM_END_RESP_START
044 1 1 1 0356468796 LICK
044 1 1 1 0356469280 REWARD_START
044 1 1 1 0356667084 LICK
044 1 1 1 0356851892 LICK
044 1 1 1 0357024316 LICK
044 1 1 1 0357202692 RESP_END
044 1 1 1 0356482288 REWARD_END
045 2 3 5 0359162340 STIM_START
045 2 3 5 0362437748 STIM_END_RESP_START
045 2 3 5 0362762344 LICK
045 2 3 5 0362762828 REWARD_START
045 2 3 5 0363637772 RESP_END
045 2 3 5 0362775848 REWARD_END
046 0 2 2 0365349344 STIM_START
046 0 2 2 0368474736 STIM_END_RESP_START
046 0 2 2 0369559360 LICK
046 0 2 2 0369559848 TIMEOUT_START
046 0 2 2 0369674752 RESP_END
046 0 2 2 0376560336 TIMEOUT_END
047 1 5 2 0378305492 STIM_START
047 1 5 2 0382330996 STIM_END_RESP_START
047 1 5 2 0382937228 LICK
047 1 5 2 0382937712 REWARD_START
047 1 5 2 0383154752 LICK
047 1 5 2 0383337748 LICK
047 1 5 2 0383505960 LICK
047 1 5 2 0383531040 RESP_END
047 1 5 2 0382950736 REWARD_END
048 1 5 2 0385430684 STIM_START
048 1 5 2 0385793832 LICK
048 1 5 2 0389456164 STIM_END_RESP_START
048 1 5 2 0389638688 LICK
048 1 5 2 0389639176 REWARD_START
048 1 5 2 0389816672 LICK
048 1 5 2 0389974836 LICK
048 1 5 2 0390181196 LICK
048 1 5 2 0390514532 LICK
048 1 5 2 0390656192 RESP_END
048 1 5 2 0389652192 REWARD_END
049 1 1 4 0392621868 STIM_START
049 1 1 4 0395697240 STIM_END_RESP_START
049 1 1 4 0395972968 LICK
049 1 1 4 0395973452 REWARD_START
049 1 1 4 0396181976 LICK
049 1 1 4 0396329416 LICK
049 1 1 4 0396495496 LICK
049 1 1 4 0396717808 LICK
049 1 1 4 0396897264 RESP_END
049 1 1 4 0395986476 REWARD_END
050 0 5 4 0398641860 STIM_START
050 0 5 4 0402667356 STIM_END_RESP_START
050 0 5 4 0403867392 RESP_END
051 0 5 9 0405602064 STIM_START
051 0 5 9 0409627556 STIM_END_RESP_START
051 0 5 9 0409941768 LICK
051 0 5 9 0409942256 TIMEOUT_START
051 0 5 9 0410827604 RESP_END
051 0 5 9 0416942740 TIMEOUT_END
052 1 3 7 0418661284 STIM_START
052 1 3 7 0421936692 STIM_END_RESP_START
052 1 3 7 0422353260 LICK
052 1 3 7 0422353748 REWARD_START
052 1 3 7 0422570276 LICK
052 1 3 7 0422754816 LICK
052 1 3 7 0422950956 LICK
052 1 3 7 0423136736 RESP_END
052 1 3 7 0422366768 REWARD_END
053 1 3 8 0426154424 STIM_START
053 1 3 8 0426619344 LICK
053 1 3 8 0429429804 STIM_END_RESP_START
053 1 3 8 0429809292 LICK
053 1 3 8 0429809780 REWARD_START
053 1 3 8 0430008564 LICK
053 1 3 8 0430189116 LICK
053 1 3 8 0430368288 LICK
053 1 3 8 0430518028 LICK
053 1 3 8 0430629828 RESP_END
053 1 3 8 0429822796 REWARD_END
054 0 5 2 0432376504 STIM_START
054 0 5 2 0436402000 STIM_END_RESP_START
054 0 5 2 0437602036 RESP_END
055 0 4 2 0439332628 STIM_START
055 0 4 2 0442858064 STIM_END_RESP_START
055 0 4 2 0444058100 RESP_END
056 2 5 5 0445802676 STIM_START
056 2 5 5 0449828168 STIM_END_RESP_START
056 2 5 5 0449881012 LICK
056 2 5 5 0449881504 REWARD_START
056 2 5 5 0450120324 LICK
056 2 5 5 0450303180 LICK
056 2 5 5 0450449172 LICK
056 2 5 5 0450608708 LICK
056 2 5 5 0450782544 LICK
056 2 5 5 0451028208 RESP_END
056 2 5 5 0449894528 REWARD_END
057 0 5 6 0452775832 STIM_START
057 0 5 6 0456801336 STIM_END_RESP_START
057 0 5 6 0458001364 RESP_END
058 0 3 6 0459709024 STIM_START
058 0 3 6 0462984432 STIM_END_RESP_START
058 0 3 6 0464184468 RESP_END
059 0 1 8 0465886020 STIM_START
059 0 1 8 0468961388 STIM_END_RESP_START
059 0 1 8 0470161424 RESP_END
060 2 5 1 0471909992 STIM_START
060 2 5 1 0475935492 STIM_END_RESP_START
060 2 5 1 0477135528 RESP_END
061 2 2 8 0479441248 STIM_START
061 2 2 8 0482566640 STIM_END_RESP_START
061 2 2 8 0482939336 LICK
061 2 2 8 0482939820 REWARD_START
061 2 2 8 0483151012 LICK
061 2 2 8 0483334904 LICK
061 2 2 8 0483525660 LICK
061 2 2 8 0483707852 LICK
061 2 2 8 0483766656 RESP_END
061 2 2 8 0482952844 REWARD_END
062 1 2 3 0486073352 STIM_START
062 1 2 3 0489198748 STIM_END_RESP_START
062 1 2 3 0489552080 LICK
062 1 2 3 0489552564 REWARD_START
062 1 2 3 0489722312 LICK
062 1 2 3 0489903732 LICK
062 1 2 3 0490085224 LICK
062 1 2 3 0490306616 LICK
062 1 2 3 0490398792 RESP_END
062 1 2 3 0489565588 REWARD_END
063 0 3 6 0492216364 STIM_START
063 0 3 6 0495491760 STIM_END_RESP_START
063 0 3 6 0495780280 LICK
063 0 3 6 0495780764 TIMEOUT_START
063 0 3 6 0496691808 RESP_END
063 0 3 6 0502781252 TIMEOUT_END
064 1 1 5 0504489468 STIM_START
064 1 1 5 0507564832 STIM_END_RESP_START
064 1 1 5 0508220512 LICK
064 1 1 5 0508220996 REWARD_START
064 1 1 5 0508764872 RESP_END
064 1 1 5 0508234020 REWARD_END
065 1 2 6 0511834648 STIM_START
065 1 2 6 0514960044 STIM_END_RESP_START
065 1 2 6 0515399408 LICK
065 1 2 6 0515399900 REWARD_START
065 1 2 6 0515626708 LICK
065 1 2 6 0515787288 LICK
065 1 2 6 0515962964 LICK
065 1 2 6 0516160084 RESP_END
065 1 2 6 0515412912 REWARD_END
066 0 1 1 0518201664 STIM_START
066 0 1 1 0518783460 LICK
066 0 1 1 0521277048 STIM_END_RESP_START
066 0 1 1 0522477084 RESP_END
067 2 1 2 0524178700 STIM_START
067 2 1 2 0527254064 STIM_END_RESP_START
067 2 1 2 0528006048 LICK
067 2 1 2 0528006536 REWARD_START
067 2 1 2 0528454084 RESP_END
067 2 1 2 0528019540 REWARD_END
068 1 3 7 0531249824 STIM_START
068 1 3 7 0532770244 LICK
068 1 3 7 0534069072 LICK
068 1 3 7 0534525216 STIM_END_RESP_START
068 1 3 7 0535725256 RESP_END
069 0 3 9 0539022164 STIM_START
069 0 3 9 0542297576 STIM_END_RESP_START
069 0 3 9 0543497612 RESP_END
070 0 3 4 0545218140 STIM_START
070 0 3 4 0548493548 STIM_END_RESP_START
070 0 3 4 0549693584 RESP_END
071 1 4 7 0551417168 STIM_START
071 1 4 7 0554942608 STIM_END_RESP_START
071 1 4 7 0555383016 LICK
071 1 4 7 0555383504 REWARD_START
071 1 4 7 0555636792 LICK
071 1 4 7 0555783596 LICK
071 1 4 7 0555972880 LICK
071 1 4 7 0556142636 RESP_END
071 1 4 7 0555396528 REWARD_END
072 2 4 10 0558144276 STIM_START
072 2 4 10 0561669712 STIM_END_RESP_START
072 2 4 10 0562136964 LICK
072 2 4 10 0562137456 REWARD_START
072 2 4 10 0562348704 LICK
072 2 4 10 0562540604 LICK
072 2 4 10 0562869740 RESP_END
072 2 4 10 0562150480 REWARD_END
073 1 4 1 0565622576 STIM_START
073 1 4 1 0569148012 STIM_END_RESP_START
073 1 4 1 0569354860 LICK
073 1 4 1 0569355352 REWARD_START
073 1 4 1 0569755716 LICK
073 1 4 1 0569939056 LICK
073 1 4 1 0570128436 LICK
073 1 4 1 0570327696 LICK
073 1 4 1 0570348056 RESP_END
073 1 4 1 0569368368 REWARD_END
074 0 3 1 0572400712 STIM_START
074 0 3 1 0575676116 STIM_END_RESP_START
074 0 3 1 0576876156 RESP_END
075 0 1 10 0578576668 STIM_START
075 0 1 10 0581652028 STIM_END_RESP_START
075 0 1 10 0582726476 LICK
075 0 1 10 0582726968 TIMEOUT_START
075 0 1 10 0582852072 RESP_END
075 0 1 10 0589727448 TIMEOUT_END
076 1 1 1 0591435840 STIM_START
076 1 1 1 0594511208 STIM_END_RESP_START
076 1 1 1 0595007572 LICK
076 1 1 1 0595008060 REWARD_START
076 1 1 1 0595196964 LICK
076 1 1 1 0595511236 LICK
076 1 1 1 0595672116 LICK
076 1 1 1 0595711232 RESP_END
076 1 1 1 0595021080 REWARD_END
077 1 4 1 0597772840 STIM_START
077 1 4 1 0601298276 STIM_END_RESP_START
077 1 4 1 0601657176 LICK
077 1 4 1 0601657668 REWARD_START
077 1 4 1 0601846588 LICK
077 1 4 1 0602056536 LICK
077 1 4 1 0602203124 LICK
077 1 4 1 0602356272 LICK
077 1 4 1 0602498316 RESP_END
077 1 4 1 0601670688 REWARD_END
078 0 2 1 0604246940 STIM_START
078 0 2 1 0607372340 STIM_END_RESP_START
078 0 2 1 0608572372 RESP_END
079 0 2 4 0610284920 STIM_START
079 0 2 4 0613410316 STIM_END_RESP_START
079 0 2 4 0614032268 LICK
079 0 2 4 0614032764 TIMEOUT_START
079 0 2 4 0614253096 LICK
079 0 2 4 0614253592 TIMEOUT_START
079 0 2 4 0614610332 RESP_END
079 0 2 4 0621254076 TIMEOUT_END
080 1 3 9 0622974072 STIM_START
080 1 3 9 0626249472 STIM_END_RESP_START
080 1 3 9 0627449512 RESP_END
081 1 5 9 0631249416 STIM_START
081 1 5 9 0635274912 STIM_END_RESP_START
081 1 5 9 0635516856 LICK
081 1 5 9 0635517348 REWARD_START
081 1 5 9 0635766892 LICK
081 1 5 9 0635943116 LICK
081 1 5 9 0636098552 LICK
081 1 5 9 0636287264 LICK
081 1 5 9 0636466492 LICK
081 1 5 9 0636474936 RESP_END
081 1 5 9 0635530372 REWARD_END
082 0 2 9 0638177640 STIM_START
082 0 2 9 0638393520 LICK
082 0 2 9 0641303004 STIM_END_RESP_START
082 0 2 9 0642503040 RESP_END
083 1 5 9 0644249560 STIM_START
083 1 5 9 0648275064 STIM_END_RESP_START
083 1 5 9 0649475100 RESP_END
084 0 5 10 0651211700 STIM_START
084 0 5 10 0651476860 LICK
084 0 5 10 0655237184 STIM_END_RESP_START
084 0 5 10 0656437216 RESP_END
085 2 5 10 0658193896 STIM_START
085 2 5 10 0662219392 STIM_END_RESP_START
085 2 5 10 0663419432 RESP_END
086 0 4 10 0665148004 STIM_START
086 0 4 10 0668673444 STIM_END_RESP_START
086 0 4 10 0669873480 RESP_END
087 1 3 3 0671588124 STIM_START
087 1 3 3 0674863532 STIM_END_RESP_START
087 1 3 3 0675288012 LICK
087 1 3 3 0675288500 REWARD_START
087 1 3 3 0675477004 LICK
087 1 3 3 0675655028 LICK
087 1 3 3 0675810568 LICK
087 1 3 3 0676063572 RESP_END
087 1 3 3 0675301524 REWARD_END
088 0 4 6 0678055176 STIM_START
088 0 4 6 0681580612 STIM_END_RESP_START
088 0 4 6 0682780644 RESP_END
089 2 4 1 0684502236 STIM_START
089 2 4 1 0688027672 STIM_END_RESP_START
089 2 4 1 0689166060 LICK
089 2 4 1 0689166548 REWARD_START
089 2 4 1 0689227704 RESP_END
089 2 4 1 0689179564 REWARD_END
090 1 5 4 0690983292 STIM_START
090 1 5 4 0695008788 STIM_END_RESP_START
090 1 5 4 0695386784 LICK
090 1 5 4 0695387276 REWARD_START
090 1 5 4 0695700136 LICK
090 1 5 4 0696171540 LICK
090 1 5 4 0696208820 RESP_END
090 1 5 4 0695400292 REWARD_END
091 0 5 2 0698646560 STIM_START
091 0 5 2 0702672064 STIM_END_RESP_START
091 0 5 2 0703872100 RESP_END
092 1 3 9 0705584784 STIM_START
092 1 3 9 0708860192 STIM_END_RESP_START
092 1 3 9 0709238420 LICK
092 1 3 9 0709238912 REWARD_START
092 1 3 9 0709448212 LICK
092 1 3 9 0709606076 LICK
092 1 3 9 0710060220 RESP_END
092 1 3 9 0709251928 REWARD_END
093 0 3 8 0712593880 STIM_START
093 0 3 8 0715869292 STIM_END_RESP_START
093 0 3 8 0717069328 RESP_END
094 2 5 2 0718809924 STIM_START
094 2 5 2 0722835420 STIM_END_RESP_START
094 2 5 2 0724035460 RESP_END
095 2 1 7 0725750048 STIM_START
095 2 1 7 0728825416 STIM_END_RESP_START
095 2 1 7 0730025452 RESP_END
096 1 4 6 0731893084 STIM_START
096 1 4 6 0735418524 STIM_END_RESP_START
096 1 4 6 0735847108 LICK
096 1 4 6 0735847600 REWARD_START
096 1 4 6 0736022488 LICK
096 1 4 6 0736192540 LICK
096 1 4 6 0736376992 LICK
096 1 4 6 0736525964 LICK
096 1 4 6 0736618572 RESP_END
096 1 4 6 0735860616 REWARD_END
097 0 1 3 0738408204 STIM_START
097 0 1 3 0741483572 STIM_END_RESP_START
097 0 1 3 0742683604 RESP_END
098 0 2 5 0744390208 STIM_START
098 0 2 5 0747515604 STIM_END_RESP_START
098 0 2 5 0748715644 RESP_END
099 0 4 9 0750442176 STIM_START
099 0 4 9 0753967616 STIM_END_RESP_START
099 0 4 9 0755167652 RESP_END
100 2 2 5 0756871240 STIM_START
100 2 2 5 0759996636 STIM_END_RESP_START
100 2 2 5 0761196676 RESP_END
101 0 4 7 0762921248 STIM_START
101 0 4 7 0766446684 STIM_END_RESP_START
101 0 4 7 0767646716 RESP_END
102 2 2 1 0769347268 STIM_START
102 2 2 1 0772472660 STIM_END_RESP_START
102 2 2 1 0773672700 RESP_END
103 0 1 3 0775381272 STIM_START
103 0 1 3 0778456636 STIM_END_RESP_START
103 0 1 3 0779656672 RESP_END
104 1 3 2 0781370332 STIM_START
104 1 3 2 0784645740 STIM_END_RESP_START
104 1 3 2 0785070452 LICK
104 1 3 2 0785070940 REWARD_START
104 1 3 2 0785246836 LICK
104 1 3 2 0785584264 LICK
104 1 3 2 0785758888 LICK
104 1 3 2 0785845764 RESP_END
104 1 3 2 0785083964 REWARD_END
105 1 5 6 0787687304 STIM_START
105 1 5 6 0791229116 LICK
105 1 5 6 0791682476 LICK
105 1 5 6 0791712796 STIM_END_RESP_START
105 1 5 6 0792747944 LICK
105 1 5 6 0792748440 REWARD_START
105 1 5 6 0792912816 RESP_END
105 1 5 6 0792761464 REWARD_END
106 0 1 7 0795404620 STIM_START
106 0 1 7 0798480024 STIM_END_RESP_START
106 0 1 7 0799680060 RESP_END
107 2 5 5 0801425636 STIM_START
107 2 5 5 0805451132 STIM_END_RESP_START
107 2 5 5 0805979716 LICK
107 2 5 5 0805980208 REWARD_START
107 2 5 5 0806131752 LICK
107 2 5 5 0806327484 LICK
107 2 5 5 0806651152 RESP_END
107 2 5 5 0805993228 REWARD_END
108 0 3 4 0808939856 STIM_START
108 0 3 4 0812215260 STIM_END_RESP_START
108 0 3 4 0813415296 RESP_END
109 1 2 10 0815121848 STIM_START
109 1 2 10 0818247240 STIM_END_RESP_START
109 1 2 10 0818671032 LICK
109 1 2 10 0818671524 REWARD_START
109 1 2 10 0818836288 LICK
109 1 2 10 0819049192 LICK
109 1 2 10 0819419948 LICK
109 1 2 10 0819447272 RESP_END
109 1 2 10 0818684548 REWARD_END
110 1 2 7 0821331896 STIM_START
110 1 2 7 0824457268 STIM_END_RESP_START
110 1 2 7 0824641520 LICK
110 1 2 7 0824642012 REWARD_START
110 1 2 7 0824897484 LICK
110 1 2 7 0825030780 LICK
110 1 2 7 0825215144 LICK
110 1 2 7 0825388964 LICK
110 1 2 7 0825550196 LICK
110 1 2 7 0825657292 RESP_END
110 1 2 7 0824655032 REWARD_END
111 2 3 5 0827359880 STIM_START
111 2 3 5 0827872276 LICK
111 2 3 5 0830635260 STIM_END_RESP_START
111 2 3 5 0831835300 RESP_END
112 0 4 4 0833557900 STIM_START
112 0 4 4 0837083340 STIM_END_RESP_START
112 0 4 4 0838218128 LICK
112 0 4 4 0838218612 TIMEOUT_START
112 0 4 4 0838283380 RESP_END
112 0 4 4 0845219104 TIMEOUT_END
113 0 5 8 0846962168 STIM_START
113 0 5 8 0850987664 STIM_END_RESP_START
113 0 5 8 0852187700 RESP_END
114 1 5 7 0853934324 STIM_START
114 1 5 7 0857959820 STIM_END_RESP_START
114 1 5 7 0858342468 LICK
114 1 5 7 0858342952 REWARD_START
114 1 5 7 0858413464 LICK
114 1 5 7 0858556424 LICK
114 1 5 7 0858923872 LICK
114 1 5 7 0859128228 LICK
114 1 5 7 0859159844 RESP_END
114 1 5 7 0858355976 REWARD_END
115 0 1 9 0861262492 STIM_START
115 0 1 9 0864337860 STIM_END_RESP_START
115 0 1 9 0865090260 LICK
115 0 1 9 0865090748 TIMEOUT_START
115 0 1 9 0865342312 LICK
115 0 1 9 0865342800 TIMEOUT_START
115 0 1 9 0865537872 RESP_END
115 0 1 9 0872343280 TIMEOUT_END
116 0 4 3 0874052664 STIM_START
116 0 4 3 0877578096 STIM_END_RESP_START
116 0 4 3 0877880760 LICK
116 0 4 3 0877881244 TIMEOUT_START
116 0 4 3 0878038600 LICK
116 0 4 3 0878039092 TIMEOUT_START
116 0 4 3 0878778116 RESP_END
116 0 4 3 0885039576 TIMEOUT_END
117 0 2 6 0886742760 STIM_START
117 0 2 6 0889868156 STIM_END_RESP_START
117 0 2 6 0889920248 LICK
117 0 2 6 0889920736 TIMEOUT_START
117 0 2 6 0891068168 RESP_END
117 0 2 6 0896921224 TIMEOUT_END
118 1 1 8 0902050292 STIM_START
118 1 1 8 0905125652 STIM_END_RESP_START
118 1 1 8 0905354428 LICK
118 1 1 8 0905354916 REWARD_START
118 1 1 8 0905562224 LICK
118 1 1 8 0905707648 LICK
118 1 1 8 0906032532 LICK
118 1 1 8 0906218588 LICK
118 1 1 8 0906325672 RESP_END
118 1 1 8 0905367936 REWARD_END
119 0 4 7 0908520476 STIM_START
119 0 4 7 0912045908 STIM_END_RESP_START
119 0 4 7 0912689808 LICK
119 0 4 7 0912690296 TIMEOUT_START
119 0 4 7 0913245952 RESP_END
119 0 4 7 0919690780 TIMEOUT_END
120 2 2 2 0921395496 STIM_START
120 2 2 2 0924520892 STIM_END_RESP_START
120 2 2 2 0925720928 RESP_END
121 2 5 6 0927476460 STIM_START
121 2 5 6 0931501956 STIM_END_RESP_START
121 2 5 6 0931826592 LICK
121 2 5 6 0931827084 REWARD_START
121 2 5 6 0932701996 RESP_END
121 2 5 6 0931840120 REWARD_END
122 0 1 7 0935153728 STIM_START
122 0 1 7 0938229096 STIM_END_RESP_START
122 0 1 7 0939429132 RESP_END
123 1 5 2 0941176768 STIM_START
123 1 5 2 0945202276 STIM_END_RESP_START
123 1 5 2 0945428724 LICK
123 1 5 2 0945429208 REWARD_START
123 1 5 2 0945588456 LICK
123 1 5 2 0945768728 LICK
123 1 5 2 0945951036 LICK
123 1 5 2 0946150532 LICK
123 1 5 2 0946402312 RESP_END
123 1 5 2 0945442232 REWARD_END
124 0 4 7 0948279968 STIM_START
124 0 4 7 0951805404 STIM_END_RESP_START
124 0 4 7 0953005444 RESP_END
125 1 3 1 0954729976 STIM_START
125 1 3 1 0958005384 STIM_END_RESP_START
125 1 3 1 0958381276 LICK
125 1 3 1 0958381764 REWARD_START
125 1 3 1 0958615224 LICK
125 1 3 1 0958779080 LICK
125 1 3 1 0958958768 LICK
125 1 3 1 0959205420 RESP_END
125 1 3 1 0958394788 REWARD_END
126 1 4 6 0961073012 STIM_START
126 1 4 6 0964598448 STIM_END_RESP_START
126 1 4 6 0964821640 LICK
126 1 4 6 0964822132 REWARD_START
126 1 4 6 0965000788 LICK
126 1 4 6 0965178748 LICK
126 1 4 6 0965434788 LICK
126 1 4 6 0965625212 LICK
126 1 4 6 0965798488 RESP_END
126 1 4 6 0964835148 REWARD_END
127 2 4 6 0967519080 STIM_START
127 2 4 6 0971044520 STIM_END_RESP_START
127 2 4 6 0972244556 RESP_END
128 0 1 5 0973957232 STIM_START
128 0 1 5 0977032600 STIM_END_RESP_START
128 0 1 5 0978232636 RESP_END
129 0 1 6 0979940140 STIM_START
129 0 1 6 0983015512 STIM_END_RESP_START
129 0 1 6 0984215548 RESP_END
130 1 1 5 0985922164 STIM_START
130 1 1 5 0988997564 STIM_END_RESP_START
130 1 1 5 0990197604 RESP_END
131 1 5 1 0993339432 STIM_START
131 1 5 1 0997364932 STIM_END_RESP_START
131 1 5 1 0997840516 LICK
131 1 5 1 0997841008 REWARD_START
131 1 5 1 0998062056 LICK
131 1 5 1 0998218204 LICK
131 1 5 1 0998388776 LICK
131 1 5 1 0998564948 RESP_END
131 1 5 1 0997854024 REWARD_END
132 0 4 9 1000293560 STIM_START
132 0 4 9 1000674832 LICK
132 0 4 9 1003819004 STIM_END_RESP_START
132 0 4 9 1005019020 RESP_END
133 0 1 4 1006724612 STIM_START
133 0 1 4 1009799988 STIM_END_RESP_START
133 0 1 4 1011000004 RESP_END
134 0 1 9 1012705556 STIM_START
134 0 1 9 1015780936 STIM_END_RESP_START
134 0 1 9 1016980952 RESP_END
135 1 3 8 1018700556 STIM_START
135 1 3 8 1021975940 STIM_END_RESP_START
135 1 3 8 1022256028 LICK
135 1 3 8 1022256568 REWARD_START
135 1 3 8 1022486724 LICK
135 1 3 8 1022643700 LICK
135 1 3 8 1022810872 LICK
135 1 3 8 1022977760 LICK
135 1 3 8 1023155652 LICK
135 1 3 8 1023175984 RESP_END
135 1 3 8 1022269648 REWARD_END
136 2 4 10 1025060600 STIM_START
136 2 4 10 1028586016 STIM_END_RESP_START
136 2 4 10 1029004884 LICK
136 2 4 10 1029005420 REWARD_START
136 2 4 10 1029244048 LICK
136 2 4 10 1029392860 LICK
136 2 4 10 1029581896 LICK
136 2 4 10 1029763260 LICK
136 2 4 10 1029786040 RESP_END
136 2 4 10 1029018488 REWARD_END
137 2 2 9 1032875888 STIM_START
137 2 2 9 1036001268 STIM_END_RESP_START
137 2 2 9 1037201284 RESP_END
138 0 2 10 1038912908 STIM_START
138 0 2 10 1042038280 STIM_END_RESP_START
138 0 2 10 1043104252 LICK
138 0 2 10 1043104792 TIMEOUT_START
138 0 2 10 1043238304 RESP_END
138 0 2 10 1050105332 TIMEOUT_END
139 1 1 4 1051819028 STIM_START
139 1 1 4 1054894408 STIM_END_RESP_START
139 1 1 4 1055727180 LICK
139 1 1 4 1055727720 REWARD_START
139 1 1 4 1055961724 LICK
139 1 1 4 1056094440 RESP_END
139 1 1 4 1055740788 REWARD_END
140 0 2 4 1058477124 STIM_START
140 0 2 4 1061602492 STIM_END_RESP_START
140 0 2 4 1062802508 RESP_END
141 1 3 6 1064527132 STIM_START
141 1 3 6 1067802548 STIM_END_RESP_START
141 1 3 6 1068208980 LICK
141 1 3 6 1068209520 REWARD_START
141 1 3 6 1068403380 LICK
141 1 3 6 1068583972 LICK
141 1 3 6 1068827264 LICK
141 1 3 6 1069002564 RESP_END
141 1 3 6 1068222580 REWARD_END
142 0 4 5 1070967188 STIM_START
142 0 4 5 1074492640 STIM_END_RESP_START
142 0 4 5 1075692656 RESP_END
143 1 4 3 1077408308 STIM_START
143 1 4 3 1080933720 STIM_END_RESP_START
143 1 4 3 1081312276 LICK
143 1 4 3 1081312812 REWARD_START
143 1 4 3 1081489100 LICK
143 1 4 3 1081646540 LICK
143 1 4 3 1081841676 LICK
143 1 4 3 1082011284 LICK
143 1 4 3 1082133768 RESP_END
143 1 4 3 1081325888 REWARD_END
144 2 3 9 1083843372 STIM_START
144 2 3 9 1087118796 STIM_END_RESP_START
144 2 3 9 1087345920 LICK
144 2 3 9 1087346452 REWARD_START
144 2 3 9 1087501260 LICK
144 2 3 9 1087682228 LICK
144 2 3 9 1087860988 LICK
144 2 3 9 1088318824 RESP_END
144 2 3 9 1087359528 REWARD_END
145 1 2 3 1090830524 STIM_START
145 1 2 3 1093955892 STIM_END_RESP_START
145 1 2 3 1094351708 LICK
145 1 2 3 1094352248 REWARD_START
145 1 2 3 1094567840 LICK
145 1 2 3 1094740128 LICK
145 1 2 3 1094900500 LICK
145 1 2 3 1095155932 RESP_END
145 1 2 3 1094365308 REWARD_END
146 0 4 7 1096922480 STIM_START
146 0 4 7 1097243412 LICK
146 0 4 7 1100447916 STIM_END_RESP_START
146 0 4 7 1101647932 RESP_END
147 0 3 10 1103366556 STIM_START
147 0 3 10 1106641976 STIM_END_RESP_START
147 0 3 10 1107842024 RESP_END
148 1 5 3 1109581628 STIM_START
148 1 5 3 1113607100 STIM_END_RESP_START
148 1 5 3 1114807116 RESP_END
149 0 1 5 1116519728 STIM_START
149 0 1 5 1119595104 STIM_END_RESP_START
149 0 1 5 1120112640 LICK
149 0 1 5 1120113176 TIMEOUT_START
149 0 1 5 1120795132 RESP_END
149 0 1 5 1127113720 TIMEOUT_END
150 2 3 10 1128824756 STIM_START
150 2 3 10 1132100180 STIM_END_RESP_START
150 2 3 10 1132493588 LICK
150 2 3 10 1132494128 REWARD_START
150 2 3 10 1132551620 LICK
150 2 3 10 1132732400 LICK
150 2 3 10 1133300204 RESP_END
150 2 3 10 1132507204 REWARD_END
151 0 2 8 1136909104 STIM_START
151 0 2 8 1140034472 STIM_END_RESP_START
151 0 2 8 1141068708 LICK
151 0 2 8 1141069248 TIMEOUT_START
151 0 2 8 1141234504 RESP_END
151 0 2 8 1148069788 TIMEOUT_END
152 2 4 7 1149790268 STIM_START
152 2 4 7 1153315716 STIM_END_RESP_START
152 2 4 7 1154515732 RESP_END
153 0 1 4 1156904412 STIM_START
153 0 1 4 1158975836 LICK
153 0 1 4 1159169656 LICK
153 0 1 4 1159979784 STIM_END_RESP_START
153 0 1 4 1159993084 LICK
153 0 1 4 1159993620 TIMEOUT_START
153 0 1 4 1160938488 LICK
153 0 1 4 1160939024 TIMEOUT_START
153 0 1 4 1161179832 RESP_END
153 0 1 4 1167939576 TIMEOUT_END
154 0 4 9 1169661520 STIM_START
154 0 4 9 1173186932 STIM_END_RESP_START
154 0 4 9 1174386948 RESP_END
155 1 1 6 1176087624 STIM_START
155 1 1 6 1179163004 STIM_END_RESP_START
155 1 1 6 1180363020 RESP_END
156 0 4 2 1182445632 STIM_START
156 0 4 2 1185971080 STIM_END_RESP_START
156 0 4 2 1187171096 RESP_END
157 1 4 8 1188888724 STIM_START
157 1 4 8 1192414172 STIM_END_RESP_START
157 1 4 8 1192671824 LICK
157 1 4 8 1192672364 REWARD_START
157 1 4 8 1193064004 LICK
157 1 4 8 1193248840 LICK
157 1 4 8 1193439180 LICK
157 1 4 8 1193607044 LICK
157 1 4 8 1193614216 RESP_END
157 1 4 8 1192685436 REWARD_END
158 0 1 5 1196187904 STIM_START
158 0 1 5 1199263292 STIM_END_RESP_START
158 0 1 5 1200463308 RESP_END
159 2 2 7 1202252904 STIM_START
159 2 2 7 1205378272 STIM_END_RESP_START
159 2 2 7 1206578288 RESP_END
160 1 2 6 1208290908 STIM_START
160 1 2 6 1211416280 STIM_END_RESP_START
160 1 2 6 1212616296 RESP_END
161 0 3 8 1214333904 STIM_START
161 0 3 8 1217609292 STIM_END_RESP_START
161 0 3 8 1218809304 RESP_END
162 1 4 2 1220527976 STIM_START
162 1 4 2 1224053392 STIM_END_RESP_START
162 1 4 2 1224977456 LICK
162 1 4 2 1224977992 REWARD_START
162 1 4 2 1225192948 LICK
162 1 4 2 1225253420 RESP_END
162 1 4 2 1224991068 REWARD_END
163 0 5 6 1228292204 STIM_START
163 0 5 6 1232317680 STIM_END_RESP_START
163 0 5 6 1233517696 RESP_END
164 0 1 1 1235218360 STIM_START
164 0 1 1 1238293744 STIM_END_RESP_START
164 0 1 1 1239493760 RESP_END
165 0 1 4 1241198360 STIM_START
165 0 1 4 1244273744 STIM_END_RESP_START
165 0 1 4 1245473800 RESP_END
166 2 4 10 1247476448 STIM_START
166 2 4 10 1250206200 LICK
166 2 4 10 1250416796 LICK
166 2 4 10 1251001884 STIM_END_RESP_START
166 2 4 10 1251533236 LICK
166 2 4 10 1251533768 REWARD_START
166 2 4 10 1252201916 RESP_END
166 2 4 10 1251546844 REWARD_END
167 1 4 6 1253932488 STIM_START
167 1 4 6 1257457904 STIM_END_RESP_START
167 1 4 6 1258108296 LICK
167 1 4 6 1258108828 REWARD_START
167 1 4 6 1258262952 LICK
167 1 4 6 1258543796 LICK
167 1 4 6 1258657932 RESP_END
167 1 4 6 1258121908 REWARD_END
168 1 1 6 1260611548 STIM_START
168 1 1 6 1260979136 LICK
168 1 1 6 1262147924 LICK
168 1 1 6 1263686924 STIM_END_RESP_START
168 1 1 6 1264862184 LICK
168 1 1 6 1264862724 REWARD_START
168 1 1 6 1264886956 RESP_END
168 1 1 6 1264875800 REWARD_END
169 0 2 7 1270315152 STIM_START
169 0 2 7 1273440532 STIM_END_RESP_START
169 0 2 7 1274640548 RESP_END
170 1 3 8 1276361152 STIM_START
170 1 3 8 1279636536 STIM_END_RESP_START
170 1 3 8 1280012124 LICK
170 1 3 8 1280012660 REWARD_START
170 1 3 8 1280229864 LICK
170 1 3 8 1280395240 LICK
170 1 3 8 1280594584 LICK
170 1 3 8 1280836576 RESP_END
170 1 3 8 1280025736 REWARD_END
171 2 3 7 1284990612 STIM_START
171 2 3 7 1288266032 STIM_END_RESP_START
171 2 3 7 1289466048 RESP_END
172 0 2 4 1291177596 STIM_START
172 0 2 4 1294302968 STIM_END_RESP_START
172 0 2 4 1295502984 RESP_END
173 1 1 1 1297216592 STIM_START
173 1 1 1 1300291972 STIM_END_RESP_START
173 1 1 1 1301440116 LICK
173 1 1 1 1301440652 REWARD_START
173 1 1 1 1301492012 RESP_END
173 1 1 1 1301453724 REWARD_END
174 1 2 1 1304422784 STIM_START
174 1 2 1 1307548156 STIM_END_RESP_START
174 1 2 1 1308088648 LICK
174 1 2 1 1308089180 REWARD_START
174 1 2 1 1308237096 LICK
174 1 2 1 1308447584 LICK
174 1 2 1 1308748176 RESP_END
174 1 2 1 1308102260 REWARD_END
175 0 5 6 1310713896 STIM_START
175 0 5 6 1310889900 LICK
175 0 5 6 1314739368 STIM_END_RESP_START
175 0 5 6 1315939380 RESP_END
176 0 5 10 1317685976 STIM_START
176 0 5 10 1321711448 STIM_END_RESP_START
176 0 5 10 1322384496 LICK
176 0 5 10 1322385024 TIMEOUT_START
176 0 5 10 1322591792 LICK
176 0 5 10 1322592332 TIMEOUT_START
176 0 5 10 1322911460 RESP_END
176 0 5 10 1329592868 TIMEOUT_END
177 0 1 1 1331299268 STIM_START
177 0 1 1 1334374652 STIM_END_RESP_START
177 0 1 1 1335574664 RESP_END
178 1 2 5 1337288224 STIM_START
178 1 2 5 1340413592 STIM_END_RESP_START
178 1 2 5 1340822024 LICK
178 1 2 5 1340822564 REWARD_START
178 1 2 5 1341018264 LICK
178 1 2 5 1341200636 LICK
178 1 2 5 1341391096 LICK
178 1 2 5 1341613640 RESP_END
178 1 2 5 1340835636 REWARD_END
179 0 3 7 1343871300 STIM_START
179 0 3 7 1347146720 STIM_END_RESP_START
179 0 3 7 1348346732 RESP_END
180 1 1 2 1350062336 STIM_START
180 1 1 2 1353137712 STIM_END_RESP_START
180 1 1 2 1353698624 LICK
180 1 1 2 1353699152 REWARD_START
180 1 1 2 1353858040 LICK
180 1 1 2 1354014888 LICK
180 1 1 2 1354211492 LICK
180 1 1 2 1354337752 RESP_END
180 1 1 2 1353712232 REWARD_END
181 1 1 1 1358031644 STIM_START
181 1 1 1 1361107028 STIM_END_RESP_START
181 1 1 1 1361591860 LICK
181 1 1 1 1361592400 REWARD_START
181 1 1 1 1361797564 LICK
181 1 1 1 1361980212 LICK
181 1 1 1 1362154756 LICK
181 1 1 1 1362307060 RESP_END
181 1 1 1 1361605468 REWARD_END
182 1 5 6 1364077656 STIM_START
182 1 5 6 1368103168 STIM_END_RESP_START
182 1 5 6 1368312172 LICK
182 1 5 6 1368312704 REWARD_START
182 1 5 6 1368679764 LICK
182 1 5 6 1368883452 LICK
182 1 5 6 1369033260 LICK
182 1 5 6 1369228408 LICK
182 1 5 6 1369303208 RESP_END
182 1 5 6 1368325780 REWARD_END
183 0 4 3 1371029856 STIM_START
183 0 4 3 1371474248 LICK
183 0 4 3 1374555276 STIM_END_RESP_START
183 0 4 3 1375755328 RESP_END
184 0 5 9 1377498884 STIM_START
184 0 5 9 1381524392 STIM_END_RESP_START
184 0 5 9 1382724408 RESP_END
185 1 4 2 1384446040 STIM_START
185 1 4 2 1387971488 STIM_END_RESP_START
185 1 4 2 1388429788 LICK
185 1 4 2 1388430320 REWARD_START
185 1 4 2 1388604856 LICK
185 1 4 2 1388781872 LICK
185 1 4 2 1388945784 LICK
185 1 4 2 1389146644 LICK
185 1 4 2 1389171536 RESP_END
185 1 4 2 1388443396 REWARD_END
186 1 4 2 1390892056 STIM_START
186 1 4 2 1391296120 LICK
186 1 4 2 1394417472 STIM_END_RESP_START
186 1 4 2 1394639188 LICK
186 1 4 2 1394639720 REWARD_START
186 1 4 2 1394792676 LICK
186 1 4 2 1394952260 LICK
186 1 4 2 1395139968 LICK
186 1 4 2 1395552436 LICK
186 1 4 2 1395617496 RESP_END
186 1 4 2 1394652796 REWARD_END
187 0 5 4 1398183280 STIM_START
187 0 5 4 1402208752 STIM_END_RESP_START
187 0 5 4 1403408768 RESP_END
188 1 5 3 1405163420 STIM_START
188 1 5 3 1409188900 STIM_END_RESP_START
188 1 5 3 1409794028 LICK
188 1 5 3 1409794564 REWARD_START
188 1 5 3 1410068740 LICK
188 1 5 3 1410230496 LICK
188 1 5 3 1410388932 RESP_END
188 1 5 3 1409807640 REWARD_END
189 0 2 6 1412744704 STIM_START
189 0 2 6 1415870076 STIM_END_RESP_START
189 0 2 6 1417070088 RESP_END
190 2 3 8 1418793664 STIM_START
190 2 3 8 1422069088 STIM_END_RESP_START
190 2 3 8 1423055300 LICK
190 2 3 8 1423055832 REWARD_START
190 2 3 8 1423245448 LICK
190 2 3 8 1423269100 RESP_END
190 2 3 8 1423068912 REWARD_END
191 1 3 10 1425742816 STIM_START
191 1 3 10 1429018208 STIM_END_RESP_START
191 1 3 10 1429349460 LICK
191 1 3 10 1429349996 REWARD_START
191 1 3 10 1429560452 LICK
191 1 3 10 1429717336 LICK
191 1 3 10 1429892808 LICK
191 1 3 10 1430218240 RESP_END
191 1 3 10 1429363072 REWARD_END
192 1 1 7 1431931876 STIM_START
192 1 1 7 1435007264 STIM_END_RESP_START
192 1 1 7 1435367084 LICK
192 1 1 7 1435367624 REWARD_START
192 1 1 7 1435551084 LICK
192 1 1 7 1435728456 LICK
192 1 1 7 1435954056 LICK
192 1 1 7 1436207292 RESP_END
192 1 1 7 1435380696 REWARD_END
193 0 5 4 1438073872 STIM_START
193 0 5 4 1438214716 LICK
193 0 5 4 1442099364 STIM_END_RESP_START
193 0 5 4 1442738852 LICK
193 0 5 4 1442739388 TIMEOUT_START
193 0 5 4 1443147784 LICK
193 0 5 4 1443148316 TIMEOUT_START
193 0 5 4 1443299400 RESP_END
193 0 5 4 1450148860 TIMEOUT_END
194 0 3 6 1451862184 STIM_START
194 0 3 6 1455137600 STIM_END_RESP_START
194 0 3 6 1456337616 RESP_END
195 0 1 9 1458040148 STIM_START
195 0 1 9 1461115528 STIM_END_RESP_START
195 0 1 9 1462315544 RESP_END
196 1 3 8 1464037136 STIM_START
196 1 3 8 1467312524 STIM_END_RESP_START
196 1 3 8 1467833132 LICK
196 1 3 8 1467833672 REWARD_START
196 1 3 8 1468047688 LICK
196 1 3 8 1468212272 LICK
196 1 3 8 1468392384 LICK
196 1 3 8 1468512540 RESP_END
196 1 3 8 1467846736 REWARD_END
197 2 5 1 1470353180 STIM_START
197 2 5 1 1474378652 STIM_END_RESP_START
197 2 5 1 1475578668 RESP_END
198 2 3 10 1477530432 STIM_START
198 2 3 10 1480805816 STIM_END_RESP_START
198 2 3 10 1482005832 RESP_END
199 0 4 10 1483724480 STIM_START
199 0 4 10 1487249896 STIM_END_RESP_START
199 0 4 10 1488449912 RESP_END
200 2 1 6 1490167492 STIM_START
200 2 1 6 1493242872 STIM_END_RESP_START
200 2 1 6 1493657904 LICK
200 2 1 6 1493658436 REWARD_START
200 2 1 6 1493890500 LICK
200 2 1 6 1494052492 LICK
200 2 1 6 1494236936 LICK
200 2 1 6 1494422864 LICK
200 2 1 6 1494442916 RESP_END
200 2 1 6 1493671512 REWARD_END
201 1 5 8 1496186440 STIM_START
201 1 5 8 1500211920 STIM_END_RESP_START
201 1 5 8 1500265652 LICK
201 1 5 8 1500266184 REWARD_START
201 1 5 8 1500799068 LICK
201 1 5 8 1500964908 LICK
201 1 5 8 1501217932 LICK
201 1 5 8 1501411960 RESP_END
201 1 5 8 1500279260 REWARD_END
202 1 5 6 1503201596 STIM_START
202 1 5 6 1507227076 STIM_END_RESP_START
202 1 5 6 1507653484 LICK
202 1 5 6 1507654024 REWARD_START
202 1 5 6 1507683048 LICK
202 1 5 6 1507845908 LICK
202 1 5 6 1508045708 LICK
202 1 5 6 1508236960 LICK
202 1 5 6 1508427112 RESP_END
202 1 5 6 1507667084 REWARD_END
203 0 5 4 1510447800 STIM_START
203 0 5 4 1514473272 STIM_END_RESP_START
203 0 5 4 1515673292 RESP_END
204 1 4 2 1517407996 STIM_START
204 1 4 2 1520933412 STIM_END_RESP_START
204 1 4 2 1521336440 LICK
204 1 4 2 1521336968 REWARD_START
204 1 4 2 1521503460 LICK
204 1 4 2 1521673148 LICK
204 1 4 2 1522133436 RESP_END
204 1 4 2 1521350048 REWARD_END
205 0 1 2 1523904020 STIM_START
205 0 1 2 1526979396 STIM_END_RESP_START
205 0 1 2 1528179412 RESP_END
206 0 2 6 1529890048 STIM_START
206 0 2 6 1533015420 STIM_END_RESP_START
206 0 2 6 1534215436 RESP_END
207 1 3 3 1535939040 STIM_START
207 1 3 3 1539214424 STIM_END_RESP_START
207 1 3 3 1539715440 LICK
207 1 3 3 1539715972 REWARD_START
207 1 3 3 1539916044 LICK
207 1 3 3 1540074784 LICK
207 1 3 3 1540248464 LICK
207 1 3 3 1540414444 RESP_END
207 1 3 3 1539729052 REWARD_END
208 1 2 4 1542128072 STIM_START
208 1 2 4 1545253444 STIM_END_RESP_START
208 1 2 4 1545705692 LICK
208 1 2 4 1545706228 REWARD_START
208 1 2 4 1545901620 LICK
208 1 2 4 1546087716 LICK
208 1 2 4 1546277160 LICK
208 1 2 4 1546450456 LICK
208 1 2 4 1546453472 RESP_END
208 1 2 4 1545719308 REWARD_END
209 1 4 7 1548188068 STIM_START
209 1 4 7 1551713492 STIM_END_RESP_START
209 1 4 7 1551898728 LICK
209 1 4 7 1551899260 REWARD_START
209 1 4 7 1552044624 LICK
209 1 4 7 1552221208 LICK
209 1 4 7 1552913512 RESP_END
209 1 4 7 1551912336 REWARD_END
210 0 5 10 1555744284 STIM_START
210 0 5 10 1559769756 STIM_END_RESP_START
210 0 5 10 1559799848 LICK
210 0 5 10 1559800380 TIMEOUT_START
210 0 5 10 1559993740 LICK
210 0 5 10 1559994272 TIMEOUT_START
210 0 5 10 1560195488 LICK
210 0 5 10 1560196020 TIMEOUT_START
210 0 5 10 1560969800 RESP_END
210 0 5 10 1567196564 TIMEOUT_END
211 2 4 8 1568950468 STIM_START
211 2 4 8 1572475876 STIM_END_RESP_START
211 2 4 8 1573675896 RESP_END
212 1 4 10 1575403544 STIM_START
212 1 4 10 1578928992 STIM_END_RESP_START
212 1 4 10 1579213332 LICK
212 1 4 10 1579213872 REWARD_START
212 1 4 10 1579422372 LICK
212 1 4 10 1579583224 LICK
212 1 4 10 1579930468 LICK
212 1 4 10 1580129028 RESP_END
212 1 4 10 1579226944 REWARD_END
213 2 1 3 1583930908 STIM_START
213 2 1 3 1587006288 STIM_END_RESP_START
213 2 1 3 1587933508 LICK
213 2 1 3 1587934044 REWARD_START
213 2 1 3 1588206312 RESP_END
213 2 1 3 1587947124 REWARD_END
214 0 1 4 1589916896 STIM_START
214 0 1 4 1592992272 STIM_END_RESP_START
214 0 1 4 1594192288 RESP_END
215 2 2 7 1595902920 STIM_START
215 2 2 7 1599028300 STIM_END_RESP_START
215 2 2 7 1600228348 RESP_END
216 1 5 9 1601999900 STIM_START
216 1 5 9 1606025372 STIM_END_RESP_START
216 1 5 9 1606387620 LICK
216 1 5 9 1606388160 REWARD_START
216 1 5 9 1606578540 LICK
216 1 5 9 1606853484 LICK
216 1 5 9 1607136448 LICK
216 1 5 9 1607225388 RESP_END
216 1 5 9 1606401240 REWARD_END
217 0 5 6 1609215076 STIM_START
217 0 5 6 1613240552 STIM_END_RESP_START
217 0 5 6 1614440568 RESP_END
218 0 4 7 1616158220 STIM_START
218 0 4 7 1619683632 STIM_END_RESP_START
218 0 4 7 1620647364 LICK
218 0 4 7 1620647896 TIMEOUT_START
218 0 4 7 1620859568 LICK
218 0 4 7 1620860104 TIMEOUT_START
218 0 4 7 1620883680 RESP_END
218 0 4 7 1627860648 TIMEOUT_END
219 0 5 2 1629607460 STIM_START
219 0 5 2 1633632944 STIM_END_RESP_START
219 0 5 2 1634832960 RESP_END
220 1 1 2 1636533612 STIM_START
220 1 1 2 1639608992 STIM_END_RESP_START
220 1 1 2 1640001432 LICK
220 1 1 2 1640001968 REWARD_START
220 1 1 2 1640182316 LICK
220 1 1 2 1640365976 LICK
220 1 1 2 1640526376 LICK
220 1 1 2 1640809036 RESP_END
220 1 1 2 1640015044 REWARD_END
221 0 4 3 1643238700 STIM_START
221 0 4 3 1646764148 STIM_END_RESP_START
221 0 4 3 1647162340 LICK
221 0 4 3 1647162880 TIMEOUT_START
221 0 4 3 1647964172 RESP_END
221 0 4 3 1654163424 TIMEOUT_END
222 1 2 3 1655874776 STIM_START
222 1 2 3 1659000144 STIM_END_RESP_START
222 1 2 3 1659679828 LICK
222 1 2 3 1659680360 REWARD_START
222 1 2 3 1659899340 LICK
222 1 2 3 1660090288 LICK
222 1 2 3 1660200164 RESP_END
222 1 2 3 1659693436 REWARD_END
223 0 4 9 1662660944 STIM_START
223 0 4 9 1666186360 STIM_END_RESP_START
223 0 4 9 1667386412 RESP_END
224 1 4 10 1669106948 STIM_START
224 1 4 10 1672632364 STIM_END_RESP_START
224 1 4 10 1673051800 LICK
224 1 4 10 1673052340 REWARD_START
224 1 4 10 1673191660 LICK
224 1 4 10 1673368532 LICK
224 1 4 10 1673560180 LICK
224 1 4 10 1673832380 RESP_END
224 1 4 10 1673065408 REWARD_END
225 2 5 4 1676301212 STIM_START
225 2 5 4 1680326688 STIM_END_RESP_START
225 2 5 4 1681526732 RESP_END
226 2 2 5 1683247324 STIM_START
226 2 2 5 1686372692 STIM_END_RESP_START
226 2 2 5 1687572708 RESP_END
227 0 1 2 1689282276 STIM_START
227 0 1 2 1692357660 STIM_END_RESP_START
227 0 1 2 1693557704 RESP_END
228 1 4 10 1695288264 STIM_START
228 1 4 10 1698813680 STIM_END_RESP_START
228 1 4 10 1699241852 LICK
228 1 4 10 1699242388 REWARD_START
228 1 4 10 1699450520 LICK
228 1 4 10 1699638324 LICK
228 1 4 10 1699776076 LICK
228 1 4 10 1699939124 LICK
228 1 4 10 1700013708 RESP_END
228 1 4 10 1699255464 REWARD_END
229 0 4 1 1702560464 STIM_START
229 0 4 1 1704351328 LICK
229 0 4 1 1706085884 STIM_END_RESP_START
229 0 4 1 1707285900 RESP_END
230 1 4 3 1709007564 STIM_START
230 1 4 3 1712532976 STIM_END_RESP_START
230 1 4 3 1713110480 LICK
230 1 4 3 1713111012 REWARD_START
230 1 4 3 1713328860 LICK
230 1 4 3 1713526528 LICK
230 1 4 3 1713733020 RESP_END
230 1 4 3 1713124092 REWARD_END
231 2 5 8 1716202792 STIM_START
231 2 5 8 1720228264 STIM_END_RESP_START
231 2 5 8 1720641756 LICK
231 2 5 8 1720642284 REWARD_START
231 2 5 8 1720865492 LICK
231 2 5 8 1721178496 LICK
231 2 5 8 1721398328 LICK
231 2 5 8 1721428296 RESP_END
231 2 5 8 1720655360 REWARD_END
232 0 5 8 1723168856 STIM_START
232 0 5 8 1727194336 STIM_END_RESP_START
232 0 5 8 1727350608 LICK
232 0 5 8 1727351148 TIMEOUT_START
232 0 5 8 1727800328 LICK
232 0 5 8 1727800860 TIMEOUT_START
232 0 5 8 1728394344 RESP_END
232 0 5 8 1734801404 TIMEOUT_END
233 0 2 8 1736511104 STIM_START
233 0 2 8 1739636476 STIM_END_RESP_START
233 0 2 8 1740836492 RESP_END
234 1 4 1 1742568120 STIM_START
234 1 4 1 1746093532 STIM_END_RESP_START
234 1 4 1 1746525476 LICK
234 1 4 1 1746526008 REWARD_START
234 1 4 1 1746688312 LICK
234 1 4 1 1746877708 LICK
234 1 4 1 1747293576 RESP_END
234 1 4 1 1746539084 REWARD_END
235 1 5 10 1750736436 STIM_START
235 1 5 10 1754761908 STIM_END_RESP_START
235 1 5 10 1754978704 LICK
235 1 5 10 1754979240 REWARD_START
235 1 5 10 1755336476 LICK
235 1 5 10 1755543716 LICK
235 1 5 10 1755946428 LICK
235 1 5 10 1755961940 RESP_END
235 1 5 10 1754992316 REWARD_END
236 1 4 8 1758065644 STIM_START
236 1 4 8 1761591068 STIM_END_RESP_START
236 1 4 8 1761814664 LICK
236 1 4 8 1761815192 REWARD_START
236 1 4 8 1762073852 LICK
236 1 4 8 1762199672 LICK
236 1 4 8 1762396172 LICK
236 1 4 8 1762573444 LICK
236 1 4 8 1762783972 LICK
236 1 4 8 1762791112 RESP_END
236 1 4 8 1761828268 REWARD_END
237 0 2 4 1764501716 STIM_START
237 0 2 4 1767627096 STIM_END_RESP_START
237 0 2 4 1768827112 RESP_END
238 2 5 7 1770576648 STIM_START
238 2 5 7 1774602120 STIM_END_RESP_START
238 2 5 7 1775646636 LICK
238 2 5 7 1775647176 REWARD_START
238 2 5 7 1775802144 RESP_END
238 2 5 7 1775660256 REWARD_END
239 0 4 6 1778169956 STIM_START
239 0 4 6 1781695364 STIM_END_RESP_START
239 0 4 6 1782895380 RESP_END
240 0 5 5 1784633972 STIM_START
240 0 5 5 1788659448 STIM_END_RESP_START
240 0 5 5 1789859464 RESP_END
241 1 5 6 1791598116 STIM_START
241 1 5 6 1795623588 STIM_END_RESP_START
241 1 5 6 1796029872 LICK
241 1 5 6 1796030404 REWARD_START
241 1 5 6 1796197404 LICK
241 1 5 6 1796464736 LICK
241 1 5 6 1796620912 LICK
241 1 5 6 1796798228 LICK
241 1 5 6 1796823620 RESP_END
241 1 5 6 1796043480 REWARD_END
242 2 2 10 1798531252 STIM_START
242 2 2 10 1801656620 STIM_END_RESP_START
242 2 2 10 1802710220 LICK
242 2 2 10 1802710752 REWARD_START
242 2 2 10 1802856644 RESP_END
242 2 2 10 1802723828 REWARD_END
243 1 2 1 1805648424 STIM_START
243 1 2 1 1808773796 STIM_END_RESP_START
243 1 2 1 1809214708 LICK
243 1 2 1 1809215244 REWARD_START
243 1 2 1 1809379396 LICK
243 1 2 1 1809549420 LICK
243 1 2 1 1809770540 LICK
243 1 2 1 1809973812 RESP_END
243 1 2 1 1809228320 REWARD_END
244 0 3 3 1812663572 STIM_START
244 0 3 3 1815938992 STIM_END_RESP_START
244 0 3 3 1817139008 RESP_END
245 0 2 7 1818847636 STIM_START
245 0 2 7 1821973008 STIM_END_RESP_START
245 0 2 7 1823173024 RESP_END
246 0 1 8 1824885588 STIM_START
246 0 1 8 1827960976 STIM_END_RESP_START
246 0 1 8 1829161028 RESP_END
247 1 5 1 1830907584 STIM_START
247 1 5 1 1834933060 STIM_END_RESP_START
247 1 5 1 1835381824 LICK
247 1 5 1 1835382356 REWARD_START
247 1 5 1 1835587036 LICK
247 1 5 1 1835755656 LICK
247 1 5 1 1836133104 RESP_END
247 1 5 1 1835395432 REWARD_END
248 0 4 7 1838044800 STIM_START
248 0 4 7 1841570212 STIM_END_RESP_START
248 0 4 7 1842770228 RESP_END
249 1 5 6 1844506896 STIM_START
249 1 5 6 1848532372 STIM_END_RESP_START
249 1 5 6 1848655316 LICK
249 1 5 6 1848655848 REWARD_START
249 1 5 6 1848808760 LICK
249 1 5 6 1848991240 LICK
249 1 5 6 1849196968 LICK
249 1 5 6 1849732412 RESP_END
249 1 5 6 1848668924 REWARD_END
250 1 3 9 1852328096 STIM_START
250 1 3 9 1855603512 STIM_END_RESP_START
250 1 3 9 1855818132 LICK
250 1 3 9 1855818664 REWARD_START
250 1 3 9 1855971936 LICK
250 1 3 9 1856161268 LICK
250 1 3 9 1856323820 LICK
250 1 3 9 1856803532 RESP_END
250 1 3 9 1855831744 REWARD_END
251 0 4 1 1858537124 STIM_START
251 0 4 1 1862062540 STIM_END_RESP_START
251 0 4 1 1863262552 RESP_END
252 0 2 6 1864977188 STIM_START
252 0 2 6 1868102556 STIM_END_RESP_START
252 0 2 6 1869302572 RESP_END
253 0 2 2 1871015176 STIM_START
253 0 2 2 1874140548 STIM_END_RESP_START
253 0 2 2 1875340564 RESP_END
254 2 1 10 1877054164 STIM_START
254 2 1 10 1880129552 STIM_END_RESP_START
254 2 1 10 1881067796 LICK
254 2 1 10 1881068328 REWARD_START
254 2 1 10 1881273292 LICK
254 2 1 10 1881329564 RESP_END
254 2 1 10 1881081408 REWARD_END
255 1 3 1 1883586256 STIM_START
255 1 3 1 1886861648 STIM_END_RESP_START
255 1 3 1 1887080688 LICK
255 1 3 1 1887081220 REWARD_START
255 1 3 1 1887304088 LICK
255 1 3 1 1887435824 LICK
255 1 3 1 1887609088 LICK
255 1 3 1 1887786104 LICK
255 1 3 1 1888061668 RESP_END
255 1 3 1 1887094300 REWARD_END
256 1 5 4 1890649448 STIM_START
256 1 5 4 1894674924 STIM_END_RESP_START
256 1 5 4 1894740328 LICK
256 1 5 4 1894740860 REWARD_START
256 1 5 4 1895051008 LICK
256 1 5 4 1895194748 LICK
256 1 5 4 1895355844 LICK
256 1 5 4 1895547540 LICK
256 1 5 4 1895874936 RESP_END
256 1 5 4 1894753936 REWARD_END
257 0 3 10 1898486760 STIM_START
257 0 3 10 1901762144 STIM_END_RESP_START
257 0 3 10 1902534936 LICK
257 0 3 10 1902535468 TIMEOUT_START
257 0 3 10 1902962168 RESP_END
257 0 3 10 1909536016 TIMEOUT_END
258 0 1 6 1911238788 STIM_START
258 0 1 6 1914314168 STIM_END_RESP_START
258 0 1 6 1915514184 RESP_END
259 2 3 5 1917231784 STIM_START
259 2 3 5 1920507168 STIM_END_RESP_START
259 2 3 5 1921422292 LICK
259 2 3 5 1921422832 REWARD_START
259 2 3 5 1921707184 RESP_END
259 2 3 5 1921435912 REWARD_END
260 1 2 6 1924820016 STIM_START
260 1 2 6 1927945388 STIM_END_RESP_START
260 1 2 6 1928405696 LICK
260 1 2 6 1928406232 REWARD_START
260 1 2 6 1928580532 LICK
260 1 2 6 1928759344 LICK
260 1 2 6 1928935660 LICK
260 1 2 6 1929139080 LICK
260 1 2 6 1929145420 RESP_END
260 1 2 6 1928419304 REWARD_END
261 0 4 4 1930879036 STIM_START
261 0 4 4 1934404456 STIM_END_RESP_START
261 0 4 4 1934633932 LICK
261 0 4 4 1934634472 TIMEOUT_START
261 0 4 4 1934696788 LICK
261 0 4 4 1934697320 TIMEOUT_START
261 0 4 4 1934890444 LICK
261 0 4 4 1934890976 TIMEOUT_START
261 0 4 4 1935604496 RESP_END
261 0 4 4 1941891520 TIMEOUT_END
262 0 3 2 1943605108 STIM_START
262 0 3 2 1946880492 STIM_END_RESP_START
262 0 3 2 1948080508 RESP_END
263 0 5 9 1949830144 STIM_START
263 0 5 9 1953855624 STIM_END_RESP_START
263 0 5 9 1954475668 LICK
263 0 5 9 1954476208 TIMEOUT_START
263 0 5 9 1955055664 RESP_END
263 0 5 9 1961476752 TIMEOUT_END
264 1 2 1 1963186364 STIM_START
264 1 2 1 1966311736 STIM_END_RESP_START
264 1 2 1 1966721328 LICK
264 1 2 1 1966721856 REWARD_START
264 1 2 1 1966952428 LICK
264 1 2 1 1967139564 LICK
264 1 2 1 1967511748 RESP_END
264 1 2 1 1966734932 REWARD_END
265 0 5 10 1969811420 STIM_START
265 0 5 10 1973265768 LICK
265 0 5 10 1973656484 LICK
265 0 5 10 1973836900 STIM_END_RESP_START
265 0 5 10 1974223136 LICK
265 0 5 10 1974223668 TIMEOUT_START
265 0 5 10 1974900684 LICK
265 0 5 10 1974901224 TIMEOUT_START
265 0 5 10 1975036948 RESP_END
265 0 5 10 1981901764 TIMEOUT_END
266 0 4 8 1983615716 STIM_START
266 0 4 8 1987141132 STIM_END_RESP_START
266 0 4 8 1988341148 RESP_END
267 0 1 5 1990053744 STIM_START
267 0 1 5 1993129132 STIM_END_RESP_START
267 0 1 5 1994329148 RESP_END
268 1 4 4 1996059728 STIM_START
268 1 4 4 1999585136 STIM_END_RESP_START
268 1 4 4 2000167784 LICK
268 1 4 4 2000168320 REWARD_START
268 1 4 4 2000785152 RESP_END
268 1 4 4 2000181380 REWARD_END
269 1 5 1 2004512192 STIM_START
269 1 5 1 2004797880 LICK
269 1 5 1 2008537660 STIM_END_RESP_START
269 1 5 1 2008735248 LICK
269 1 5 1 2008735788 REWARD_START
269 1 5 1 2008974612 LICK
269 1 5 1 2009132060 LICK
269 1 5 1 2009288024 LICK
269 1 5 1 2009519772 LICK
269 1 5 1 2009737692 RESP_END
269 1 5 1 2008748860 REWARD_END
270 0 4 8 2012123448 STIM_START
270 0 4 8 2015648864 STIM_END_RESP_START
270 0 4 8 2016072328 LICK
270 0 4 8 2016072864 TIMEOUT_START
270 0 4 8 2016848888 RESP_END
270 0 4 8 2023073396 TIMEOUT_END
271 1 2 2 2024775484 STIM_START
271 1 2 2 2027900856 STIM_END_RESP_START
271 1 2 2 2028569740 LICK
271 1 2 2 2028570272 REWARD_START
271 1 2 2 2029100892 RESP_END
271 1 2 2 2028583348 REWARD_END
272 1 2 6 2031969688 STIM_START
272 1 2 6 2035095060 STIM_END_RESP_START
272 1 2 6 2035307676 LICK
272 1 2 6 2035308212 REWARD_START
272 1 2 6 2035671256 LICK
272 1 2 6 2035840152 LICK
272 1 2 6 2036057260 LICK
272 1 2 6 2036251000 LICK
272 1 2 6 2036295084 RESP_END
272 1 2 6 2035321288 REWARD_END
273 0 3 2 2038727744 STIM_START
273 0 3 2 2042003164 STIM_END_RESP_START
273 0 3 2 2043203180 RESP_END
274 0 5 8 2044949752 STIM_START
274 0 5 8 2048975224 STIM_END_RESP_START
274 0 5 8 2050175236 RESP_END
275 2 4 5 2051896964 STIM_START
275 2 4 5 2055422376 STIM_END_RESP_START
275 2 4 5 2056622392 RESP_END
276 0 1 6 2058333948 STIM_START
276 0 1 6 2061409332 STIM_END_RESP_START
276 0 1 6 2062609380 RESP_END
277 1 5 8 2064352932 STIM_START
277 1 5 8 2068378404 STIM_END_RESP_START
277 1 5 8 2069035772 LICK
277 1 5 8 2069036308 REWARD_START
277 1 5 8 2069242896 LICK
277 1 5 8 2069411736 LICK
277 1 5 8 2069578452 RESP_END
277 1 5 8 2069049388 REWARD_END
278 1 2 10 2071730220 STIM_START
278 1 2 10 2074855592 STIM_END_RESP_START
278 1 2 10 2075024500 LICK
278 1 2 10 2075025032 REWARD_START
278 1 2 10 2075215480 LICK
278 1 2 10 2075375572 LICK
278 1 2 10 2075559332 LICK
278 1 2 10 2075724888 LICK
278 1 2 10 2076055608 RESP_END
278 1 2 10 2075038112 REWARD_END
279 1 4 1 2077784176 STIM_START
279 1 4 1 2081309620 STIM_END_RESP_START
279 1 4 1 2081732520 LICK
279 1 4 1 2081733056 REWARD_START
279 1 4 1 2081889252 LICK
279 1 4 1 2082099144 LICK
279 1 4 1 2082450924 LICK
279 1 4 1 2082509648 RESP_END
279 1 4 1 2081746136 REWARD_END
280 0 3 7 2084226292 STIM_START
280 0 3 7 2087501708 STIM_END_RESP_START
280 0 3 7 2088701724 RESP_END
281 1 4 8 2090423264 STIM_START
281 1 4 8 2093948680 STIM_END_RESP_START
281 1 4 8 2094380204 LICK
281 1 4 8 2094380736 REWARD_START
281 1 4 8 2094586100 LICK
281 1 4 8 2094790700 LICK
281 1 4 8 2095148724 RESP_END
281 1 4 8 2094393816 REWARD_END
282 1 5 5 2097133356 STIM_START
282 1 5 5 2101158832 STIM_END_RESP_START
282 1 5 5 2101548044 LICK
282 1 5 5 2101548576 REWARD_START
282 1 5 5 2101589956 LICK
282 1 5 5 2101770280 LICK
282 1 5 5 2101951848 LICK
282 1 5 5 2102150824 LICK
282 1 5 5 2102358876 RESP_END
282 1 5 5 2101561652 REWARD_END
283 1 5 10 2104099496 STIM_START
283 1 5 10 2108124968 STIM_END_RESP_START
283 1 5 10 2108462324 LICK
283 1 5 10 2108462856 REWARD_START
283 1 5 10 2108643172 LICK
283 1 5 10 2108820336 LICK
283 1 5 10 2108994960 LICK
283 1 5 10 2109204800 LICK
283 1 5 10 2109324984 RESP_END
283 1 5 10 2108475932 REWARD_END
284 0 1 8 2111025600 STIM_START
284 0 1 8 2114100976 STIM_END_RESP_START
284 0 1 8 2115300992 RESP_END
285 0 1 8 2117013600 STIM_START
285 0 1 8 2120088980 STIM_END_RESP_START
285 0 1 8 2121288992 RESP_END
286 1 4 1 2123013644 STIM_START
286 1 4 1 2126539056 STIM_END_RESP_START
286 1 4 1 2126890688 LICK
286 1 4 1 2126891224 REWARD_START
286 1 4 1 2127084844 LICK
286 1 4 1 2127424840 LICK
286 1 4 1 2127592800 LICK
286 1 4 1 2127739088 RESP_END
286 1 4 1 2126904296 REWARD_END
287 0 3 6 2129455664 STIM_START
287 0 3 6 2132731052 STIM_END_RESP_START
287 0 3 6 2133931068 RESP_END
288 2 3 3 2135645624 STIM_START
288 2 3 3 2138921008 STIM_END_RESP_START
288 2 3 3 2140008472 LICK
288 2 3 3 2140009004 REWARD_START
288 2 3 3 2140121020 RESP_END
288 2 3 3 2140022080 REWARD_END
289 0 2 8 2144575080 STIM_START
289 0 2 8 2147700448 STIM_END_RESP_START
289 0 2 8 2148900464 RESP_END
290 1 3 7 2150614136 STIM_START
290 1 3 7 2153889516 STIM_END_RESP_START
290 1 3 7 2154205040 LICK
290 1 3 7 2154205576 REWARD_START
290 1 3 7 2154266560 LICK
290 1 3 7 2154418800 LICK
290 1 3 7 2154616424 LICK
290 1 3 7 2154807948 LICK
290 1 3 7 2155089552 RESP_END
290 1 3 7 2154218640 REWARD_END
291 0 1 10 2157237200 STIM_START
291 0 1 10 2160312588 STIM_END_RESP_START
291 0 1 10 2161512604 RESP_END
292 1 1 8 2163221144 STIM_START
292 1 1 8 2166296520 STIM_END_RESP_START
292 1 1 8 2166698792 LICK
292 1 1 8 2166699332 REWARD_START
292 1 1 8 2166872916 LICK
292 1 1 8 2167027752 LICK
292 1 1 8 2167389816 LICK
292 1 1 8 2167496552 RESP_END
292 1 1 8 2166712392 REWARD_END
293 1 3 5 2169211140 STIM_START
293 1 3 5 2172486520 STIM_END_RESP_START
293 1 3 5 2173101800 LICK
293 1 3 5 2173102340 REWARD_START
293 1 3 5 2173364044 LICK
293 1 3 5 2173541836 LICK
293 1 3 5 2173686536 RESP_END
293 1 3 5 2173115420 REWARD_END
294 2 5 10 2175829240 STIM_START
294 2 5 10 2179854712 STIM_END_RESP_START
294 2 5 10 2180259544 LICK
294 2 5 10 2180260084 REWARD_START
294 2 5 10 2180437460 LICK
294 2 5 10 2180617048 LICK
294 2 5 10 2181054748 RESP_END
294 2 5 10 2180273160 REWARD_END
295 0 3 9 2183814540 STIM_START
295 0 3 9 2187089964 STIM_END_RESP_START
295 0 3 9 2188290012 RESP_END
296 1 5 5 2190038580 STIM_START
296 1 5 5 2194064056 STIM_END_RESP_START
296 1 5 5 2194537276 LICK
296 1 5 5 2194537816 REWARD_START
296 1 5 5 2195264100 RESP_END
296 1 5 5 2194550876 REWARD_END
297 1 2 5 2196975732 STIM_START
297 1 2 5 2196989716 LICK
297 1 2 5 2197138588 LICK
297 1 2 5 2197325792 LICK
297 1 2 5 2197481440 LICK
297 1 2 5 2198338408 LICK
297 1 2 5 2198980928 LICK
297 1 2 5 2200101136 STIM_END_RESP_START
297 1 2 5 2200499360 LICK
297 1 2 5 2200499896 REWARD_START
297 1 2 5 2200957724 LICK
297 1 2 5 2201129280 LICK
297 1 2 5 2201286696 LICK
297 1 2 5 2201301164 RESP_END
297 1 2 5 2200512972 REWARD_END
298 0 2 9 2205087044 STIM_START
298 0 2 9 2205346792 LICK
298 0 2 9 2208212428 STIM_END_RESP_START
298 0 2 9 2209412444 RESP_END
299 0 5 2 2211160012 STIM_START
299 0 5 2 2215185492 STIM_END_RESP_START
299 0 5 2 2216385548 RESP_END
300 2 4 6 2218107140 STIM_START
300 2 4 6 2221632556 STIM_END_RESP_START
300 2 4 6 2222735592 LICK
300 2 4 6 2222736124 REWARD_START
300 2 4 6 2222832600 RESP_END
300 2 4 6 2222749200 REWARD_END
301 0 3 5 2225190300 STIM_START
301 0 3 5 2228465724 STIM_END_RESP_START
301 0 3 5 2229665772 RESP_END
302 2 4 3 2231417316 STIM_START
302 2 4 3 2234942728 STIM_END_RESP_START
302 2 4 3 2235394420 LICK
302 2 4 3 2235394952 REWARD_START
302 2 4 3 2235612816 LICK
302 2 4 3 2235777880 LICK
302 2 4 3 2235943044 LICK
302 2 4 3 2236142776 RESP_END
302 2 4 3 2235408032 REWARD_END
303 0 3 10 2238480492 STIM_START
303 0 3 10 2241755868 STIM_END_RESP_START
303 0 3 10 2242955884 RESP_END
304 1 1 3 2244670552 STIM_START
304 1 1 3 2247745928 STIM_END_RESP_START
304 1 1 3 2248186052 LICK
304 1 1 3 2248186584 REWARD_START
304 1 1 3 2248364196 LICK
304 1 1 3 2248532720 LICK
304 1 1 3 2248945960 RESP_END
304 1 1 3 2248199664 REWARD_END
305 0 4 1 2251481612 STIM_START
305 0 4 1 2255007028 STIM_END_RESP_START
305 0 4 1 2256207044 RESP_END
306 0 3 5 2257914704 STIM_START
306 0 3 5 2261190092 STIM_END_RESP_START
306 0 3 5 2262390108 RESP_END
307 0 3 9 2264106664 STIM_START
307 0 3 9 2267382048 STIM_END_RESP_START
307 0 3 9 2268582064 RESP_END
308 2 1 3 2270285680 STIM_START
308 2 1 3 2273361064 STIM_END_RESP_START
308 2 1 3 2274561080 RESP_END
309 0 3 1 2276269656 STIM_START
309 0 3 1 2279545040 STIM_END_RESP_START
309 0 3 1 2280745056 RESP_END
310 0 1 9 2282445664 STIM_START
310 0 1 9 2285521048 STIM_END_RESP_START
310 0 1 9 2286721064 RESP_END
311 1 1 1 2288429644 STIM_START
311 1 1 1 2291505024 STIM_END_RESP_START
311 1 1 1 2291979516 LICK
311 1 1 1 2291980052 REWARD_START
311 1 1 1 2292348144 LICK
311 1 1 1 2292532288 LICK
311 1 1 1 2292705076 RESP_END
311 1 1 1 2291993128 REWARD_END
312 0 2 5 2294777724 STIM_START
312 0 2 5 2297903092 STIM_END_RESP_START
312 0 2 5 2299103108 RESP_END
313 1 1 9 2300806716 STIM_START
313 1 1 9 2303882092 STIM_END_RESP_START
313 1 1 9 2304721396 LICK
313 1 1 9 2304721936 REWARD_START
313 1 1 9 2305082140 RESP_END
313 1 1 9 2304735004 REWARD_END
314 0 4 9 2307554772 STIM_START
314 0 4 9 2311080188 STIM_END_RESP_START
314 0 4 9 2312280204 RESP_END
315 1 1 10 2313991872 STIM_START
315 1 1 10 2317067256 STIM_END_RESP_START
315 1 1 10 2317983076 LICK
315 1 1 10 2317983608 REWARD_START
315 1 1 10 2318156036 LICK
315 1 1 10 2318267272 RESP_END
315 1 1 10 2317996688 REWARD_END
316 0 4 7 2320756940 STIM_START
316 0 4 7 2324282348 STIM_END_RESP_START
316 0 4 7 2325482364 RESP_END
317 0 5 9 2327219040 STIM_START
317 0 5 9 2331244512 STIM_END_RESP_START
317 0 5 9 2332444528 RESP_END
318 1 4 3 2334164136 STIM_START
318 1 4 3 2335169580 LICK
318 1 4 3 2335338296 LICK
318 1 4 3 2335527496 LICK
318 1 4 3 2335656928 LICK
318 1 4 3 2335762032 LICK
318 1 4 3 2335891660 LICK
318 1 4 3 2336045908 LICK
318 1 4 3 2336517156 LICK
318 1 4 3 2337689552 STIM_END_RESP_START
318 1 4 3 2337798828 LICK
318 1 4 3 2337799368 REWARD_START
318 1 4 3 2337952748 LICK
318 1 4 3 2338119008 LICK
318 1 4 3 2338290440 LICK
318 1 4 3 2338764344 LICK
318 1 4 3 2338889600 RESP_END
318 1 4 3 2337812436 REWARD_END
319 1 4 1 2353715312 STIM_START
319 1 4 1 2353855832 LICK
319 1 4 1 2354298720 LICK
319 1 4 1 2354429564 LICK
319 1 4 1 2356224496 LICK
319 1 4 1 2356338732 LICK
319 1 4 1 2356430456 LICK
319 1 4 1 2356913036 LICK
319 1 4 1 2357240740 STIM_END_RESP_START
319 1 4 1 2357288928 LICK
319 1 4 1 2357289468 REWARD_START
319 1 4 1 2357384908 LICK
319 1 4 1 2357556512 LICK
319 1 4 1 2357677072 LICK
319 1 4 1 2358322788 LICK
319 1 4 1 2358440788 RESP_END
319 1 4 1 2357302544 REWARD_END
320 1 1 4 2380771668 STIM_START
320 1 1 4 2383847016 STIM_END_RESP_START
320 1 1 4 2384368068 LICK
320 1 1 4 2384368600 REWARD_START
320 1 1 4 2384592308 LICK
320 1 1 4 2384750336 LICK
320 1 1 4 2384927496 LICK
320 1 1 4 2385047068 RESP_END
320 1 1 4 2384381676 REWARD_END
321 0 5 5 2386794660 STIM_START
321 0 5 5 2390820132 STIM_END_RESP_START
321 0 5 5 2392020152 RESP_END
322 1 1 1 2393725892 STIM_START
322 1 1 1 2396801276 STIM_END_RESP_START
322 1 1 1 2397048220 LICK
322 1 1 1 2397048752 REWARD_START
322 1 1 1 2397287476 LICK
322 1 1 1 2397552708 LICK
322 1 1 1 2397744064 LICK
322 1 1 1 2397955944 LICK
322 1 1 1 2398001312 RESP_END
322 1 1 1 2397061832 REWARD_END
323 2 1 5 2399709816 STIM_START
323 2 1 5 2400215544 LICK
323 2 1 5 2402785196 STIM_END_RESP_START
323 2 1 5 2403985212 RESP_END
324 0 4 4 2405702792 STIM_START
324 0 4 4 2409228200 STIM_END_RESP_START
324 0 4 4 2409572384 LICK
324 0 4 4 2409572920 TIMEOUT_START
324 0 4 4 2409785008 LICK
324 0 4 4 2409785544 TIMEOUT_START
324 0 4 4 2409990908 LICK
324 0 4 4 2409991444 TIMEOUT_START
324 0 4 4 2410428224 RESP_END
324 0 4 4 2416991988 TIMEOUT_END
325 1 4 1 2418708916 STIM_START
325 1 4 1 2422234332 STIM_END_RESP_START
325 1 4 1 2422647356 LICK
325 1 4 1 2422647900 REWARD_START
325 1 4 1 2422872544 LICK
325 1 4 1 2423037048 LICK
325 1 4 1 2423212704 LICK
325 1 4 1 2423434360 RESP_END
325 1 4 1 2422660972 REWARD_END
326 1 4 8 2425837092 STIM_START
326 1 4 8 2429362504 STIM_END_RESP_START
326 1 4 8 2429622628 LICK
326 1 4 8 2429623160 REWARD_START
326 1 4 8 2429757120 LICK
326 1 4 8 2429964536 LICK
326 1 4 8 2430433324 LICK
326 1 4 8 2430562536 RESP_END
326 1 4 8 2429636240 REWARD_END
327 2 3 6 2433946372 STIM_START
327 2 3 6 2437221756 STIM_END_RESP_START
327 2 3 6 2437877064 LICK
327 2 3 6 2437877596 REWARD_START
327 2 3 6 2438160904 LICK
327 2 3 6 2438349236 LICK
327 2 3 6 2438421784 RESP_END
327 2 3 6 2437890680 REWARD_END
328 0 5 3 2440485512 STIM_START
328 0 5 3 2444510984 STIM_END_RESP_START
328 0 5 3 2445711004 RESP_END
329 0 2 9 2447413652 STIM_START
329 0 2 9 2450539024 STIM_END_RESP_START
329 0 2 9 2451739044 RESP_END
330 2 2 1 2453455588 STIM_START
330 2 2 1 2456580956 STIM_END_RESP_START
330 2 2 1 2457780972 RESP_END
331 0 1 7 2459492580 STIM_START
331 0 1 7 2462567960 STIM_END_RESP_START
331 0 1 7 2463767976 RESP_END
332 1 2 10 2465478536 STIM_START
332 1 2 10 2468603912 STIM_END_RESP_START
332 1 2 10 2468900404 LICK
332 1 2 10 2468900940 REWARD_START
332 1 2 10 2469303620 LICK
332 1 2 10 2469510864 LICK
332 1 2 10 2469803948 RESP_END
332 1 2 10 2468914012 REWARD_END
333 0 4 5 2472311652 STIM_START
333 0 4 5 2475837072 STIM_END_RESP_START
333 0 4 5 2477037088 RESP_END
334 0 4 4 2478764752 STIM_START
334 0 4 4 2482290168 STIM_END_RESP_START
334 0 4 4 2483490184 RESP_END
335 2 2 5 2485197804 STIM_START
335 2 2 5 2488323180 STIM_END_RESP_START
335 2 2 5 2489523236 RESP_END
336 2 3 9 2491242756 STIM_START
336 2 3 9 2494518172 STIM_END_RESP_START
336 2 3 9 2495718188 RESP_END
337 1 3 4 2497429764 STIM_START
337 1 3 4 2500705144 STIM_END_RESP_START
337 1 3 4 2501905160 RESP_END
338 0 5 8 2503647788 STIM_START
338 0 5 8 2507673264 STIM_END_RESP_START
338 0 5 8 2508873280 RESP_END
339 0 1 3 2510576916 STIM_START
339 0 1 3 2513652296 STIM_END_RESP_START
339 0 1 3 2514852316 RESP_END
340 0 3 5 2516565928 STIM_START
340 0 3 5 2519841316 STIM_END_RESP_START
340 0 3 5 2521041332 RESP_END
341 2 5 1 2522781920 STIM_START
341 2 5 1 2526807396 STIM_END_RESP_START
341 2 5 1 2528007412 RESP_END
342 1 1 6 2529738076 STIM_START
342 1 1 6 2532813456 STIM_END_RESP_START
342 1 1 6 2534013472 RESP_END
343 2 3 6 2535734084 STIM_START
343 2 3 6 2539009468 STIM_END_RESP_START
343 2 3 6 2540209484 RESP_END
344 0 1 5 2541925076 STIM_START
344 0 1 5 2545000464 STIM_END_RESP_START
344 0 1 5 2546200476 RESP_END
345 0 5 1 2547946036 STIM_START
345 0 5 1 2551971508 STIM_END_RESP_START
345 0 5 1 2553171528 RESP_END
