001 1 0007549192 STIM_START
001 1 0011324628 STIM_END_RESP_START
001 1 0011688944 LICK
001 1 0011689388 REWARD_START
001 1 0011854300 LICK
001 1 0012057336 LICK
001 1 0012524652 RESP_END
001 1 0011702360 REWARD_END
002 1 0014747304 STIM_START
002 1 0018272712 STIM_END_RESP_START
002 1 0018846092 LICK
002 1 0018846528 REWARD_START
002 1 0019044640 LICK
002 1 0019248648 LICK
002 1 0019472752 RESP_END
002 1 0018859504 REWARD_END
003 1 0023436684 STIM_START
003 1 0027212136 STIM_END_RESP_START
003 1 0027617316 LICK
003 1 0027617752 REWARD_START
003 1 0027796112 LICK
003 1 0028002492 LICK
003 1 0028191268 LICK
003 1 0028412164 RESP_END
003 1 0027630728 REWARD_END
004 0 0030174772 STIM_START
004 0 0030308404 LICK
004 0 0030533828 LICK
004 0 0033450172 STIM_END_RESP_START
004 0 0034650184 RESP_END
005 0 0036862836 STIM_START
005 0 0040388244 STIM_END_RESP_START
005 0 0041588260 RESP_END
006 1 0043531912 STIM_START
006 1 0047307368 STIM_END_RESP_START
006 1 0047807956 LICK
006 1 0047808392 REWARD_START
006 1 0048036588 LICK
006 1 0048220964 LICK
006 1 0048387164 LICK
006 1 0048507412 RESP_END
006 1 0047821368 REWARD_END
007 1 0052509308 STIM_START
007 1 0056534768 STIM_END_RESP_START
007 1 0056937016 LICK
007 1 0056937452 REWARD_START
007 1 0057135300 LICK
007 1 0057309524 LICK
007 1 0057480960 LICK
007 1 0057691000 LICK
007 1 0057734788 RESP_END
007 1 0056950428 REWARD_END
008 1 0060226584 STIM_START
008 1 0063751984 STIM_END_RESP_START
008 1 0063906752 LICK
008 1 0063907196 REWARD_START
008 1 0064056320 LICK
008 1 0064263176 LICK
008 1 0064476808 LICK
008 1 0064952008 RESP_END
008 1 0063920172 REWARD_END
009 0 0068998952 STIM_START
009 0 0072774364 STIM_END_RESP_START
009 0 0073974384 RESP_END
010 1 0076104100 STIM_START
010 1 0079379500 STIM_END_RESP_START
010 1 0079828144 LICK
010 1 0079828580 REWARD_START
010 1 0080006492 LICK
010 1 0080228508 LICK
010 1 0080398064 LICK
010 1 0080579532 RESP_END
010 1 0079841560 REWARD_END
011 1 0082522084 STIM_START
011 1 0086047488 STIM_END_RESP_START
011 1 0087247504 RESP_END
012 0 0089181228 STIM_START
012 0 0092706632 STIM_END_RESP_START
012 0 0093893672 LICK
012 0 0093894108 TIMEOUT_START
012 0 0093906648 RESP_END
012 0 0100894556 TIMEOUT_END
013 1 0102850360 STIM_START
013 1 0103686960 LICK
013 1 0105706832 LICK
013 1 0106625808 STIM_END_RESP_START
013 1 0107626776 LICK
013 1 0107627260 REWARD_START
013 1 0107735300 LICK
013 1 0107825856 RESP_END
013 1 0107640280 REWARD_END
014 0 0116704508 STIM_START
014 0 0117226388 LICK
014 0 0117333036 LICK
014 0 0117611536 LICK
014 0 0118072492 LICK
014 0 0119326852 LICK
014 0 0119532256 LICK
014 0 0119744772 LICK
014 0 0120562144 LICK
014 0 0120729988 STIM_END_RESP_START
014 0 0120991424 LICK
014 0 0120991916 TIMEOUT_START
014 0 0121519640 LICK
014 0 0121520124 TIMEOUT_START
014 0 0121930024 RESP_END
014 0 0128520632 TIMEOUT_END
015 1 0134941404 STIM_START
015 1 0138216784 STIM_END_RESP_START
015 1 0138532556 LICK
015 1 0138533044 REWARD_START
015 1 0138746860 LICK
015 1 0138919736 LICK
015 1 0139058592 LICK
015 1 0139416816 RESP_END
015 1 0138546060 REWARD_END
016 0 0143050764 STIM_START
016 0 0147076208 STIM_END_RESP_START
016 0 0148276240 RESP_END
017 1 0150689912 STIM_START
017 1 0153965284 STIM_END_RESP_START
017 1 0154193956 LICK
017 1 0154194440 REWARD_START
017 1 0154399012 LICK
017 1 0154569012 LICK
017 1 0154715016 LICK
017 1 0155165296 RESP_END
017 1 0154207444 REWARD_END
018 0 0158495136 STIM_START
018 0 0162270572 STIM_END_RESP_START
018 0 0163470604 RESP_END
019 1 0165335264 STIM_START
019 1 0169110696 STIM_END_RESP_START
019 1 0169545520 LICK
019 1 0169546012 REWARD_START
019 1 0169743436 LICK
019 1 0169928192 LICK
019 1 0170096856 LICK
019 1 0170285448 LICK
019 1 0170310716 RESP_END
019 1 0169559024 REWARD_END
020 1 0172458360 STIM_START
020 1 0175733736 STIM_END_RESP_START
020 1 0176128536 LICK
020 1 0176129020 REWARD_START
020 1 0176303756 LICK
020 1 0176517284 LICK
020 1 0176698992 LICK
020 1 0176894644 LICK
020 1 0176933756 RESP_END
020 1 0176142040 REWARD_END
021 0 0179064448 STIM_START
021 0 0183089928 STIM_END_RESP_START
021 0 0184289964 RESP_END
022 0 0186436632 STIM_START
022 0 0190212056 STIM_END_RESP_START
022 0 0191412092 RESP_END
023 1 0193255752 STIM_START
023 1 0197031188 STIM_END_RESP_START
023 1 0198231220 RESP_END
024 0 0200276832 STIM_START
024 0 0203802256 STIM_END_RESP_START
024 0 0205002288 RESP_END
025 0 0206927916 STIM_START
025 0 0210453336 STIM_END_RESP_START
025 0 0211653368 RESP_END
026 0 0213605912 STIM_START
026 0 0217131336 STIM_END_RESP_START
026 0 0218331372 RESP_END
027 1 0220411016 STIM_START
027 1 0221161152 LICK
027 1 0221243096 LICK
027 1 0221371484 LICK
027 1 0221477816 LICK
027 1 0222038036 LICK
027 1 0222198456 LICK
027 1 0222447316 LICK
027 1 0222837548 LICK
027 1 0223014376 LICK
027 1 0223829908 LICK
027 1 0224050172 LICK
027 1 0224436460 STIM_END_RESP_START
027 1 0224930304 LICK
027 1 0224930788 REWARD_START
027 1 0225143028 LICK
027 1 0225331768 LICK
027 1 0225636492 RESP_END
027 1 0224943812 REWARD_END
028 0 0227453168 STIM_START
028 0 0231478648 STIM_END_RESP_START
028 0 0232678680 RESP_END
029 0 0234482284 STIM_START
029 0 0238507764 STIM_END_RESP_START
029 0 0239707796 RESP_END
030 0 0241818464 STIM_START
030 0 0245343892 STIM_END_RESP_START
030 0 0246543928 RESP_END
031 1 0248439508 STIM_START
031 1 0251714892 STIM_END_RESP_START
031 1 0252914924 RESP_END
032 0 0254917572 STIM_START
032 0 0258192956 STIM_END_RESP_START
032 0 0259392988 RESP_END
033 1 0261622556 STIM_START
033 1 0265397992 STIM_END_RESP_START
033 1 0266598024 RESP_END
034 1 0268413668 STIM_START
034 1 0272439144 STIM_END_RESP_START
034 1 0272863072 LICK
034 1 0272863564 REWARD_START
034 1 0273052452 LICK
034 1 0273227432 LICK
034 1 0273421884 LICK
034 1 0273639156 RESP_END
034 1 0272876584 REWARD_END
035 1 0275463804 STIM_START
035 1 0279489280 STIM_END_RESP_START
035 1 0279992484 LICK
035 1 0279992968 REWARD_START
035 1 0280153344 LICK
035 1 0280341184 LICK
035 1 0280515672 LICK
035 1 0280689304 RESP_END
035 1 0280005992 REWARD_END
036 0 0282722988 STIM_START
036 0 0286498420 STIM_END_RESP_START
036 0 0287698456 RESP_END
037 1 0289874088 STIM_START
037 1 0293899568 STIM_END_RESP_START
037 1 0295099600 RESP_END
038 1 0297024284 STIM_START
038 1 0300799712 STIM_END_RESP_START
038 1 0301366992 LICK
038 1 0301367484 REWARD_START
038 1 0301540164 LICK
038 1 0301735492 LICK
038 1 0301924424 LICK
038 1 0301999736 RESP_END
038 1 0301380504 REWARD_END
039 0 0304071396 STIM_START
039 0 0307346776 STIM_END_RESP_START
039 0 0308546812 RESP_END
040 1 0310601364 STIM_START
040 1 0311402296 LICK
040 1 0311506512 LICK
040 1 0311657276 LICK
040 1 0314126760 STIM_END_RESP_START
040 1 0315326796 RESP_END
041 1 0317420464 STIM_START
041 1 0320695844 STIM_END_RESP_START
041 1 0320914436 LICK
041 1 0320914924 REWARD_START
041 1 0321056512 LICK
041 1 0321215556 LICK
041 1 0321359572 LICK
041 1 0321559620 LICK
041 1 0321895892 RESP_END
041 1 0320927928 REWARD_END
042 0 0323798460 STIM_START
042 0 0327823936 STIM_END_RESP_START
042 0 0329023968 RESP_END
043 0 0331116636 STIM_START
043 0 0334892068 STIM_END_RESP_START
043 0 0336092096 RESP_END
044 0 0338134792 STIM_START
044 0 0341910224 STIM_END_RESP_START
044 0 0343110260 RESP_END
045 1 0345144920 STIM_START
045 1 0349170400 STIM_END_RESP_START
045 1 0349615888 LICK
045 1 0349616380 REWARD_START
045 1 0349812352 LICK
045 1 0350000176 LICK
045 1 0350307992 LICK
045 1 0350370432 RESP_END
045 1 0349629396 REWARD_END
046 1 0353926312 STIM_START
046 1 0357201688 STIM_END_RESP_START
046 1 0358401720 RESP_END
047 1 0360398332 STIM_START
047 1 0363923720 STIM_END_RESP_START
047 1 0364357060 LICK
047 1 0364357544 REWARD_START
047 1 0364566124 LICK
047 1 0364718460 LICK
047 1 0364868532 LICK
047 1 0365123748 RESP_END
047 1 0364370572 REWARD_END
048 0 0367722460 STIM_START
048 0 0371747904 STIM_END_RESP_START
048 0 0372947932 RESP_END
049 1 0374895628 STIM_START
049 1 0375581424 LICK
049 1 0375746584 LICK
049 1 0375984340 LICK
049 1 0378921092 STIM_END_RESP_START
049 1 0379139104 LICK
049 1 0379139592 REWARD_START
049 1 0379279896 LICK
049 1 0379459204 LICK
049 1 0379623960 LICK
049 1 0380121140 RESP_END
049 1 0379152596 REWARD_END
050 1 0382047748 STIM_START
050 1 0385573136 STIM_END_RESP_START
050 1 0386019740 LICK
050 1 0386020224 REWARD_START
050 1 0386238812 LICK
050 1 0386404864 LICK
050 1 0386618288 LICK
050 1 0386773180 RESP_END
050 1 0386033248 REWARD_END
051 0 0388929900 STIM_START
051 0 0392455288 STIM_END_RESP_START
051 0 0392788144 LICK
051 0 0392788628 TIMEOUT_START
051 0 0392972456 LICK
051 0 0392972940 TIMEOUT_START
051 0 0393655336 RESP_END
051 0 0399973456 TIMEOUT_END
052 0 0401817916 STIM_START
052 0 0405093288 STIM_END_RESP_START
052 0 0406293324 RESP_END
053 1 0408097916 STIM_START
053 1 0411373292 STIM_END_RESP_START
053 1 0412573324 RESP_END
054 1 0414385872 STIM_START
054 1 0417911300 STIM_END_RESP_START
054 1 0419111332 RESP_END
055 1 0420945928 STIM_START
055 1 0424971364 STIM_END_RESP_START
055 1 0426171392 RESP_END
056 0 0428004060 STIM_START
056 0 0432029536 STIM_END_RESP_START
056 0 0433229572 RESP_END
057 0 0435092208 STIM_START
057 0 0438867644 STIM_END_RESP_START
057 0 0440067676 RESP_END
058 0 0441814280 STIM_START
058 0 0445089652 STIM_END_RESP_START
058 0 0446289688 RESP_END
059 1 0448231384 STIM_START
059 1 0452006816 STIM_END_RESP_START
059 1 0453206852 RESP_END
060 1 0455141396 STIM_START
060 1 0458916824 STIM_END_RESP_START
060 1 0460116856 RESP_END
061 1 0462066504 STIM_START
061 1 0463811504 LICK
061 1 0463894036 LICK
061 1 0463997268 LICK
061 1 0464124512 LICK
061 1 0464228788 LICK
061 1 0464366876 LICK
061 1 0464676588 LICK
061 1 0464903256 LICK
061 1 0465341872 STIM_END_RESP_START
061 1 0466541904 RESP_END
062 0 0468444472 STIM_START
062 0 0471719844 STIM_END_RESP_START
062 0 0472919880 RESP_END
063 0 0474711500 STIM_START
063 0 0478736980 STIM_END_RESP_START
063 0 0479937016 RESP_END
064 0 0481829600 STIM_START
064 0 0485605032 STIM_END_RESP_START
064 0 0486805068 RESP_END
065 1 0488762696 STIM_START
065 1 0492288120 STIM_END_RESP_START
065 1 0493488152 RESP_END
066 0 0495363740 STIM_START
066 0 0499139172 STIM_END_RESP_START
066 0 0500339208 RESP_END
067 1 0502134832 STIM_START
067 1 0505660252 STIM_END_RESP_START
067 1 0506860288 RESP_END
068 0 0508783876 STIM_START
068 0 0512309304 STIM_END_RESP_START
068 0 0513509332 RESP_END
069 0 0515403944 STIM_START
069 0 0519429384 STIM_END_RESP_START
069 0 0520629420 RESP_END
070 1 0522438040 STIM_START
070 1 0526463520 STIM_END_RESP_START
070 1 0527663556 RESP_END
071 1 0529495216 STIM_START
071 1 0533020636 STIM_END_RESP_START
071 1 0533832820 LICK
071 1 0533833304 REWARD_START
071 1 0533982860 LICK
071 1 0534147876 LICK
071 1 0534220676 RESP_END
071 1 0533846328 REWARD_END
072 1 0536221256 STIM_START
072 1 0539746680 STIM_END_RESP_START
072 1 0540134832 LICK
072 1 0540135316 REWARD_START
072 1 0540278720 LICK
072 1 0540430712 LICK
072 1 0540626132 LICK
072 1 0540946700 RESP_END
072 1 0540148340 REWARD_END
073 0 0543772564 STIM_START
073 0 0547297952 STIM_END_RESP_START
073 0 0548497988 RESP_END
074 0 0552412820 STIM_START
074 0 0556438296 STIM_END_RESP_START
074 0 0557638332 RESP_END
075 1 0559753020 STIM_START
075 1 0563778464 STIM_END_RESP_START
075 1 0564240160 LICK
075 1 0564240648 REWARD_START
075 1 0564382032 LICK
075 1 0564570436 LICK
075 1 0564717328 LICK
075 1 0564874716 LICK
075 1 0564978500 RESP_END
075 1 0564253664 REWARD_END
076 1 0567020164 STIM_START
076 1 0570545592 STIM_END_RESP_START
076 1 0570808212 LICK
076 1 0570808704 REWARD_START
076 1 0570953632 LICK
076 1 0571121496 LICK
076 1 0571302768 LICK
076 1 0571745612 RESP_END
076 1 0570821712 REWARD_END
077 0 0573510168 STIM_START
077 0 0573866528 LICK
077 0 0574009896 LICK
077 0 0577535644 STIM_END_RESP_START
077 0 0578735684 RESP_END
078 1 0580532324 STIM_START
078 1 0584057744 STIM_END_RESP_START
078 1 0584211420 LICK
078 1 0584211912 REWARD_START
078 1 0584351992 LICK
078 1 0584519048 LICK
078 1 0584689340 LICK
078 1 0585257764 RESP_END
078 1 0584224920 REWARD_END
079 1 0588202480 STIM_START
079 1 0592227956 STIM_END_RESP_START
079 1 0592429688 LICK
079 1 0592430180 REWARD_START
079 1 0592571416 LICK
079 1 0592738612 LICK
079 1 0592914800 LICK
079 1 0593427996 RESP_END
079 1 0592443200 REWARD_END
080 0 0596641816 STIM_START
080 0 0600417244 STIM_END_RESP_START
080 0 0600749548 LICK
080 0 0600750032 TIMEOUT_START
080 0 0600884004 LICK
080 0 0600884492 TIMEOUT_START
080 0 0601097584 LICK
080 0 0601098068 TIMEOUT_START
080 0 0601617288 RESP_END
080 0 0608098580 TIMEOUT_END
081 0 0610124948 STIM_START
081 0 0613650368 STIM_END_RESP_START
081 0 0614850404 RESP_END
082 0 0616720040 STIM_START
082 0 0620745476 STIM_END_RESP_START
082 0 0621945516 RESP_END
083 1 0623944184 STIM_START
083 1 0626930604 LICK
083 1 0627121572 LICK
083 1 0627719608 STIM_END_RESP_START
083 1 0627821660 LICK
083 1 0627822148 REWARD_START
083 1 0628005012 LICK
083 1 0628141696 LICK
083 1 0628304548 LICK
083 1 0628479808 LICK
083 1 0628919624 RESP_END
083 1 0627835172 REWARD_END
084 1 0631030348 STIM_START
084 1 0634805784 STIM_END_RESP_START
084 1 0635020764 LICK
084 1 0635021252 REWARD_START
084 1 0635181892 LICK
084 1 0635323884 LICK
084 1 0635477144 LICK
084 1 0636005804 RESP_END
084 1 0635034276 REWARD_END
085 0 0637949396 STIM_START
085 0 0641224780 STIM_END_RESP_START
085 0 0642272448 LICK
085 0 0642272928 TIMEOUT_START
085 0 0642424816 RESP_END
085 0 0649273428 TIMEOUT_END
086 1 0651359496 STIM_START
086 1 0655384976 STIM_END_RESP_START
086 1 0655523828 LICK
086 1 0655524320 REWARD_START
086 1 0655666772 LICK
086 1 0655840916 LICK
086 1 0656003612 LICK
086 1 0656585012 RESP_END
086 1 0655537340 REWARD_END
087 0 0658608632 STIM_START
087 0 0662134016 STIM_END_RESP_START
087 0 0663334052 RESP_END
088 0 0665116708 STIM_START
088 0 0668392084 STIM_END_RESP_START
088 0 0668464352 LICK
088 0 0668464840 TIMEOUT_START
088 0 0668610292 LICK
088 0 0668610784 TIMEOUT_START
088 0 0668804748 LICK
088 0 0668805236 TIMEOUT_START
088 0 0669102648 LICK
088 0 0669103136 TIMEOUT_START
088 0 0669462352 LICK
088 0 0669462840 TIMEOUT_START
088 0 0669592108 RESP_END
088 0 0676463336 TIMEOUT_END
089 0 0678642836 STIM_START
089 0 0681938976 LICK
089 0 0682168260 STIM_END_RESP_START
089 0 0682601828 LICK
089 0 0682602312 TIMEOUT_START
089 0 0682825804 LICK
089 0 0682826288 TIMEOUT_START
089 0 0682932688 LICK
089 0 0682933172 TIMEOUT_START
089 0 0683040724 LICK
089 0 0683041212 TIMEOUT_START
089 0 0683368268 RESP_END
089 0 0690041720 TIMEOUT_END
090 1 0694538328 STIM_START
090 1 0697995804 LICK
090 1 0698190928 LICK
090 1 0698313760 STIM_END_RESP_START
090 1 0698407712 LICK
090 1 0698408204 REWARD_START
090 1 0698655532 LICK
090 1 0698875596 LICK
090 1 0699513784 RESP_END
090 1 0698421220 REWARD_END
091 0 0701367408 STIM_START
091 0 0705392848 STIM_END_RESP_START
091 0 0706062280 LICK
091 0 0706062768 TIMEOUT_START
091 0 0706176768 LICK
091 0 0706177260 TIMEOUT_START
091 0 0706592884 RESP_END
091 0 0713177760 TIMEOUT_END
092 1 0715015584 STIM_START
092 1 0716300232 LICK
092 1 0716406792 LICK
092 1 0716470472 LICK
092 1 0718290952 STIM_END_RESP_START
092 1 0719490980 RESP_END
093 0 0721501596 STIM_START
093 0 0725026984 STIM_END_RESP_START
093 0 0726227020 RESP_END
094 0 0728294672 STIM_START
094 0 0731820060 STIM_END_RESP_START
094 0 0732409552 LICK
094 0 0732410048 TIMEOUT_START
094 0 0732578704 LICK
094 0 0732579196 TIMEOUT_START
094 0 0732762220 LICK
094 0 0732762704 TIMEOUT_START
094 0 0733020108 RESP_END
094 0 0739763220 TIMEOUT_END
095 1 0741605788 STIM_START
095 1 0744881168 STIM_END_RESP_START
095 1 0745405432 LICK
095 1 0745405928 REWARD_START
095 1 0745539696 LICK
095 1 0745706704 LICK
095 1 0745860432 LICK
095 1 0746028572 LICK
095 1 0746081200 RESP_END
095 1 0745418936 REWARD_END
096 0 0749809052 STIM_START
096 0 0753334444 STIM_END_RESP_START
096 0 0754534480 RESP_END
097 0 0756683212 STIM_START
097 0 0760458644 STIM_END_RESP_START
097 0 0761658680 RESP_END
098 1 0763865340 STIM_START
098 1 0767640776 STIM_END_RESP_START
098 1 0767850108 LICK
098 1 0767850600 REWARD_START
098 1 0767990816 LICK
098 1 0768156124 LICK
098 1 0768308316 LICK
098 1 0768508688 LICK
098 1 0768840824 RESP_END
098 1 0767863620 REWARD_END
099 0 0770743416 STIM_START
099 0 0774518848 STIM_END_RESP_START
099 0 0774556932 LICK
099 0 0774557416 TIMEOUT_START
099 0 0774708452 LICK
099 0 0774708936 TIMEOUT_START
099 0 0774884192 LICK
099 0 0774884684 TIMEOUT_START
099 0 0775557720 LICK
099 0 0775558212 TIMEOUT_START
099 0 0775718892 RESP_END
099 0 0782558708 TIMEOUT_END
100 1 0784671552 STIM_START
100 1 0787946932 STIM_END_RESP_START
100 1 0788127568 LICK
100 1 0788128060 REWARD_START
100 1 0788274736 LICK
100 1 0788447812 LICK
100 1 0788604744 LICK
100 1 0788782572 LICK
100 1 0789146960 RESP_END
100 1 0788141084 REWARD_END
101 1 0797394624 STIM_START
101 1 0801053156 LICK
101 1 0801258572 LICK
101 1 0801420104 STIM_END_RESP_START
101 1 0801614204 LICK
101 1 0801614688 REWARD_START
101 1 0801826348 LICK
101 1 0801972960 LICK
101 1 0802620132 RESP_END
101 1 0801627712 REWARD_END
102 1 0804516676 STIM_START
102 1 0808292112 STIM_END_RESP_START
102 1 0808708924 LICK
102 1 0808709416 REWARD_START
102 1 0808905896 LICK
102 1 0809088032 LICK
102 1 0809492132 RESP_END
102 1 0808722440 REWARD_END
103 0 0813297108 STIM_START
103 0 0814095216 LICK
103 0 0814271308 LICK
103 0 0817255116 LICK
103 0 0817322592 STIM_END_RESP_START
103 0 0817424536 LICK
103 0 0817425024 TIMEOUT_START
103 0 0817949960 LICK
103 0 0817950444 TIMEOUT_START
103 0 0818168316 LICK
103 0 0818168804 TIMEOUT_START
103 0 0818215740 LICK
103 0 0818216232 TIMEOUT_START
103 0 0818522612 RESP_END
103 0 0825216736 TIMEOUT_END
104 0 0826964268 STIM_START
104 0 0829845960 LICK
104 0 0830239652 STIM_END_RESP_START
104 0 0830706948 LICK
104 0 0830707436 TIMEOUT_START
104 0 0830893628 LICK
104 0 0830894116 TIMEOUT_START
104 0 0831439676 RESP_END
104 0 0837894624 TIMEOUT_END
105 1 0839947300 STIM_START
105 1 0843222672 STIM_END_RESP_START
105 1 0843593320 LICK
105 1 0843593812 REWARD_START
105 1 0843759464 LICK
105 1 0843960776 LICK
105 1 0844080340 LICK
105 1 0844422700 RESP_END
105 1 0843606832 REWARD_END
106 1 0847123464 STIM_START
106 1 0850648844 STIM_END_RESP_START
106 1 0850945420 LICK
106 1 0850945904 REWARD_START
106 1 0851127380 LICK
106 1 0851314320 LICK
106 1 0851848868 RESP_END
106 1 0850958928 REWARD_END
107 1 0853922508 STIM_START
107 1 0857697940 STIM_END_RESP_START
107 1 0858058932 LICK
107 1 0858059420 REWARD_START
107 1 0858238332 LICK
107 1 0858430780 LICK
107 1 0858897964 RESP_END
107 1 0858072444 REWARD_END
108 0 0860803624 STIM_START
108 0 0864079004 STIM_END_RESP_START
108 0 0864540960 LICK
108 0 0864541444 TIMEOUT_START
108 0 0864715332 LICK
108 0 0864715824 TIMEOUT_START
108 0 0865279036 RESP_END
108 0 0871716332 TIMEOUT_END
109 0 0873616652 STIM_START
109 0 0876892024 STIM_END_RESP_START
109 0 0878092060 RESP_END
110 0 0880250672 STIM_START
110 0 0884276112 STIM_END_RESP_START
110 0 0885476148 RESP_END
111 1 0887448844 STIM_START
111 1 0890974268 STIM_END_RESP_START
111 1 0892174300 RESP_END
112 1 0894313928 STIM_START
112 1 0897589308 STIM_END_RESP_START
112 1 0898789340 RESP_END
113 1 0900566944 STIM_START
113 1 0904092332 STIM_END_RESP_START
113 1 0905039924 LICK
113 1 0905040412 REWARD_START
113 1 0905238168 LICK
113 1 0905292352 RESP_END
113 1 0905053436 REWARD_END
114 0 0908304144 STIM_START
114 0 0912079584 STIM_END_RESP_START
114 0 0913279620 RESP_END
115 1 0915167236 STIM_START
115 1 0918442616 STIM_END_RESP_START
115 1 0918781716 LICK
115 1 0918782212 REWARD_START
115 1 0918971864 LICK
115 1 0919148804 LICK
115 1 0919642660 RESP_END
115 1 0918795228 REWARD_END
116 1 0921622244 STIM_START
116 1 0925647720 STIM_END_RESP_START
116 1 0926029800 LICK
116 1 0926030288 REWARD_START
116 1 0926229152 LICK
116 1 0926425036 LICK
116 1 0926847756 RESP_END
116 1 0926043296 REWARD_END
117 1 0928746340 STIM_START
117 1 0932021724 STIM_END_RESP_START
117 1 0932267332 LICK
117 1 0932267816 REWARD_START
117 1 0932384668 LICK
117 1 0932540552 LICK
117 1 0932715780 LICK
117 1 0933221768 RESP_END
117 1 0932280840 REWARD_END
118 0 0935074376 STIM_START
118 0 0938349756 STIM_END_RESP_START
118 0 0939549792 RESP_END
119 1 0941293336 STIM_START
119 1 0945068768 STIM_END_RESP_START
119 1 0945310940 LICK
119 1 0945311428 REWARD_START
119 1 0945480624 LICK
119 1 0945659936 LICK
119 1 0945808956 LICK
119 1 0945991888 LICK
119 1 0946268808 RESP_END
119 1 0945324452 REWARD_END
120 0 0948404500 STIM_START
120 0 0951929924 STIM_END_RESP_START
120 0 0953129956 RESP_END
121 0 0955131612 STIM_START
121 0 0958657000 STIM_END_RESP_START
121 0 0959857036 RESP_END
122 0 0961590556 STIM_START
122 0 0964865932 STIM_END_RESP_START
122 0 0966065968 RESP_END
123 1 0967984592 STIM_START
123 1 0971259972 STIM_END_RESP_START
123 1 0972043388 LICK
123 1 0972043876 REWARD_START
123 1 0972226408 LICK
123 1 0972397932 LICK
123 1 0972460008 RESP_END
123 1 0972056900 REWARD_END
124 0 0975326716 STIM_START
124 0 0979102152 STIM_END_RESP_START
124 0 0980302188 RESP_END
125 1 0982036788 STIM_START
125 1 0986062232 STIM_END_RESP_START
125 1 0986247456 LICK
125 1 0986247944 REWARD_START
125 1 0986422836 LICK
125 1 0986600136 LICK
125 1 0986743660 LICK
125 1 0987262252 RESP_END
125 1 0986260968 REWARD_END
126 0 0989160948 STIM_START
126 0 0992686340 STIM_END_RESP_START
126 0 0993032052 LICK
126 0 0993032544 TIMEOUT_START
126 0 0993215156 LICK
126 0 0993215648 TIMEOUT_START
126 0 0993434516 LICK
126 0 0993435008 TIMEOUT_START
126 0 0993499192 LICK
126 0 0993499680 TIMEOUT_START
126 0 0993886380 RESP_END
126 0 1000500184 TIMEOUT_END
127 0 1002354032 STIM_START
127 0 1005879436 STIM_END_RESP_START
127 0 1006158160 LICK
127 0 1006158692 TIMEOUT_START
127 0 1006364244 LICK
127 0 1006364784 TIMEOUT_START
127 0 1006656244 LICK
127 0 1006656780 TIMEOUT_START
127 0 1006951356 LICK
127 0 1006951896 TIMEOUT_START
127 0 1007079492 RESP_END
127 0 1013952452 TIMEOUT_END
128 0 1015836100 STIM_START
128 0 1019611548 STIM_END_RESP_START
128 0 1020811564 RESP_END
129 1 1022625200 STIM_START
129 1 1025900600 STIM_END_RESP_START
129 1 1026236604 LICK
129 1 1026237136 REWARD_START
129 1 1026442388 LICK
129 1 1026613228 LICK
129 1 1027100624 RESP_END
129 1 1026250212 REWARD_END
130 0 1029540300 STIM_START
130 0 1032815696 STIM_END_RESP_START
130 0 1034015744 RESP_END
131 0 1035887328 STIM_START
131 0 1039412732 STIM_END_RESP_START
131 0 1040612780 RESP_END
132 1 1042444344 STIM_START
132 1 1046219792 STIM_END_RESP_START
132 1 1046647976 LICK
132 1 1046648508 REWARD_START
132 1 1046825252 LICK
132 1 1047022140 LICK
132 1 1047419800 RESP_END
132 1 1046661588 REWARD_END
133 1 1049588436 STIM_START
133 1 1052863832 STIM_END_RESP_START
133 1 1053251384 LICK
133 1 1053251924 REWARD_START
133 1 1053448160 LICK
133 1 1053629784 LICK
133 1 1054063864 RESP_END
133 1 1053265000 REWARD_END
134 0 1055984464 STIM_START
134 0 1059509868 STIM_END_RESP_START
134 0 1059942596 LICK
134 0 1059943124 TIMEOUT_START
134 0 1060135896 LICK
134 0 1060136436 TIMEOUT_START
134 0 1060349212 LICK
134 0 1060349744 TIMEOUT_START
134 0 1060545844 LICK
134 0 1060546376 TIMEOUT_START
134 0 1060709908 RESP_END
134 0 1067546928 TIMEOUT_END
135 0 1069566600 STIM_START
135 0 1073592056 STIM_END_RESP_START
135 0 1074792072 RESP_END
136 1 1076929812 STIM_START
136 1 1080705224 STIM_END_RESP_START
136 1 1081905240 RESP_END
137 1 1083963944 STIM_START
137 1 1087489348 STIM_END_RESP_START
137 1 1087947512 LICK
137 1 1087948052 REWARD_START
137 1 1088155044 LICK
137 1 1088289480 LICK
137 1 1088456504 LICK
137 1 1088689376 RESP_END
137 1 1087961128 REWARD_END
138 1 1090420920 STIM_START
138 1 1094196368 STIM_END_RESP_START
138 1 1094606700 LICK
138 1 1094607240 REWARD_START
138 1 1094813084 LICK
138 1 1094971212 LICK
138 1 1095396400 RESP_END
138 1 1094620316 REWARD_END
139 0 1097437004 STIM_START
139 0 1101212452 STIM_END_RESP_START
139 0 1102412464 RESP_END
140 1 1104243140 STIM_START
140 1 1106653512 LICK
140 1 1106799356 LICK
140 1 1106996340 LICK
140 1 1107518504 STIM_END_RESP_START
140 1 1107607040 LICK
140 1 1107607576 REWARD_START
140 1 1107815440 LICK
140 1 1107983900 LICK
140 1 1108583616 LICK
140 1 1108718536 RESP_END
140 1 1107620648 REWARD_END
141 1 1110492068 STIM_START
141 1 1114267520 STIM_END_RESP_START
141 1 1114651760 LICK
141 1 1114652292 REWARD_START
141 1 1114846064 LICK
141 1 1115002108 LICK
141 1 1115188540 LICK
141 1 1115467564 RESP_END
141 1 1114665368 REWARD_END
142 1 1117612192 STIM_START
142 1 1120887580 STIM_END_RESP_START
142 1 1121121944 LICK
142 1 1121122484 REWARD_START
142 1 1121268644 LICK
142 1 1121444208 LICK
142 1 1121642784 LICK
142 1 1122087628 RESP_END
142 1 1121135556 REWARD_END
143 0 1124001268 STIM_START
143 0 1127776716 STIM_END_RESP_START
143 0 1128976732 RESP_END
144 1 1130730268 STIM_START
144 1 1134005664 STIM_END_RESP_START
144 1 1134471480 LICK
144 1 1134472012 REWARD_START
144 1 1134628224 LICK
144 1 1134828124 LICK
144 1 1135205708 RESP_END
144 1 1134485092 REWARD_END
145 1 1137746392 STIM_START
145 1 1141271796 STIM_END_RESP_START
145 1 1141637196 LICK
145 1 1141637728 REWARD_START
145 1 1141831132 LICK
145 1 1142005572 LICK
145 1 1142471812 RESP_END
145 1 1141650804 REWARD_END
146 0 1144488440 STIM_START
146 0 1148513896 STIM_END_RESP_START
146 0 1149713912 RESP_END
147 1 1151539552 STIM_START
147 1 1154814940 STIM_END_RESP_START
147 1 1155199748 LICK
147 1 1155200288 REWARD_START
147 1 1155427568 LICK
147 1 1155579328 LICK
147 1 1156014960 RESP_END
147 1 1155213360 REWARD_END
148 0 1158090620 STIM_START
148 0 1162116080 STIM_END_RESP_START
148 0 1163316092 RESP_END
149 0 1166374952 STIM_START
149 0 1169732084 LICK
149 0 1169900348 STIM_END_RESP_START
149 0 1169938424 LICK
149 0 1169938960 TIMEOUT_START
149 0 1170182036 LICK
149 0 1170182576 TIMEOUT_START
149 0 1170867964 LICK
149 0 1170868504 TIMEOUT_START
149 0 1171100396 RESP_END
149 0 1177869060 TIMEOUT_END
150 1 1180002092 STIM_START
150 1 1183777540 STIM_END_RESP_START
150 1 1184190328 LICK
150 1 1184190864 REWARD_START
150 1 1184366028 LICK
150 1 1184556756 LICK
150 1 1184977572 RESP_END
150 1 1184203944 REWARD_END
151 0 1186918144 STIM_START
151 0 1190063008 LICK
151 0 1190260692 LICK
151 0 1190443544 STIM_END_RESP_START
151 0 1191258792 LICK
151 0 1191259328 TIMEOUT_START
151 0 1191476896 LICK
151 0 1191477432 TIMEOUT_START
151 0 1191643572 RESP_END
151 0 1198477984 TIMEOUT_END
152 0 1200454296 STIM_START
152 0 1203729696 STIM_END_RESP_START
152 0 1204260700 LICK
152 0 1204261236 TIMEOUT_START
152 0 1204488416 LICK
152 0 1204488944 TIMEOUT_START
152 0 1204929736 RESP_END
152 0 1211489500 TIMEOUT_END
153 0 1213525412 STIM_START
153 0 1217550868 STIM_END_RESP_START
153 0 1218750884 RESP_END
154 1 1220910556 STIM_START
154 1 1223036448 LICK
154 1 1223222536 LICK
154 1 1223458712 LICK
154 1 1224185928 STIM_END_RESP_START
154 1 1224389848 LICK
154 1 1224390384 REWARD_START
154 1 1224551240 LICK
154 1 1224710200 LICK
154 1 1225355164 LICK
154 1 1225385956 RESP_END
154 1 1224403464 REWARD_END
155 1 1227685592 STIM_START
155 1 1231211000 STIM_END_RESP_START
155 1 1231530532 LICK
155 1 1231531072 REWARD_START
155 1 1231668952 LICK
155 1 1231846576 LICK
155 1 1232276380 LICK
155 1 1232411028 RESP_END
155 1 1231544144 REWARD_END
156 1 1234548672 STIM_START
156 1 1238324084 STIM_END_RESP_START
156 1 1238455724 LICK
156 1 1238456256 REWARD_START
156 1 1238649292 LICK
156 1 1238783140 LICK
156 1 1239524104 RESP_END
156 1 1238469336 REWARD_END
157 0 1243288116 STIM_START
157 0 1246563476 STIM_END_RESP_START
157 0 1247372172 LICK
157 0 1247372712 TIMEOUT_START
157 0 1247763528 RESP_END
157 0 1254373272 TIMEOUT_END
158 1 1256476144 STIM_START
158 1 1260001552 STIM_END_RESP_START
158 1 1260358524 LICK
158 1 1260359064 REWARD_START
158 1 1260543068 LICK
158 1 1260727024 LICK
158 1 1261133820 LICK
158 1 1261201576 RESP_END
158 1 1260372124 REWARD_END
159 0 1263275232 STIM_START
159 0 1265968940 LICK
159 0 1266198600 LICK
159 0 1267014316 LICK
159 0 1267050664 STIM_END_RESP_START
159 0 1267190032 LICK
159 0 1267190568 TIMEOUT_START
159 0 1267792476 LICK
159 0 1267793012 TIMEOUT_START
159 0 1268061240 LICK
159 0 1268061772 TIMEOUT_START
159 0 1268250680 RESP_END
159 0 1275062344 TIMEOUT_END
160 0 1276868432 STIM_START
160 0 1280143792 STIM_END_RESP_START
160 0 1281343804 RESP_END
161 0 1283370432 STIM_START
161 0 1286645828 STIM_END_RESP_START
161 0 1287845872 RESP_END
162 1 1289853412 STIM_START
162 1 1293628860 STIM_END_RESP_START
162 1 1294113240 LICK
162 1 1294113772 REWARD_START
162 1 1294300452 LICK
162 1 1294487468 LICK
162 1 1294687920 LICK
162 1 1294828888 RESP_END
162 1 1294126852 REWARD_END
163 0 1298282748 STIM_START
163 0 1302308204 STIM_END_RESP_START
163 0 1303508216 RESP_END
164 1 1305277852 STIM_START
164 1 1308553252 STIM_END_RESP_START
164 1 1308929376 LICK
164 1 1308929908 REWARD_START
164 1 1309125536 LICK
164 1 1309297244 LICK
164 1 1309753296 RESP_END
164 1 1308942988 REWARD_END
165 1 1311816928 STIM_START
165 1 1315342324 STIM_END_RESP_START
165 1 1315944296 LICK
165 1 1315944832 REWARD_START
165 1 1316143232 LICK
165 1 1316315752 LICK
165 1 1316542348 RESP_END
165 1 1315957892 REWARD_END
166 1 1318459932 STIM_START
166 1 1321985336 STIM_END_RESP_START
166 1 1322357180 LICK
166 1 1322357712 REWARD_START
166 1 1322510824 LICK
166 1 1322687236 LICK
166 1 1323185368 RESP_END
166 1 1322370788 REWARD_END
167 0 1325296024 STIM_START
167 0 1329321480 STIM_END_RESP_START
167 0 1330521496 RESP_END
168 0 1332323172 STIM_START
168 0 1336348628 STIM_END_RESP_START
168 0 1337548640 RESP_END
169 0 1339664340 STIM_START
169 0 1342939736 STIM_END_RESP_START
169 0 1344139752 RESP_END
170 1 1346110376 STIM_START
170 1 1349885824 STIM_END_RESP_START
170 1 1351085840 RESP_END
171 1 1353014436 STIM_START
171 1 1356289824 STIM_END_RESP_START
171 1 1357489836 RESP_END
172 0 1359243384 STIM_START
172 0 1363268844 STIM_END_RESP_START
172 0 1364468852 RESP_END
173 1 1366382576 STIM_START
173 1 1370158024 STIM_END_RESP_START
173 1 1370568788 LICK
173 1 1370569320 REWARD_START
173 1 1370717840 LICK
173 1 1370907680 LICK
173 1 1371104060 LICK
173 1 1371358056 RESP_END
173 1 1370582396 REWARD_END
174 0 1373750756 STIM_START
174 0 1377776212 STIM_END_RESP_START
174 0 1378976224 RESP_END
175 1 1381197896 STIM_START
175 1 1385223352 STIM_END_RESP_START
175 1 1386423364 RESP_END
176 1 1388286996 STIM_START
176 1 1391812396 STIM_END_RESP_START
176 1 1393012412 RESP_END
177 0 1395054104 STIM_START
177 0 1398579508 STIM_END_RESP_START
177 0 1399779524 RESP_END
178 1 1401770164 STIM_START
178 1 1405045556 STIM_END_RESP_START
178 1 1406245572 RESP_END
179 1 1408218188 STIM_START
179 1 1412243644 STIM_END_RESP_START
179 1 1413443660 RESP_END
180 0 1415325304 STIM_START
180 0 1418850708 STIM_END_RESP_START
180 0 1420050724 RESP_END
181 0 1421920348 STIM_START
181 0 1425945804 STIM_END_RESP_START
181 0 1427145820 RESP_END
182 0 1428876476 STIM_START
182 0 1432151868 STIM_END_RESP_START
182 0 1433351884 RESP_END
183 1 1435273424 STIM_START
183 1 1439298880 STIM_END_RESP_START
183 1 1439724324 LICK
183 1 1439724864 REWARD_START
183 1 1439869296 LICK
183 1 1440064816 LICK
183 1 1440195612 LICK
183 1 1440498924 RESP_END
183 1 1439737944 REWARD_END
184 0 1442640616 STIM_START
184 0 1446666072 STIM_END_RESP_START
184 0 1447866088 RESP_END
185 0 1449635772 STIM_START
185 0 1453411184 STIM_END_RESP_START
185 0 1454611200 RESP_END
186 0 1456436804 STIM_START
186 0 1460212252 STIM_END_RESP_START
186 0 1461412268 RESP_END
187 1 1463552916 STIM_START
187 1 1467078324 STIM_END_RESP_START
187 1 1468278340 RESP_END
188 1 1470476004 STIM_START
188 1 1474001408 STIM_END_RESP_START
188 1 1475201420 RESP_END
189 0 1477135084 STIM_START
189 0 1480410440 STIM_END_RESP_START
189 0 1481610456 RESP_END
190 0 1483725112 STIM_START
190 0 1487250520 STIM_END_RESP_START
190 0 1488450572 RESP_END
191 1 1490481216 STIM_START
191 1 1494256664 STIM_END_RESP_START
191 1 1495456708 RESP_END
192 1 1497227320 STIM_START
192 1 1500752720 STIM_END_RESP_START
192 1 1501952736 RESP_END
193 0 1504038352 STIM_START
193 0 1507313712 STIM_END_RESP_START
193 0 1508513724 RESP_END
194 0 1510327344 STIM_START
194 0 1513852744 STIM_END_RESP_START
194 0 1515052760 RESP_END
195 0 1517184400 STIM_START
195 0 1520959848 STIM_END_RESP_START
195 0 1522159864 RESP_END
196 1 1524142548 STIM_START
196 1 1527667952 STIM_END_RESP_START
196 1 1527975244 LICK
196 1 1527975776 REWARD_START
196 1 1528867980 RESP_END
196 1 1527988856 REWARD_END
197 1 1530653532 STIM_START
197 1 1531658296 LICK
197 1 1534178948 STIM_END_RESP_START
197 1 1535378964 RESP_END
198 1 1538273728 STIM_START
198 1 1542049176 STIM_END_RESP_START
198 1 1542415076 LICK
198 1 1542415612 REWARD_START
198 1 1543249204 RESP_END
198 1 1542428692 REWARD_END
199 0 1545259880 STIM_START
199 0 1546528736 LICK
199 0 1546707248 LICK
199 0 1546814672 LICK
199 0 1546905116 LICK
199 0 1547022956 LICK
199 0 1547152916 LICK
199 0 1547249992 LICK
199 0 1547372216 LICK
199 0 1547502912 LICK
199 0 1548028752 LICK
199 0 1549035308 STIM_END_RESP_START
199 0 1550235324 RESP_END
200 1 1551985928 STIM_START
200 1 1555761340 STIM_END_RESP_START
200 1 1555963364 LICK
200 1 1555963900 REWARD_START
200 1 1556090336 LICK
200 1 1556241476 LICK
200 1 1556388692 LICK
200 1 1556961372 RESP_END
200 1 1555976980 REWARD_END
201 1 1560045168 STIM_START
201 1 1563570572 STIM_END_RESP_START
201 1 1563733748 LICK
201 1 1563734288 REWARD_START
201 1 1563878224 LICK
201 1 1564020712 LICK
201 1 1564182936 LICK
201 1 1564770596 RESP_END
201 1 1563747368 REWARD_END
202 0 1568186548 STIM_START
202 0 1570125096 LICK
202 0 1570282000 LICK
202 0 1571461936 STIM_END_RESP_START
202 0 1571505752 LICK
202 0 1571506296 TIMEOUT_START
202 0 1571661432 LICK
202 0 1571661972 TIMEOUT_START
202 0 1572661972 RESP_END
202 0 1578662532 TIMEOUT_END
203 0 1580479400 STIM_START
203 0 1584504868 STIM_END_RESP_START
203 0 1585704912 RESP_END
204 0 1587696608 STIM_START
204 0 1591222012 STIM_END_RESP_START
204 0 1592277016 LICK
204 0 1592277552 TIMEOUT_START
204 0 1592422056 RESP_END
204 0 1599278124 TIMEOUT_END
205 1 1601049680 STIM_START
205 1 1604825128 STIM_END_RESP_START
205 1 1604973628 LICK
205 1 1604974160 REWARD_START
205 1 1605102928 LICK
205 1 1605268000 LICK
205 1 1605410648 LICK
205 1 1605526832 LICK
205 1 1606025140 RESP_END
205 1 1604987240 REWARD_END
206 0 1608549840 STIM_START
206 0 1611819312 LICK
206 0 1611825228 STIM_END_RESP_START
206 0 1612023256 LICK
206 0 1612023788 TIMEOUT_START
206 0 1612189532 LICK
206 0 1612190068 TIMEOUT_START
206 0 1612762004 LICK
206 0 1612762544 TIMEOUT_START
206 0 1613025252 RESP_END
206 0 1619763108 TIMEOUT_END
207 1 1621583900 STIM_START
207 1 1625112200 LICK
207 1 1625265812 LICK
207 1 1625359336 STIM_END_RESP_START
207 1 1625499880 LICK
207 1 1625500412 REWARD_START
207 1 1625679972 LICK
207 1 1625826980 LICK
207 1 1625982032 LICK
207 1 1626472520 LICK
207 1 1626559384 RESP_END
207 1 1625513492 REWARD_END
208 1 1628512988 STIM_START
208 1 1631862800 LICK
208 1 1632012672 LICK
208 1 1632038388 STIM_END_RESP_START
208 1 1632198836 LICK
208 1 1632199368 REWARD_START
208 1 1632425088 LICK
208 1 1632596848 LICK
208 1 1632723008 LICK
208 1 1632896160 LICK
208 1 1633238408 RESP_END
208 1 1632212448 REWARD_END
209 0 1635912152 STIM_START
209 0 1639437556 STIM_END_RESP_START
209 0 1640637568 RESP_END
210 0 1642703240 STIM_START
210 0 1644366012 LICK
210 0 1644916188 LICK
210 0 1645082764 LICK
210 0 1646061108 LICK
210 0 1646228644 STIM_END_RESP_START
210 0 1646258736 LICK
210 0 1646259272 TIMEOUT_START
210 0 1646720028 LICK
210 0 1646720556 TIMEOUT_START
210 0 1646897876 LICK
210 0 1646898416 TIMEOUT_START
210 0 1647428660 RESP_END
210 0 1653898976 TIMEOUT_END
211 1 1655712280 STIM_START
211 1 1659487728 STIM_END_RESP_START
211 1 1659806784 LICK
211 1 1659807316 REWARD_START
211 1 1660005088 LICK
211 1 1660139860 LICK
211 1 1660268704 LICK
211 1 1660429896 LICK
211 1 1660687744 RESP_END
211 1 1659820392 REWARD_END
212 0 1663697588 STIM_START
212 0 1663861148 LICK
212 0 1665200884 LICK
212 0 1666493476 LICK
212 0 1666629396 LICK
212 0 1666972956 STIM_END_RESP_START
212 0 1667903840 LICK
212 0 1667904372 TIMEOUT_START
212 0 1668172992 RESP_END
212 0 1674904928 TIMEOUT_END
213 1 1676855692 STIM_START
213 1 1678061196 LICK
213 1 1678104760 LICK
213 1 1679568572 LICK
213 1 1679792948 LICK
213 1 1679910660 LICK
213 1 1680006936 LICK
213 1 1680135424 LICK
213 1 1680304864 LICK
213 1 1680631120 STIM_END_RESP_START
213 1 1680670764 LICK
213 1 1680671292 REWARD_START
213 1 1680711300 LICK
213 1 1681831168 RESP_END
213 1 1680684368 REWARD_END
214 1 1688837536 STIM_START
214 1 1689511164 LICK
214 1 1689617796 LICK
214 1 1692863012 STIM_END_RESP_START
214 1 1693032688 LICK
214 1 1693033220 REWARD_START
214 1 1693213452 LICK
214 1 1693364968 LICK
214 1 1693497440 LICK
214 1 1694063040 RESP_END
214 1 1693046296 REWARD_END
215 1 1696058640 STIM_START
215 1 1699334028 STIM_END_RESP_START
215 1 1699505968 LICK
215 1 1699506508 REWARD_START
215 1 1699641044 LICK
215 1 1699791484 LICK
215 1 1699934024 LICK
215 1 1700534064 RESP_END
215 1 1699519588 REWARD_END
216 0 1704367960 STIM_START
216 0 1706748652 LICK
216 0 1707359576 LICK
216 0 1707508396 LICK
216 0 1707893344 STIM_END_RESP_START
216 0 1709093360 RESP_END
217 1 1711016028 STIM_START
217 1 1714541424 STIM_END_RESP_START
217 1 1714667644 LICK
217 1 1714668176 REWARD_START
217 1 1714793760 LICK
217 1 1714929600 LICK
217 1 1715063236 LICK
217 1 1715741468 RESP_END
217 1 1714681256 REWARD_END
218 1 1718431192 STIM_START
218 1 1721391228 LICK
218 1 1721515956 LICK
218 1 1721710072 LICK
218 1 1722202372 LICK
218 1 1722206624 STIM_END_RESP_START
218 1 1722357904 LICK
218 1 1722358436 REWARD_START
218 1 1722544044 LICK
218 1 1722698524 LICK
218 1 1722840528 LICK
218 1 1723406664 RESP_END
218 1 1722371516 REWARD_END
219 1 1726060408 STIM_START
219 1 1729178440 LICK
219 1 1729318828 LICK
219 1 1729947376 LICK
219 1 1730080012 LICK
219 1 1730085880 STIM_END_RESP_START
219 1 1730283644 LICK
219 1 1730284176 REWARD_START
219 1 1730475728 LICK
219 1 1730622572 LICK
219 1 1730770864 LICK
219 1 1730922428 LICK
219 1 1731285896 RESP_END
219 1 1730297252 REWARD_END
220 0 1733833592 STIM_START
220 0 1737108988 STIM_END_RESP_START
220 0 1737198608 LICK
220 0 1737199140 TIMEOUT_START
220 0 1737319996 LICK
220 0 1737320536 TIMEOUT_START
220 0 1737485660 LICK
220 0 1737486192 TIMEOUT_START
220 0 1738000576 LICK
220 0 1738001104 TIMEOUT_START
220 0 1738185996 LICK
220 0 1738186528 TIMEOUT_START
220 0 1738309020 RESP_END
220 0 1745187092 TIMEOUT_END
221 0 1747373760 STIM_START
221 0 1749140984 LICK
221 0 1749291188 LICK
221 0 1749698224 LICK
221 0 1749887160 LICK
221 0 1750107224 LICK
221 0 1750649136 STIM_END_RESP_START
221 0 1750675640 LICK
221 0 1750676172 TIMEOUT_START
221 0 1750878972 LICK
221 0 1750879512 TIMEOUT_START
221 0 1751164352 LICK
221 0 1751164884 TIMEOUT_START
221 0 1751849180 RESP_END
221 0 1758165444 TIMEOUT_END
222 0 1760133768 STIM_START
222 0 1761424372 LICK
222 0 1762707180 LICK
222 0 1762860384 LICK
222 0 1763409128 STIM_END_RESP_START
222 0 1763484952 LICK
222 0 1763485480 TIMEOUT_START
222 0 1764437428 LICK
222 0 1764437960 TIMEOUT_START
222 0 1764609144 RESP_END
222 0 1771438528 TIMEOUT_END
223 1 1773399832 STIM_START
223 1 1775174232 LICK
223 1 1775313968 LICK
223 1 1775831820 LICK
223 1 1775950656 LICK
223 1 1776701588 LICK
223 1 1776893456 LICK
223 1 1777425284 STIM_END_RESP_START
223 1 1777566804 LICK
223 1 1777567336 REWARD_START
223 1 1777703524 LICK
223 1 1777845736 LICK
223 1 1777969944 LICK
223 1 1778099000 LICK
223 1 1778260952 LICK
223 1 1778438420 LICK
223 1 1778558456 LICK
223 1 1778625316 RESP_END
223 1 1777580416 REWARD_END
224 0 1780887028 STIM_START
224 0 1783910808 LICK
224 0 1784026496 LICK
224 0 1784412428 STIM_END_RESP_START
224 0 1784666780 LICK
224 0 1784667320 TIMEOUT_START
224 0 1785612460 RESP_END
224 0 1791667876 TIMEOUT_END
225 0 1793583016 STIM_START
225 0 1796135724 LICK
225 0 1796305908 LICK
225 0 1796817532 LICK
225 0 1797108428 STIM_END_RESP_START
225 0 1797469656 LICK
225 0 1797470188 TIMEOUT_START
225 0 1797655844 LICK
225 0 1797656376 TIMEOUT_START
225 0 1798150216 LICK
225 0 1798150748 TIMEOUT_START
225 0 1798308440 RESP_END
225 0 1805151312 TIMEOUT_END
226 1 1807032140 STIM_START
226 1 1810307500 STIM_END_RESP_START
226 1 1810526584 LICK
226 1 1810527116 REWARD_START
226 1 1810682956 LICK
226 1 1810800432 LICK
226 1 1810934380 LICK
226 1 1811066360 LICK
226 1 1811507532 RESP_END
226 1 1810540192 REWARD_END
227 0 1814761392 STIM_START
227 0 1817439756 LICK
227 0 1817588188 LICK
227 0 1818217280 LICK
227 0 1818286784 STIM_END_RESP_START
227 0 1818418568 LICK
227 0 1818419100 TIMEOUT_START
227 0 1818904800 LICK
227 0 1818905332 TIMEOUT_START
227 0 1819149496 LICK
227 0 1819150028 TIMEOUT_START
227 0 1819486828 RESP_END
227 0 1826150596 TIMEOUT_END
228 0 1828367548 STIM_START
228 0 1831281400 LICK
228 0 1831447472 LICK
228 0 1832142976 STIM_END_RESP_START
228 0 1833343032 RESP_END
229 1 1835560656 STIM_START
229 1 1839586112 STIM_END_RESP_START
229 1 1839763616 LICK
229 1 1839764148 REWARD_START
229 1 1839914688 LICK
229 1 1840061228 LICK
229 1 1840185732 LICK
229 1 1840324640 LICK
229 1 1840786148 RESP_END
229 1 1839777228 REWARD_END
230 1 1842552840 STIM_START
230 1 1845210260 LICK
230 1 1845369996 LICK
230 1 1845630232 LICK
230 1 1845792292 LICK
230 1 1846328260 STIM_END_RESP_START
230 1 1846337524 LICK
230 1 1846338068 REWARD_START
230 1 1846514700 LICK
230 1 1846657640 LICK
230 1 1846824168 LICK
230 1 1847528308 RESP_END
230 1 1846351136 REWARD_END
231 0 1850224980 STIM_START
231 0 1854250436 STIM_END_RESP_START
231 0 1854673604 LICK
231 0 1854674140 TIMEOUT_START
231 0 1854818612 LICK
231 0 1854819144 TIMEOUT_START
231 0 1855450464 RESP_END
231 0 1861819712 TIMEOUT_END
232 0 1863751152 STIM_START
232 0 1866050048 LICK
232 0 1866186040 LICK
232 0 1866819924 LICK
232 0 1866976960 LICK
232 0 1867026536 STIM_END_RESP_START
232 0 1867779576 LICK
232 0 1867780112 TIMEOUT_START
232 0 1868226556 RESP_END
232 0 1874780672 TIMEOUT_END
233 1 1876971216 STIM_START
233 1 1880190944 LICK
233 1 1880349496 LICK
233 1 1880746640 STIM_END_RESP_START
233 1 1880924684 LICK
233 1 1880925224 REWARD_START
233 1 1881102408 LICK
233 1 1881224536 LICK
233 1 1881360688 LICK
233 1 1881506424 LICK
233 1 1881946688 RESP_END
233 1 1880938296 REWARD_END
234 0 1884266320 STIM_START
234 0 1886186816 LICK
234 0 1888168016 LICK
234 0 1888291764 STIM_END_RESP_START
234 0 1888347880 LICK
234 0 1888348416 TIMEOUT_START
234 0 1888938020 LICK
234 0 1888938552 TIMEOUT_START
234 0 1889138436 LICK
234 0 1889138972 TIMEOUT_START
234 0 1889491788 RESP_END
234 0 1896139524 TIMEOUT_END
235 1 1898191592 STIM_START
235 1 1901504668 LICK
235 1 1901673624 LICK
235 1 1901967016 STIM_END_RESP_START
235 1 1902108984 LICK
235 1 1902109516 REWARD_START
235 1 1902249460 LICK
235 1 1902404528 LICK
235 1 1902540112 LICK
235 1 1903167040 RESP_END
235 1 1902122592 REWARD_END
236 1 1907052996 STIM_START
236 1 1910657668 LICK
236 1 1910770536 LICK
236 1 1910973616 LICK
236 1 1911078448 STIM_END_RESP_START
236 1 1911229864 LICK
236 1 1911230400 REWARD_START
236 1 1911392292 LICK
236 1 1911536456 LICK
236 1 1911702852 LICK
236 1 1912278488 RESP_END
236 1 1911243476 REWARD_END
237 0 1914836192 STIM_START
237 0 1918454044 LICK
237 0 1918861640 STIM_END_RESP_START
237 0 1919504940 LICK
237 0 1919505480 TIMEOUT_START
237 0 1919649528 LICK
237 0 1919650068 TIMEOUT_START
237 0 1920061668 RESP_END
237 0 1926650620 TIMEOUT_END
238 0 1928661332 STIM_START
238 0 1932686792 STIM_END_RESP_START
238 0 1933886808 RESP_END
239 1 1935704452 STIM_START
239 1 1939479900 STIM_END_RESP_START
239 1 1939665160 LICK
239 1 1939665696 REWARD_START
239 1 1939787460 LICK
239 1 1939938632 LICK
239 1 1940054848 LICK
239 1 1940189576 LICK
239 1 1940679928 RESP_END
239 1 1939678776 REWARD_END
240 1 1943141636 STIM_START
240 1 1947167096 STIM_END_RESP_START
240 1 1947417932 LICK
240 1 1947418468 REWARD_START
240 1 1947551076 LICK
240 1 1947698192 LICK
240 1 1947829276 LICK
240 1 1947959348 LICK
240 1 1948367112 RESP_END
240 1 1947431544 REWARD_END
241 1 1950600840 STIM_START
241 1 1953370344 LICK
241 1 1953519160 LICK
241 1 1954376280 STIM_END_RESP_START
241 1 1954521972 LICK
241 1 1954522512 REWARD_START
241 1 1954696484 LICK
241 1 1954833004 LICK
241 1 1954994892 LICK
241 1 1955576324 RESP_END
241 1 1954535576 REWARD_END
242 0 1957989012 STIM_START
242 0 1961264372 STIM_END_RESP_START
242 0 1961514280 LICK
242 0 1961514816 TIMEOUT_START
242 0 1961616960 LICK
242 0 1961617500 TIMEOUT_START
242 0 1962464388 RESP_END
242 0 1968618060 TIMEOUT_END
243 1 1970600000 STIM_START
243 1 1974046460 LICK
243 1 1974125400 STIM_END_RESP_START
243 1 1974181776 LICK
243 1 1974182316 REWARD_START
243 1 1974352148 LICK
243 1 1974495664 LICK
243 1 1974604940 LICK
243 1 1974745968 LICK
243 1 1975325424 RESP_END
243 1 1974195380 REWARD_END
244 1 1978497240 STIM_START
244 1 1982045044 LICK
244 1 1982172776 LICK
244 1 1982272684 STIM_END_RESP_START
244 1 1982367952 LICK
244 1 1982368488 REWARD_START
244 1 1982566108 LICK
244 1 1982700848 LICK
244 1 1982844108 LICK
244 1 1983021548 LICK
244 1 1983229040 LICK
244 1 1983345932 LICK
244 1 1983472716 RESP_END
244 1 1982381568 REWARD_END
245 1 1985279292 STIM_START
245 1 1988795336 LICK
245 1 1988804692 STIM_END_RESP_START
245 1 1988959552 LICK
245 1 1988960088 REWARD_START
245 1 1989096344 LICK
245 1 1989246192 LICK
245 1 1989399880 LICK
245 1 1990004744 RESP_END
245 1 1988973164 REWARD_END
246 0 1992586428 STIM_START
246 0 1996547608 LICK
246 0 1996611880 STIM_END_RESP_START
246 0 1996693900 LICK
246 0 1996694436 TIMEOUT_START
246 0 1996898176 LICK
246 0 1996898716 TIMEOUT_START
246 0 1997363996 LICK
246 0 1997364532 TIMEOUT_START
246 0 1997811916 RESP_END
246 0 2004365084 TIMEOUT_END
247 0 2006183584 STIM_START
247 0 2008928140 LICK
247 0 2009062052 LICK
247 0 2009244832 LICK
247 0 2009653020 LICK
247 0 2009708992 STIM_END_RESP_START
247 0 2009853516 LICK
247 0 2009854056 TIMEOUT_START
247 0 2010451040 LICK
247 0 2010451576 TIMEOUT_START
247 0 2010659224 LICK
247 0 2010659756 TIMEOUT_START
247 0 2010909040 RESP_END
247 0 2017660324 TIMEOUT_END
248 0 2019753712 STIM_START
248 0 2023257584 LICK
248 0 2023279128 STIM_END_RESP_START
248 0 2023389048 LICK
248 0 2023389588 TIMEOUT_START
248 0 2023590796 LICK
248 0 2023591336 TIMEOUT_START
248 0 2024479168 RESP_END
248 0 2030591900 TIMEOUT_END
249 1 2053004976 STIM_START
249 1 2056780424 STIM_END_RESP_START
249 1 2057050276 LICK
249 1 2057050808 REWARD_START
249 1 2057205068 LICK
249 1 2057323076 LICK
249 1 2057494512 LICK
249 1 2057605876 LICK
249 1 2057980464 RESP_END
249 1 2057063884 REWARD_END
250 0 2060045048 STIM_START
250 0 2062786120 LICK
250 0 2062887964 LICK
250 0 2063067884 LICK
250 0 2063441580 LICK
250 0 2063570468 STIM_END_RESP_START
250 0 2063630240 LICK
250 0 2063630776 TIMEOUT_START
250 0 2064310524 LICK
250 0 2064311056 TIMEOUT_START
250 0 2064518444 LICK
250 0 2064518972 TIMEOUT_START
250 0 2064770516 RESP_END
250 0 2071519544 TIMEOUT_END
251 0 2073611244 STIM_START
251 0 2076777576 LICK
251 0 2076918168 LICK
251 0 2077106500 LICK
251 0 2077386672 STIM_END_RESP_START
251 0 2077734136 LICK
251 0 2077734668 TIMEOUT_START
251 0 2078586720 RESP_END
251 0 2084735228 TIMEOUT_END
252 0 2086636248 STIM_START
252 0 2089416236 LICK
252 0 2089565224 LICK
252 0 2089773976 LICK
252 0 2090255796 LICK
252 0 2090411664 STIM_END_RESP_START
252 0 2090796260 LICK
252 0 2090796792 TIMEOUT_START
252 0 2090970932 LICK
252 0 2090971472 TIMEOUT_START
252 0 2091611712 RESP_END
252 0 2097972032 TIMEOUT_END
253 1 2099793280 STIM_START
253 1 2103028668 LICK
253 1 2103188516 LICK
253 1 2103568728 STIM_END_RESP_START
253 1 2103716848 LICK
253 1 2103717388 REWARD_START
253 1 2103878340 LICK
253 1 2104016404 LICK
253 1 2104181820 LICK
253 1 2104768776 RESP_END
253 1 2103730464 REWARD_END
254 1 2106783428 STIM_START
254 1 2108029932 LICK
254 1 2108170576 LICK
254 1 2108811852 LICK
254 1 2108950512 LICK
254 1 2109676720 LICK
254 1 2110058800 STIM_END_RESP_START
254 1 2110216424 LICK
254 1 2110216960 REWARD_START
254 1 2110353056 LICK
254 1 2110513420 LICK
254 1 2110649436 LICK
254 1 2110820460 LICK
254 1 2111258832 RESP_END
254 1 2110230036 REWARD_END
255 0 2113086428 STIM_START
255 0 2116086476 LICK
255 0 2116221908 LICK
255 0 2116407348 LICK
255 0 2116861868 STIM_END_RESP_START
255 0 2118061884 RESP_END
256 1 2119867564 STIM_START
256 1 2123142956 STIM_END_RESP_START
256 1 2123362792 LICK
256 1 2123363324 REWARD_START
256 1 2123466696 LICK
256 1 2123618296 LICK
256 1 2123743288 LICK
256 1 2123859228 LICK
256 1 2124342976 RESP_END
256 1 2123376404 REWARD_END
257 0 2128029784 STIM_START
257 0 2130564564 LICK
257 0 2130691872 LICK
257 0 2131805228 STIM_END_RESP_START
257 0 2133005276 RESP_END
258 1 2134947924 STIM_START
258 1 2138473320 STIM_END_RESP_START
258 1 2138597836 LICK
258 1 2138598368 REWARD_START
258 1 2138720296 LICK
258 1 2138852608 LICK
258 1 2138976088 LICK
258 1 2139673352 RESP_END
258 1 2138611448 REWARD_END
259 0 2141718980 STIM_START
259 0 2144969492 LICK
259 0 2145133872 LICK
259 0 2145244384 STIM_END_RESP_START
259 0 2145872104 LICK
259 0 2145872636 TIMEOUT_START
259 0 2146444408 RESP_END
259 0 2152873192 TIMEOUT_END
260 1 2155042056 STIM_START
260 1 2157334052 LICK
260 1 2157518032 LICK
260 1 2158567468 STIM_END_RESP_START
260 1 2158697260 LICK
260 1 2158697800 REWARD_START
260 1 2158824476 LICK
260 1 2158981908 LICK
260 1 2159097900 LICK
260 1 2159279700 LICK
260 1 2159767496 RESP_END
260 1 2158710860 REWARD_END
261 0 2162596236 STIM_START
261 0 2165626612 LICK
261 0 2165754768 LICK
261 0 2165871612 STIM_END_RESP_START
261 0 2167071628 RESP_END
262 1 2169274252 STIM_START
262 1 2173049700 STIM_END_RESP_START
262 1 2173167944 LICK
262 1 2173168476 REWARD_START
262 1 2173312088 LICK
262 1 2173487808 LICK
262 1 2173595132 LICK
262 1 2174249740 RESP_END
262 1 2173181556 REWARD_END
263 0 2176341408 STIM_START
263 0 2180116856 STIM_END_RESP_START
263 0 2180235952 LICK
263 0 2180236492 TIMEOUT_START
263 0 2180393272 LICK
263 0 2180393804 TIMEOUT_START
263 0 2180546584 LICK
263 0 2180547116 TIMEOUT_START
263 0 2181156264 LICK
263 0 2181156792 TIMEOUT_START
263 0 2181316892 RESP_END
263 0 2188157352 TIMEOUT_END
264 1 2189967516 STIM_START
264 1 2193353464 LICK
264 1 2193496912 LICK
264 1 2193992984 STIM_END_RESP_START
264 1 2194135732 LICK
264 1 2194136272 REWARD_START
264 1 2194307868 LICK
264 1 2194448348 LICK
264 1 2194588200 LICK
264 1 2195193020 RESP_END
264 1 2194149344 REWARD_END
265 1 2197349752 STIM_START
265 1 2200625144 STIM_END_RESP_START
265 1 2200769636 LICK
265 1 2200770168 REWARD_START
265 1 2200898304 LICK
265 1 2201044624 LICK
265 1 2201189064 LICK
265 1 2201825180 RESP_END
265 1 2200783248 REWARD_END
266 0 2204676836 STIM_START
266 0 2207419848 LICK
266 0 2207570376 LICK
266 0 2207788696 LICK
266 0 2208155764 LICK
266 0 2208452264 STIM_END_RESP_START
266 0 2208807736 LICK
266 0 2208808272 TIMEOUT_START
266 0 2209552524 LICK
266 0 2209553056 TIMEOUT_START
266 0 2209652300 RESP_END
266 0 2216553620 TIMEOUT_END
267 0 2218553076 STIM_START
267 0 2222578532 STIM_END_RESP_START
267 0 2222805888 LICK
267 0 2222806428 TIMEOUT_START
267 0 2223778568 RESP_END
267 0 2229806988 TIMEOUT_END
268 0 2231636124 STIM_START
268 0 2235411576 STIM_END_RESP_START
268 0 2236611632 RESP_END
269 1 2238488240 STIM_START
269 1 2242513696 STIM_END_RESP_START
269 1 2242752580 LICK
269 1 2242753116 REWARD_START
269 1 2242873912 LICK
269 1 2243035156 LICK
269 1 2243174452 LICK
269 1 2243305056 LICK
269 1 2243713720 RESP_END
269 1 2242766192 REWARD_END
270 0 2245620316 STIM_START
270 0 2248888864 LICK
270 0 2249035396 LICK
270 0 2249194472 LICK
270 0 2249645768 STIM_END_RESP_START
270 0 2249803864 LICK
270 0 2249804400 TIMEOUT_START
270 0 2250845784 RESP_END
270 0 2256804964 TIMEOUT_END
271 0 2258897484 STIM_START
271 0 2262172844 STIM_END_RESP_START
271 0 2262399636 LICK
271 0 2262400176 TIMEOUT_START
271 0 2262542652 LICK
271 0 2262543184 TIMEOUT_START
271 0 2263372856 RESP_END
271 0 2269543748 TIMEOUT_END
272 1 2271622448 STIM_START
272 1 2274897836 STIM_END_RESP_START
272 1 2275124072 LICK
272 1 2275124612 REWARD_START
272 1 2275256224 LICK
272 1 2275426056 LICK
272 1 2275545708 LICK
272 1 2275655672 LICK
272 1 2275794600 LICK
272 1 2275980276 LICK
272 1 2276097880 RESP_END
272 1 2275137692 REWARD_END
273 0 2278066484 STIM_START
273 0 2281512388 LICK
273 0 2281678316 LICK
273 0 2281838460 LICK
273 0 2281841904 STIM_END_RESP_START
273 0 2282474536 LICK
273 0 2282475068 TIMEOUT_START
273 0 2282642820 LICK
273 0 2282643352 TIMEOUT_START
273 0 2283041936 RESP_END
273 0 2289643908 TIMEOUT_END
274 1 2291692616 STIM_START
274 1 2295718076 STIM_END_RESP_START
274 1 2295866720 LICK
274 1 2295867256 REWARD_START
274 1 2295996896 LICK
274 1 2296126004 LICK
274 1 2296241896 LICK
274 1 2296390116 LICK
274 1 2296918100 RESP_END
274 1 2295880336 REWARD_END
275 0 2298862716 STIM_START
275 0 2302013092 LICK
275 0 2302139100 LICK
275 0 2302318256 LICK
275 0 2302388116 STIM_END_RESP_START
275 0 2302921892 LICK
275 0 2302922428 TIMEOUT_START
275 0 2303588136 RESP_END
275 0 2309922992 TIMEOUT_END
276 0 2311761832 STIM_START
276 0 2315159232 LICK
276 0 2315274848 LICK
276 0 2315287244 STIM_END_RESP_START
276 0 2315843844 LICK
276 0 2315844376 TIMEOUT_START
276 0 2316487260 RESP_END
276 0 2322844948 TIMEOUT_END
277 0 2324966888 STIM_START
277 0 2328242284 STIM_END_RESP_START
277 0 2329442340 RESP_END
278 1 2331491872 STIM_START
278 1 2334767232 STIM_END_RESP_START
278 1 2334951308 LICK
278 1 2334951848 REWARD_START
278 1 2335070448 LICK
278 1 2335205348 LICK
278 1 2335324840 LICK
278 1 2335470608 LICK
278 1 2335967288 RESP_END
278 1 2334964908 REWARD_END
279 0 2337922960 STIM_START
279 0 2341052208 LICK
279 0 2341211912 LICK
279 0 2341364884 LICK
279 0 2341448368 STIM_END_RESP_START
279 0 2341948284 LICK
279 0 2341948824 TIMEOUT_START
279 0 2342648396 RESP_END
279 0 2348949388 TIMEOUT_END
280 0 2351162984 STIM_START
280 0 2355188440 STIM_END_RESP_START
280 0 2356388460 RESP_END
281 0 2358134152 STIM_START
281 0 2361909604 STIM_END_RESP_START
281 0 2363109620 RESP_END
282 1 2365188240 STIM_START
282 1 2369213696 STIM_END_RESP_START
282 1 2370413712 RESP_END
283 1 2372353376 STIM_START
283 1 2375628764 STIM_END_RESP_START
283 1 2375858448 LICK
283 1 2375858980 REWARD_START
283 1 2375978148 LICK
283 1 2376106636 LICK
283 1 2376224344 LICK
283 1 2376373388 LICK
283 1 2376789820 LICK
283 1 2376828780 RESP_END
283 1 2375872056 REWARD_END
284 1 2378605372 STIM_START
284 1 2382130784 STIM_END_RESP_START
284 1 2382318788 LICK
284 1 2382319320 REWARD_START
284 1 2382446056 LICK
284 1 2382587980 LICK
284 1 2382729500 LICK
284 1 2383330816 RESP_END
284 1 2382332400 REWARD_END
285 0 2385553440 STIM_START
285 0 2389578896 STIM_END_RESP_START
285 0 2390146908 LICK
285 0 2390147448 TIMEOUT_START
285 0 2390306840 LICK
285 0 2390307376 TIMEOUT_START
285 0 2390778944 RESP_END
285 0 2397307952 TIMEOUT_END
286 0 2399388652 STIM_START
286 0 2403414116 STIM_END_RESP_START
286 0 2404614168 RESP_END
287 1 2406571784 STIM_START
287 1 2409847144 STIM_END_RESP_START
287 1 2410113900 LICK
287 1 2410114440 REWARD_START
287 1 2410219368 LICK
287 1 2410359092 LICK
287 1 2410499224 LICK
287 1 2410622624 LICK
287 1 2411047188 RESP_END
287 1 2410127520 REWARD_END
288 1 2413164784 STIM_START
288 1 2415973288 LICK
288 1 2416088980 LICK
288 1 2416245308 LICK
288 1 2416690184 STIM_END_RESP_START
288 1 2416812928 LICK
288 1 2416813464 REWARD_START
288 1 2416951220 LICK
288 1 2417096736 LICK
288 1 2417241564 LICK
288 1 2417890228 RESP_END
288 1 2416826544 REWARD_END
289 1 2419601800 STIM_START
289 1 2421890740 LICK
289 1 2422041204 LICK
289 1 2422523872 LICK
289 1 2423109220 LICK
289 1 2423127216 STIM_END_RESP_START
289 1 2423258476 LICK
289 1 2423259012 REWARD_START
289 1 2423421124 LICK
289 1 2423560984 LICK
289 1 2423715680 LICK
289 1 2423905188 LICK
289 1 2424010572 LICK
289 1 2424327268 RESP_END
289 1 2423272092 REWARD_END
290 0 2426444960 STIM_START
290 0 2430470416 STIM_END_RESP_START
290 0 2431670432 RESP_END
291 1 2433689048 STIM_START
291 1 2436964448 STIM_END_RESP_START
291 1 2437126684 LICK
291 1 2437127224 REWARD_START
291 1 2437264776 LICK
291 1 2437401816 LICK
291 1 2437537344 LICK
291 1 2438164476 RESP_END
291 1 2437140292 REWARD_END
292 0 2440229100 STIM_START
292 0 2444004548 STIM_END_RESP_START
292 0 2444553524 LICK
292 0 2444554060 TIMEOUT_START
292 0 2444711080 LICK
292 0 2444711612 TIMEOUT_START
292 0 2445204584 RESP_END
292 0 2451712172 TIMEOUT_END
293 1 2453738184 STIM_START
293 1 2457194532 LICK
293 1 2457372488 LICK
293 1 2457763664 STIM_END_RESP_START
293 1 2457897924 LICK
293 1 2457898464 REWARD_START
293 1 2458050644 LICK
293 1 2458177492 LICK
293 1 2458322144 LICK
293 1 2458963688 RESP_END
293 1 2457911524 REWARD_END
294 1 2461038356 STIM_START
294 1 2464703280 LICK
294 1 2464813792 STIM_END_RESP_START
294 1 2464828464 LICK
294 1 2464828996 REWARD_START
294 1 2464975704 LICK
294 1 2465115420 LICK
294 1 2465267228 LICK
294 1 2465703060 LICK
294 1 2465885228 LICK
294 1 2466013828 RESP_END
294 1 2464842072 REWARD_END
295 1 2467814424 STIM_START
295 1 2471092116 LICK
295 1 2471211364 LICK
295 1 2471782536 LICK
295 1 2471839872 STIM_END_RESP_START
295 1 2471979260 LICK
295 1 2471979796 REWARD_START
295 1 2472093644 LICK
295 1 2472257324 LICK
295 1 2472409404 LICK
295 1 2473039916 RESP_END
295 1 2471992876 REWARD_END
296 0 2475247656 STIM_START
296 0 2479023100 STIM_END_RESP_START
296 0 2479538292 LICK
296 0 2479538824 TIMEOUT_START
296 0 2479647588 LICK
296 0 2479648128 TIMEOUT_START
296 0 2480145568 LICK
296 0 2480146100 TIMEOUT_START
296 0 2480223144 RESP_END
296 0 2487146660 TIMEOUT_END
297 1 2488910844 STIM_START
297 1 2490314444 LICK
297 1 2490460800 LICK
297 1 2491059972 LICK
297 1 2491919040 LICK
297 1 2492076448 LICK
297 1 2492283976 LICK
297 1 2492436252 STIM_END_RESP_START
297 1 2492575884 LICK
297 1 2492576420 REWARD_START
297 1 2492733836 LICK
297 1 2492909096 LICK
297 1 2493091972 LICK
297 1 2493496160 LICK
297 1 2493636300 RESP_END
297 1 2492589500 REWARD_END
298 0 2495597796 STIM_START
298 0 2499623256 STIM_END_RESP_START
298 0 2500110912 LICK
298 0 2500111452 TIMEOUT_START
298 0 2500220380 LICK
298 0 2500220912 TIMEOUT_START
298 0 2500823296 RESP_END
298 0 2507221472 TIMEOUT_END
299 1 2509032956 STIM_START
299 1 2512290184 LICK
299 1 2512436556 LICK
299 1 2512558348 STIM_END_RESP_START
299 1 2512636284 LICK
299 1 2512636820 REWARD_START
299 1 2512825112 LICK
299 1 2512963348 LICK
299 1 2513094644 LICK
299 1 2513237748 LICK
299 1 2513549824 LICK
299 1 2513684804 LICK
299 1 2513758372 RESP_END
299 1 2512649900 REWARD_END
300 1 2515977012 STIM_START
300 1 2519252408 STIM_END_RESP_START
300 1 2519387492 LICK
300 1 2519388028 REWARD_START
300 1 2519518988 LICK
300 1 2519666600 LICK
300 1 2519827232 LICK
300 1 2520452452 RESP_END
300 1 2519401104 REWARD_END
301 1 2522560080 STIM_START
301 1 2526085484 STIM_END_RESP_START
301 1 2526191580 LICK
301 1 2526192120 REWARD_START
301 1 2526290084 LICK
301 1 2526431636 LICK
301 1 2526575652 LICK
301 1 2527285532 RESP_END
301 1 2526205200 REWARD_END
302 0 2529373128 STIM_START
302 0 2532418932 LICK
302 0 2532551720 LICK
302 0 2533148572 STIM_END_RESP_START
302 0 2533325392 LICK
302 0 2533325932 TIMEOUT_START
302 0 2533486828 LICK
302 0 2533487360 TIMEOUT_START
302 0 2534348588 RESP_END
302 0 2540487920 TIMEOUT_END
303 0 2542668232 STIM_START
303 0 2546008560 LICK
303 0 2546693680 STIM_END_RESP_START
303 0 2547893696 RESP_END
304 1 2550114448 STIM_START
304 1 2554139908 STIM_END_RESP_START
304 1 2554295572 LICK
304 1 2554296104 REWARD_START
304 1 2554435832 LICK
304 1 2554560132 LICK
304 1 2554696340 LICK
304 1 2554810584 LICK
304 1 2555339944 RESP_END
304 1 2554309188 REWARD_END
305 0 2557389568 STIM_START
305 0 2560756112 LICK
305 0 2560919272 LICK
305 0 2561165004 STIM_END_RESP_START
305 0 2561687396 LICK
305 0 2561687932 TIMEOUT_START
305 0 2561837248 LICK
305 0 2561837780 TIMEOUT_START
305 0 2562365048 RESP_END
305 0 2568838336 TIMEOUT_END
306 0 2570963776 STIM_START
306 0 2574202968 LICK
306 0 2574239172 STIM_END_RESP_START
306 0 2574334664 LICK
306 0 2574335204 TIMEOUT_START
306 0 2574824932 LICK
306 0 2574825464 TIMEOUT_START
306 0 2575300912 LICK
306 0 2575301444 TIMEOUT_START
306 0 2575439208 RESP_END
306 0 2582302012 TIMEOUT_END
307 0 2584147832 STIM_START
307 0 2587673240 STIM_END_RESP_START
307 0 2588873256 RESP_END
308 1 2590725888 STIM_START
308 1 2594751344 STIM_END_RESP_START
308 1 2594989164 LICK
308 1 2594989696 REWARD_START
308 1 2595120312 LICK
308 1 2595263068 LICK
308 1 2595369252 LICK
308 1 2595524000 LICK
308 1 2595951388 RESP_END
308 1 2595002780 REWARD_END
309 0 2598043968 STIM_START
309 0 2601319364 STIM_END_RESP_START
309 0 2601418312 LICK
309 0 2601418852 TIMEOUT_START
309 0 2601536848 LICK
309 0 2601537380 TIMEOUT_START
309 0 2602519404 RESP_END
309 0 2608537940 TIMEOUT_END
310 0 2610373996 STIM_START
310 0 2613899400 STIM_END_RESP_START
310 0 2615099456 RESP_END
311 1 2616973024 STIM_START
311 1 2620775008 LICK
311 1 2620998464 STIM_END_RESP_START
311 1 2621150768 LICK
311 1 2621151312 REWARD_START
311 1 2621328300 LICK
311 1 2621475248 LICK
311 1 2621609168 LICK
311 1 2622198488 RESP_END
311 1 2621164388 REWARD_END
312 0 2623958168 STIM_START
312 0 2626916272 LICK
312 0 2627038144 LICK
312 0 2627239840 LICK
312 0 2627570540 LICK
312 0 2627983608 STIM_END_RESP_START
312 0 2628072820 LICK
312 0 2628073352 TIMEOUT_START
312 0 2628358080 LICK
312 0 2628358620 TIMEOUT_START
312 0 2629183628 RESP_END
312 0 2635359176 TIMEOUT_END
313 0 2637407228 STIM_START
313 0 2641182680 STIM_END_RESP_START
313 0 2642382696 RESP_END
314 0 2644362344 STIM_START
314 0 2647887744 STIM_END_RESP_START
314 0 2649087756 RESP_END
315 1 2651292416 STIM_START
315 1 2655317872 STIM_END_RESP_START
315 1 2655498680 LICK
315 1 2655499216 REWARD_START
315 1 2655628280 LICK
315 1 2655766992 LICK
315 1 2655911760 LICK
315 1 2656037424 LICK
315 1 2656517916 RESP_END
315 1 2655512292 REWARD_END
316 0 2658476576 STIM_START
316 0 2662251988 STIM_END_RESP_START
316 0 2663452004 RESP_END
317 0 2665355616 STIM_START
317 0 2669131064 STIM_END_RESP_START
317 0 2670331080 RESP_END
318 0 2672057728 STIM_START
318 0 2675833140 STIM_END_RESP_START
318 0 2677033156 RESP_END
319 1 2678851764 STIM_START
319 1 2682877220 STIM_END_RESP_START
319 1 2683246348 LICK
319 1 2683246888 REWARD_START
319 1 2683392112 LICK
319 1 2683543820 LICK
319 1 2683667136 LICK
319 1 2684077264 RESP_END
319 1 2683259968 REWARD_END
320 0 2685839896 STIM_START
320 0 2689615308 STIM_END_RESP_START
320 0 2690815356 RESP_END
321 1 2692792024 STIM_START
321 1 2696317428 STIM_END_RESP_START
321 1 2696540104 LICK
321 1 2696540644 REWARD_START
321 1 2696627232 LICK
321 1 2696764016 LICK
321 1 2696899084 LICK
321 1 2697517436 RESP_END
321 1 2696553704 REWARD_END
322 1 2699377012 STIM_START
322 1 2703402468 STIM_END_RESP_START
322 1 2703560952 LICK
322 1 2703561484 REWARD_START
322 1 2703685920 LICK
322 1 2703839188 LICK
322 1 2703952960 LICK
322 1 2704602512 RESP_END
322 1 2703574560 REWARD_END
323 1 2706407176 STIM_START
323 1 2709932580 STIM_END_RESP_START
323 1 2710069256 LICK
323 1 2710069788 REWARD_START
323 1 2710172300 LICK
323 1 2710300500 LICK
323 1 2710438316 LICK
323 1 2711132612 RESP_END
323 1 2710082868 REWARD_END
324 0 2713056152 STIM_START
324 0 2717081620 STIM_END_RESP_START
324 0 2718281628 RESP_END
325 0 2720237368 STIM_START
325 0 2723762772 STIM_END_RESP_START
325 0 2723770696 LICK
325 0 2723771236 TIMEOUT_START
325 0 2723897132 LICK
325 0 2723897668 TIMEOUT_START
325 0 2724087056 LICK
325 0 2724087584 TIMEOUT_START
325 0 2724581440 LICK
325 0 2724581972 TIMEOUT_START
325 0 2724962816 RESP_END
325 0 2731582532 TIMEOUT_END
326 1 2733704492 STIM_START
326 1 2737479904 STIM_END_RESP_START
326 1 2737662884 LICK
326 1 2737663424 REWARD_START
326 1 2737801004 LICK
326 1 2737927784 LICK
326 1 2738039748 LICK
326 1 2738163480 LICK
326 1 2738679940 RESP_END
326 1 2737676504 REWARD_END
327 0 2740771560 STIM_START
327 0 2744547008 STIM_END_RESP_START
327 0 2744574188 LICK
327 0 2744574720 TIMEOUT_START
327 0 2744715308 LICK
327 0 2744715840 TIMEOUT_START
327 0 2744882324 LICK
327 0 2744882856 TIMEOUT_START
327 0 2745268024 LICK
327 0 2745268560 TIMEOUT_START
327 0 2745747044 RESP_END
327 0 2752269112 TIMEOUT_END
328 1 2754334680 STIM_START
328 1 2758110128 STIM_END_RESP_START
328 1 2758306676 LICK
328 1 2758307216 REWARD_START
328 1 2758430868 LICK
328 1 2758563144 LICK
328 1 2758709868 LICK
328 1 2759310160 RESP_END
328 1 2758320296 REWARD_END
329 1 2761233768 STIM_START
329 1 2764241644 LICK
329 1 2764364140 LICK
329 1 2764520776 LICK
329 1 2764891460 LICK
329 1 2765009184 STIM_END_RESP_START
329 1 2765064584 LICK
329 1 2765065116 REWARD_START
329 1 2765249880 LICK
329 1 2765379540 LICK
329 1 2765560880 LICK
329 1 2766209224 RESP_END
329 1 2765078196 REWARD_END
330 1 2768433904 STIM_START
330 1 2768687564 LICK
330 1 2772208784 LICK
330 1 2772350848 LICK
330 1 2772459364 STIM_END_RESP_START
330 1 2772544572 LICK
330 1 2772545104 REWARD_START
330 1 2772716360 LICK
330 1 2772871612 LICK
330 1 2773023348 LICK
330 1 2773659400 RESP_END
330 1 2772558180 REWARD_END
331 0 2775443080 STIM_START
331 0 2778968484 STIM_END_RESP_START
331 0 2779295376 LICK
331 0 2779295912 TIMEOUT_START
331 0 2779420888 LICK
331 0 2779421416 TIMEOUT_START
331 0 2779633328 LICK
331 0 2779633868 TIMEOUT_START
331 0 2780066256 LICK
331 0 2780066788 TIMEOUT_START
331 0 2780168504 RESP_END
331 0 2787067352 TIMEOUT_END
332 0 2789109196 STIM_START
332 0 2792033460 LICK
332 0 2792175492 LICK
332 0 2793134652 STIM_END_RESP_START
332 0 2794334668 RESP_END
333 0 2796168336 STIM_START
333 0 2800193808 STIM_END_RESP_START
333 0 2801393820 RESP_END
334 1 2803313420 STIM_START
334 1 2807088832 STIM_END_RESP_START
334 1 2807272512 LICK
334 1 2807273044 REWARD_START
334 1 2807396148 LICK
334 1 2807519840 LICK
334 1 2807636116 LICK
334 1 2807767164 LICK
334 1 2808288872 RESP_END
334 1 2807286124 REWARD_END
335 1 2810364548 STIM_START
335 1 2813267912 LICK
335 1 2813403256 LICK
335 1 2813639936 STIM_END_RESP_START
335 1 2813777464 LICK
335 1 2813778004 REWARD_START
335 1 2813934712 LICK
335 1 2814087684 LICK
335 1 2814839976 RESP_END
335 1 2813791076 REWARD_END
336 1 2816712552 STIM_START
336 1 2819770780 LICK
336 1 2819882696 LICK
336 1 2820346588 LICK
336 1 2820487980 STIM_END_RESP_START
336 1 2820602272 LICK
336 1 2820602804 REWARD_START
336 1 2820776132 LICK
336 1 2820916164 LICK
336 1 2821060792 LICK
336 1 2821403752 LICK
336 1 2821528232 LICK
336 1 2821688012 RESP_END
336 1 2820615884 REWARD_END
337 0 2823864708 STIM_START
337 0 2827779980 LICK
337 0 2827890184 STIM_END_RESP_START
337 0 2829090200 RESP_END
338 0 2830848772 STIM_START
338 0 2831165728 LICK
338 0 2831294008 LICK
338 0 2834870956 LICK
338 0 2834874244 STIM_END_RESP_START
338 0 2836074292 RESP_END
339 0 2838167948 STIM_START
339 0 2842193404 STIM_END_RESP_START
339 0 2843393420 RESP_END
340 1 2845549144 STIM_START
340 1 2848985180 LICK
340 1 2849132960 LICK
340 1 2849324560 STIM_END_RESP_START
340 1 2849467692 LICK
340 1 2849468224 REWARD_START
340 1 2849626028 LICK
340 1 2849778320 LICK
340 1 2849908040 LICK
340 1 2850524572 RESP_END
340 1 2849481304 REWARD_END
341 1 2852667256 STIM_START
341 1 2856192660 STIM_END_RESP_START
341 1 2856337672 LICK
341 1 2856338204 REWARD_START
341 1 2856458820 LICK
341 1 2856591964 LICK
341 1 2856722480 LICK
341 1 2857392680 RESP_END
341 1 2856351284 REWARD_END
342 1 2859975412 STIM_START
342 1 2862403168 LICK
342 1 2862532060 LICK
342 1 2862698912 LICK
342 1 2862975260 LICK
342 1 2863500812 STIM_END_RESP_START
342 1 2863609684 LICK
342 1 2863610224 REWARD_START
342 1 2863735652 LICK
342 1 2863878156 LICK
342 1 2864026224 LICK
342 1 2864420660 LICK
342 1 2864700828 RESP_END
342 1 2863623288 REWARD_END
343 0 2866593500 STIM_START
343 0 2870002060 LICK
343 0 2870118908 STIM_END_RESP_START
343 0 2870162728 LICK
343 0 2870163260 TIMEOUT_START
343 0 2871318952 RESP_END
343 0 2877163824 TIMEOUT_END
344 0 2879296440 STIM_START
344 0 2883321904 STIM_END_RESP_START
344 0 2884521952 RESP_END
345 1 2886425548 STIM_START
345 1 2889700944 STIM_END_RESP_START
345 1 2889874188 LICK
345 1 2889874728 REWARD_START
345 1 2890003748 LICK
345 1 2890259184 LICK
345 1 2890385120 LICK
345 1 2890900976 RESP_END
345 1 2889887808 REWARD_END
346 0 2893232664 STIM_START
346 0 2896314516 LICK
346 0 2896420484 LICK
346 0 2896508048 STIM_END_RESP_START
346 0 2897708100 RESP_END
347 0 2899598648 STIM_START
347 0 2903164888 LICK
347 0 2903305332 LICK
347 0 2903374068 STIM_END_RESP_START
347 0 2904574084 RESP_END
348 1 2906423756 STIM_START
348 1 2910199172 STIM_END_RESP_START
348 1 2910343060 LICK
348 1 2910343596 REWARD_START
348 1 2910467180 LICK
348 1 2910620188 LICK
348 1 2910717868 LICK
348 1 2911399208 RESP_END
348 1 2910356660 REWARD_END
349 1 2913193772 STIM_START
349 1 2916870876 LICK
349 1 2917007016 LICK
349 1 2917219236 STIM_END_RESP_START
349 1 2917348200 LICK
349 1 2917348740 REWARD_START
349 1 2917502372 LICK
349 1 2917646052 LICK
349 1 2917790632 LICK
349 1 2918419252 RESP_END
349 1 2917361820 REWARD_END
350 0 2920299976 STIM_START
350 0 2923825380 STIM_END_RESP_START
350 0 2925025396 RESP_END
351 1 2927008020 STIM_START
351 1 2930816832 LICK
351 1 2930959460 LICK
351 1 2931033480 STIM_END_RESP_START
351 1 2931137388 LICK
351 1 2931137928 REWARD_START
351 1 2931314148 LICK
351 1 2931446220 LICK
351 1 2931622684 LICK
351 1 2932233508 RESP_END
351 1 2931150992 REWARD_END
352 0 2934049112 STIM_START
352 0 2937324464 STIM_END_RESP_START
352 0 2937744100 LICK
352 0 2937744636 TIMEOUT_START
352 0 2937907776 LICK
352 0 2937908316 TIMEOUT_START
352 0 2938101804 LICK
352 0 2938102336 TIMEOUT_START
352 0 2938524488 RESP_END
352 0 2945102904 TIMEOUT_END
353 0 2946847176 STIM_START
353 0 2950622624 STIM_END_RESP_START
353 0 2951822640 RESP_END
354 0 2953936220 STIM_START
354 0 2957961676 STIM_END_RESP_START
354 0 2959161688 RESP_END
355 1 2961167368 STIM_START
355 1 2964942812 STIM_END_RESP_START
355 1 2965218952 LICK
355 1 2965219492 REWARD_START
355 1 2965346388 LICK
355 1 2965503456 LICK
355 1 2965624636 LICK
355 1 2966142860 RESP_END
355 1 2965232568 REWARD_END
356 1 2968257484 STIM_START
356 1 2972032932 STIM_END_RESP_START
356 1 2972161372 LICK
356 1 2972161904 REWARD_START
356 1 2972287344 LICK
356 1 2972422736 LICK
356 1 2972566160 LICK
356 1 2973232948 RESP_END
356 1 2972174980 REWARD_END
357 1 2975460664 STIM_START
357 1 2978153568 LICK
357 1 2978278848 LICK
357 1 2978466500 LICK
357 1 2978829128 LICK
357 1 2978983868 LICK
357 1 2979486132 STIM_END_RESP_START
357 1 2979594568 LICK
357 1 2979595100 REWARD_START
357 1 2979728072 LICK
357 1 2979880820 LICK
357 1 2980047396 LICK
357 1 2980686172 RESP_END
357 1 2979608180 REWARD_END
358 0 2982836824 STIM_START
358 0 2985547428 LICK
358 0 2986612260 STIM_END_RESP_START
358 0 2987251836 LICK
358 0 2987252368 TIMEOUT_START
358 0 2987401404 LICK
358 0 2987401940 TIMEOUT_START
358 0 2987812276 RESP_END
358 0 2994402504 TIMEOUT_END
359 0 2996334936 STIM_START
359 0 3000110388 STIM_END_RESP_START
359 0 3000641072 LICK
359 0 3000641612 TIMEOUT_START
359 0 3000766756 LICK
359 0 3000767288 TIMEOUT_START
359 0 3000952620 LICK
359 0 3000953156 TIMEOUT_START
359 0 3001310404 RESP_END
359 0 3007953708 TIMEOUT_END
360 1 3009757056 STIM_START
360 1 3013032452 STIM_END_RESP_START
360 1 3013183136 LICK
360 1 3013183676 REWARD_START
360 1 3013316288 LICK
360 1 3013437792 LICK
360 1 3013579612 LICK
360 1 3014232464 RESP_END
360 1 3013196752 REWARD_END
361 0 3016459184 STIM_START
361 0 3019267664 LICK
361 0 3019390728 LICK
361 0 3019593872 LICK
361 0 3019790448 LICK
361 0 3020028836 LICK
361 0 3020234604 STIM_END_RESP_START
361 0 3020244852 LICK
361 0 3020245400 TIMEOUT_START
361 0 3020874892 LICK
361 0 3020875424 TIMEOUT_START
361 0 3021434632 RESP_END
361 0 3027875992 TIMEOUT_END
362 0 3030012356 STIM_START
362 0 3033787772 STIM_END_RESP_START
362 0 3034987788 RESP_END
363 1 3037027396 STIM_START
363 1 3037636644 LICK
363 1 3037793704 LICK
363 1 3038580220 LICK
363 1 3041052836 STIM_END_RESP_START
363 1 3041224624 LICK
363 1 3041225164 REWARD_START
363 1 3041373032 LICK
363 1 3041531436 LICK
363 1 3041662656 LICK
363 1 3042252876 RESP_END
363 1 3041238224 REWARD_END
364 0 3044039492 STIM_START
364 0 3047060792 LICK
364 0 3047176812 LICK
364 0 3047343180 LICK
364 0 3047564908 STIM_END_RESP_START
364 0 3047828288 LICK
364 0 3047828828 TIMEOUT_START
364 0 3048001176 LICK
364 0 3048001712 TIMEOUT_START
364 0 3048659356 LICK
364 0 3048659888 TIMEOUT_START
364 0 3048764928 RESP_END
364 0 3055660448 TIMEOUT_END
365 0 3057885800 STIM_START
365 0 3061911256 STIM_END_RESP_START
365 0 3063111276 RESP_END
366 0 3064954800 STIM_START
366 0 3068730252 STIM_END_RESP_START
366 0 3069930268 RESP_END
367 1 3071919860 STIM_START
367 1 3075195224 STIM_END_RESP_START
367 1 3075382464 LICK
367 1 3075382996 REWARD_START
367 1 3075508592 LICK
367 1 3075653292 LICK
367 1 3075781180 LICK
367 1 3075925596 LICK
367 1 3076395244 RESP_END
367 1 3075396076 REWARD_END
368 0 3078313912 STIM_START
368 0 3081027168 LICK
368 0 3081151548 LICK
368 0 3081303732 LICK
368 0 3081746256 LICK
368 0 3081839324 STIM_END_RESP_START
368 0 3082679668 LICK
368 0 3082680200 TIMEOUT_START
368 0 3082844460 LICK
368 0 3082844992 TIMEOUT_START
368 0 3083039368 RESP_END
368 0 3089845564 TIMEOUT_END
369 1 3091966088 STIM_START
369 1 3093076236 LICK
369 1 3093545068 LICK
369 1 3093685988 LICK
369 1 3093808788 LICK
369 1 3094572992 LICK
369 1 3094792188 LICK
369 1 3094878480 LICK
369 1 3095067796 LICK
369 1 3095241468 STIM_END_RESP_START
369 1 3095471436 LICK
369 1 3095471972 REWARD_START
369 1 3095601708 LICK
369 1 3096155648 LICK
369 1 3096441500 RESP_END
369 1 3095485052 REWARD_END
370 0 3100017372 STIM_START
370 0 3103292768 STIM_END_RESP_START
370 0 3104492788 RESP_END
371 0 3106602320 STIM_START
371 0 3109877712 STIM_END_RESP_START
371 0 3111077728 RESP_END
372 0 3113163364 STIM_START
372 0 3116438724 STIM_END_RESP_START
372 0 3117638740 RESP_END
373 1 3119665392 STIM_START
373 1 3122940784 STIM_END_RESP_START
373 1 3124140804 RESP_END
374 1 3126339452 STIM_START
374 1 3130364912 STIM_END_RESP_START
374 1 3131564928 RESP_END
375 0 3133397580 STIM_START
375 0 3137173036 STIM_END_RESP_START
375 0 3138373052 RESP_END
376 0 3140435676 STIM_START
376 0 3144211128 STIM_END_RESP_START
376 0 3145411144 RESP_END
377 1 3147347820 STIM_START
377 1 3150873224 STIM_END_RESP_START
377 1 3152073244 RESP_END
378 1 3154048900 STIM_START
378 1 3157824312 STIM_END_RESP_START
378 1 3159024328 RESP_END
379 1 3161234040 STIM_START
379 1 3165009452 STIM_END_RESP_START
379 1 3166209472 RESP_END
380 0 3168097056 STIM_START
380 0 3171872468 STIM_END_RESP_START
380 0 3173072488 RESP_END
381 0 3174821172 STIM_START
381 0 3178096560 STIM_END_RESP_START
381 0 3179296580 RESP_END
382 1 3181435228 STIM_START
382 1 3184960632 STIM_END_RESP_START
382 1 3186160688 RESP_END
383 0 3188205232 STIM_START
383 0 3191480632 STIM_END_RESP_START
383 0 3192680648 RESP_END
384 0 3194553300 STIM_START
384 0 3198078704 STIM_END_RESP_START
384 0 3199278724 RESP_END
385 1 3201117304 STIM_START
385 1 3205142760 STIM_END_RESP_START
385 1 3206342776 RESP_END
386 0 3208533516 STIM_START
386 0 3212308968 STIM_END_RESP_START
386 0 3213508980 RESP_END
387 0 3215365552 STIM_START
387 0 3219391008 STIM_END_RESP_START
387 0 3220591028 RESP_END
388 1 3222780748 STIM_START
388 1 3226306156 STIM_END_RESP_START
388 1 3227506172 RESP_END
389 0 3229641820 STIM_START
389 0 3233417268 STIM_END_RESP_START
389 0 3234617316 RESP_END
USER_EXIT