001 1 0005385720 STIM_START
001 1 0008661104 STIM_END_RESP_START
001 1 0009042356 LICK
001 1 0009042744 REWARD_START
001 1 0009204752 LICK
001 1 0009399252 LICK
001 1 0009567200 LICK
001 1 0009861152 RESP_END
001 1 0009055672 REWARD_END
002 0 0012032812 STIM_START
002 0 0012394464 LICK
002 0 0012589104 LICK
002 0 0012824048 LICK
002 0 0015308216 STIM_END_RESP_START
002 0 0016144560 LICK
002 0 0016144996 TIMEOUT_START
002 0 0016322752 LICK
002 0 0016323188 TIMEOUT_START
002 0 0016508256 RESP_END
002 0 0023323660 TIMEOUT_END
003 1 0025227000 STIM_START
003 1 0029252460 STIM_END_RESP_START
003 1 0029462104 LICK
003 1 0029462548 REWARD_START
003 1 0029616916 LICK
003 1 0029826672 LICK
003 1 0029989056 LICK
003 1 0030178444 LICK
003 1 0030452484 RESP_END
003 1 0029475516 REWARD_END
004 0 0034190456 STIM_START
004 0 0037965912 STIM_END_RESP_START
004 0 0039165964 RESP_END
005 1 0041105540 STIM_START
005 1 0043803800 LICK
005 1 0043963760 LICK
005 1 0044151700 LICK
005 1 0044880976 STIM_END_RESP_START
005 1 0045093164 LICK
005 1 0045093600 REWARD_START
005 1 0045225616 LICK
005 1 0045375628 LICK
005 1 0045553516 LICK
005 1 0046080992 RESP_END
005 1 0045106572 REWARD_END
006 1 0051264196 STIM_START
006 1 0054539592 STIM_END_RESP_START
006 1 0054728080 LICK
006 1 0054728516 REWARD_START
006 1 0054902056 LICK
006 1 0055089092 LICK
006 1 0055250512 LICK
006 1 0055739612 RESP_END
006 1 0054741492 REWARD_END
007 1 0059281472 STIM_START
007 1 0059412264 LICK
007 1 0060730964 LICK
007 1 0061633692 LICK
007 1 0061812864 LICK
007 1 0061980700 LICK
007 1 0062556844 STIM_END_RESP_START
007 1 0062765936 LICK
007 1 0062766380 REWARD_START
007 1 0062881456 LICK
007 1 0063028428 LICK
007 1 0063204756 LICK
007 1 0063379740 LICK
007 1 0063756872 RESP_END
007 1 0062779352 REWARD_END
008 0 0065638484 STIM_START
008 0 0065698700 LICK
008 0 0065856352 LICK
008 0 0066054912 LICK
008 0 0067201632 LICK
008 0 0067365004 LICK
008 0 0069663948 STIM_END_RESP_START
008 0 0069700968 LICK
008 0 0069701404 TIMEOUT_START
008 0 0070863964 RESP_END
008 0 0076701872 TIMEOUT_END
009 1 0078815612 STIM_START
009 1 0082091012 STIM_END_RESP_START
009 1 0083291024 RESP_END
010 1 0085445748 STIM_START
010 1 0088897500 LICK
010 1 0088971160 STIM_END_RESP_START
010 1 0089073944 LICK
010 1 0089074380 REWARD_START
010 1 0089256416 LICK
010 1 0089472036 LICK
010 1 0089599772 LICK
010 1 0090171184 RESP_END
010 1 0089087360 REWARD_END
011 0 0095563336 STIM_START
011 0 0098104460 LICK
011 0 0098243396 LICK
011 0 0098436156 LICK
011 0 0098628236 LICK
011 0 0099338768 STIM_END_RESP_START
011 0 0100538788 RESP_END
012 0 0102368492 STIM_START
012 0 0106143924 STIM_END_RESP_START
012 0 0107343960 RESP_END
013 0 0109292612 STIM_START
013 0 0112705076 LICK
013 0 0112864720 LICK
013 0 0113044152 LICK
013 0 0113068080 STIM_END_RESP_START
013 0 0114268104 RESP_END
014 1 0116160732 STIM_START
014 1 0119936164 STIM_END_RESP_START
014 1 0120313056 LICK
014 1 0120313540 REWARD_START
014 1 0120492824 LICK
014 1 0120694152 LICK
014 1 0120877512 LICK
014 1 0121031696 LICK
014 1 0121136208 RESP_END
014 1 0120326564 REWARD_END
015 0 0123198864 STIM_START
015 0 0123523396 LICK
015 0 0126474280 STIM_END_RESP_START
015 0 0127674304 RESP_END
016 0 0131905232 STIM_START
016 0 0135163468 LICK
016 0 0135314320 LICK
016 0 0135430648 STIM_END_RESP_START
016 0 0135525444 LICK
016 0 0135525928 TIMEOUT_START
016 0 0136301844 LICK
016 0 0136302328 TIMEOUT_START
016 0 0136630668 RESP_END
016 0 0143302832 TIMEOUT_END
017 1 0145135428 STIM_START
017 1 0146469228 LICK
017 1 0146639000 LICK
017 1 0148910892 STIM_END_RESP_START
017 1 0150110924 RESP_END
018 1 0152104564 STIM_START
018 1 0155379944 STIM_END_RESP_START
018 1 0155484360 LICK
018 1 0155484844 REWARD_START
018 1 0155629584 LICK
018 1 0155801220 LICK
018 1 0155967100 LICK
018 1 0156160060 LICK
018 1 0156579972 RESP_END
018 1 0155497868 REWARD_END
019 1 0159681760 STIM_START
019 1 0161518896 LICK
019 1 0161702368 LICK
019 1 0161884308 LICK
019 1 0162856828 LICK
019 1 0163037684 LICK
019 1 0163280064 LICK
019 1 0163457192 STIM_END_RESP_START
019 1 0163673340 LICK
019 1 0163673828 REWARD_START
019 1 0163860832 LICK
019 1 0164032844 LICK
019 1 0164657240 RESP_END
019 1 0163686852 REWARD_END
020 0 0167835084 STIM_START
020 0 0170145752 LICK
020 0 0170345584 LICK
020 0 0171109736 LICK
020 0 0171294532 LICK
020 0 0171549992 LICK
020 0 0171610532 STIM_END_RESP_START
020 0 0172810568 RESP_END
021 1 0175595312 STIM_START
021 1 0179620792 STIM_END_RESP_START
021 1 0179826560 LICK
021 1 0179827052 REWARD_START
021 1 0179992628 LICK
021 1 0180189216 LICK
021 1 0180332720 LICK
021 1 0180820808 RESP_END
021 1 0179840056 REWARD_END
022 1 0184337736 STIM_START
022 1 0186609008 LICK
022 1 0188363228 STIM_END_RESP_START
022 1 0188465884 LICK
022 1 0188466376 REWARD_START
022 1 0188625516 LICK
022 1 0188805444 LICK
022 1 0189006872 LICK
022 1 0189563260 RESP_END
022 1 0188479392 REWARD_END
023 0 0194936528 STIM_START
023 0 0196886376 LICK
023 0 0198211912 STIM_END_RESP_START
023 0 0199246524 LICK
023 0 0199247016 TIMEOUT_START
023 0 0199411932 RESP_END
023 0 0206247520 TIMEOUT_END
024 1 0208043556 STIM_START
024 1 0211651692 LICK
024 1 0211803860 LICK
024 1 0211819020 STIM_END_RESP_START
024 1 0212010256 LICK
024 1 0212010736 REWARD_START
024 1 0212205748 LICK
024 1 0212550564 LICK
024 1 0212698324 LICK
024 1 0212889308 LICK
024 1 0213019048 RESP_END
024 1 0212023756 REWARD_END
025 0 0216997072 STIM_START
025 0 0219895392 LICK
025 0 0220025764 LICK
025 0 0220212972 LICK
025 0 0220272468 STIM_END_RESP_START
025 0 0221055280 LICK
025 0 0221055768 TIMEOUT_START
025 0 0221244048 LICK
025 0 0221244536 TIMEOUT_START
025 0 0221472492 RESP_END
025 0 0228245036 TIMEOUT_END
026 0 0231596444 STIM_START
026 0 0233860888 LICK
026 0 0234165952 LICK
026 0 0235371892 STIM_END_RESP_START
026 0 0235803224 LICK
026 0 0235803716 TIMEOUT_START
026 0 0236119068 LICK
026 0 0236119552 TIMEOUT_START
026 0 0236571932 RESP_END
026 0 0243120052 TIMEOUT_END
027 1 0246395796 STIM_START
027 1 0249671176 STIM_END_RESP_START
027 1 0250871212 RESP_END
028 1 0252789824 STIM_START
028 1 0255324496 LICK
028 1 0255454012 LICK
028 1 0255678320 LICK
028 1 0256815296 STIM_END_RESP_START
028 1 0256844208 LICK
028 1 0256844692 REWARD_START
028 1 0257005024 LICK
028 1 0257174768 LICK
028 1 0257339424 LICK
028 1 0258015320 RESP_END
028 1 0256857712 REWARD_END
029 0 0261754312 STIM_START
029 0 0261872112 LICK
029 0 0265529744 STIM_END_RESP_START
029 0 0266729776 RESP_END
030 0 0268492372 STIM_START
030 0 0271706976 LICK
030 0 0272517872 STIM_END_RESP_START
030 0 0273717908 RESP_END
031 0 0275432584 STIM_START
031 0 0278707956 STIM_END_RESP_START
031 0 0279310228 LICK
031 0 0279310716 TIMEOUT_START
031 0 0279907972 RESP_END
031 0 0286311220 TIMEOUT_END
032 1 0288465648 STIM_START
032 1 0291991068 STIM_END_RESP_START
032 1 0293191104 RESP_END
033 1 0296042900 STIM_START
033 1 0299568324 STIM_END_RESP_START
033 1 0300027456 LICK
033 1 0300027948 REWARD_START
033 1 0300238024 LICK
033 1 0300554936 LICK
033 1 0300723228 LICK
033 1 0300768364 RESP_END
033 1 0300040968 REWARD_END
034 1 0302952996 STIM_START
034 1 0303231052 LICK
034 1 0303386092 LICK
034 1 0303537148 LICK
034 1 0304877844 LICK
034 1 0305977524 LICK
034 1 0306162236 LICK
034 1 0306352348 LICK
034 1 0306978468 STIM_END_RESP_START
034 1 0307170588 LICK
034 1 0307171076 REWARD_START
034 1 0307353992 LICK
034 1 0307506528 LICK
034 1 0307687772 LICK
034 1 0308178492 RESP_END
034 1 0307184104 REWARD_END
035 0 0309973152 STIM_START
035 0 0313748584 STIM_END_RESP_START
035 0 0314398308 LICK
035 0 0314398800 TIMEOUT_START
035 0 0314524148 LICK
035 0 0314524636 TIMEOUT_START
035 0 0314734624 LICK
035 0 0314735108 TIMEOUT_START
035 0 0314948624 RESP_END
035 0 0321735612 TIMEOUT_END
036 1 0323515300 STIM_START
036 1 0326790684 STIM_END_RESP_START
036 1 0327248340 LICK
036 1 0327248824 REWARD_START
036 1 0327408164 LICK
036 1 0327595552 LICK
036 1 0327758656 LICK
036 1 0327990720 RESP_END
036 1 0327261848 REWARD_END
037 0 0329828328 STIM_START
037 0 0330004608 LICK
037 0 0330153880 LICK
037 0 0330372136 LICK
037 0 0333103732 STIM_END_RESP_START
037 0 0334037720 LICK
037 0 0334038212 TIMEOUT_START
037 0 0334184264 LICK
037 0 0334184756 TIMEOUT_START
037 0 0334303752 RESP_END
037 0 0341185260 TIMEOUT_END
038 0 0343396560 STIM_START
038 0 0344822448 LICK
038 0 0344982504 LICK
038 0 0345154816 LICK
038 0 0345387564 LICK
038 0 0345625956 LICK
038 0 0346503908 LICK
038 0 0346671940 STIM_END_RESP_START
038 0 0346713392 LICK
038 0 0346713876 TIMEOUT_START
038 0 0347665532 LICK
038 0 0347666016 TIMEOUT_START
038 0 0347871988 RESP_END
038 0 0354666532 TIMEOUT_END
039 1 0356766716 STIM_START
039 1 0360542152 STIM_END_RESP_START
039 1 0360808668 LICK
039 1 0360809152 REWARD_START
039 1 0360983404 LICK
039 1 0361178916 LICK
039 1 0361341676 LICK
039 1 0361742172 RESP_END
039 1 0360822172 REWARD_END
040 0 0366135208 STIM_START
040 0 0368296500 LICK
040 0 0368490232 LICK
040 0 0369622284 LICK
040 0 0369810520 LICK
040 0 0369910656 STIM_END_RESP_START
040 0 0371110692 RESP_END
041 0 0373250420 STIM_START
041 0 0376133156 LICK
041 0 0376299924 LICK
041 0 0376504244 LICK
041 0 0376525812 STIM_END_RESP_START
041 0 0376751352 LICK
041 0 0376751840 TIMEOUT_START
041 0 0377725840 RESP_END
041 0 0383752344 TIMEOUT_END
042 0 0385694388 STIM_START
042 0 0389219812 STIM_END_RESP_START
042 0 0390419848 RESP_END
043 1 0392335484 STIM_START
043 1 0395860904 STIM_END_RESP_START
043 1 0396229000 LICK
043 1 0396229484 REWARD_START
043 1 0396432068 LICK
043 1 0396702472 LICK
043 1 0396870156 LICK
043 1 0397039880 LICK
043 1 0397060944 RESP_END
043 1 0396242508 REWARD_END
044 0 0399304624 STIM_START
044 0 0403229324 LICK
044 0 0403330092 STIM_END_RESP_START
044 0 0403363808 LICK
044 0 0403364300 TIMEOUT_START
044 0 0403584612 LICK
044 0 0403585104 TIMEOUT_START
044 0 0404530112 RESP_END
044 0 0410585608 TIMEOUT_END
045 0 0412384748 STIM_START
045 0 0414720900 LICK
045 0 0414885532 LICK
045 0 0415794728 LICK
045 0 0415910176 STIM_END_RESP_START
045 0 0415986244 LICK
045 0 0415986736 TIMEOUT_START
045 0 0417110200 RESP_END
045 0 0422987240 TIMEOUT_END
046 1 0424978764 STIM_START
046 1 0428254136 STIM_END_RESP_START
046 1 0429454172 RESP_END
047 1 0431336840 STIM_START
047 1 0434862264 STIM_END_RESP_START
047 1 0435205040 LICK
047 1 0435205528 REWARD_START
047 1 0435510688 LICK
047 1 0435707672 LICK
047 1 0435921752 LICK
047 1 0436062292 RESP_END
047 1 0435218532 REWARD_END
048 0 0439208084 STIM_START
048 0 0443233560 STIM_END_RESP_START
048 0 0444433592 RESP_END
049 1 0446174232 STIM_START
049 1 0449949660 STIM_END_RESP_START
049 1 0450154828 LICK
049 1 0450155316 REWARD_START
049 1 0450311580 LICK
049 1 0450511188 LICK
049 1 0450662948 LICK
049 1 0450844192 LICK
049 1 0451149700 RESP_END
049 1 0450168340 REWARD_END
050 0 0452962292 STIM_START
050 0 0456408296 LICK
050 0 0456589852 LICK
050 0 0456737732 STIM_END_RESP_START
050 0 0457937764 RESP_END
051 0 0459713444 STIM_START
051 0 0461838412 LICK
051 0 0462016724 LICK
051 0 0463065208 LICK
051 0 0463238848 STIM_END_RESP_START
051 0 0464086524 LICK
051 0 0464087008 TIMEOUT_START
051 0 0464438872 RESP_END
051 0 0471087512 TIMEOUT_END
052 1 0472829544 STIM_START
052 1 0476604980 STIM_END_RESP_START
052 1 0476807276 LICK
052 1 0476807760 REWARD_START
052 1 0476972316 LICK
052 1 0477152952 LICK
052 1 0477450684 LICK
052 1 0477614016 LICK
052 1 0477802120 LICK
052 1 0477804992 RESP_END
052 1 0476820784 REWARD_END
053 0 0481121872 STIM_START
053 0 0484604724 LICK
053 0 0484757232 LICK
053 0 0484897344 STIM_END_RESP_START
053 0 0484957376 LICK
053 0 0484957864 TIMEOUT_START
053 0 0485602244 LICK
053 0 0485602732 TIMEOUT_START
053 0 0485788136 LICK
053 0 0485788620 TIMEOUT_START
053 0 0486097352 RESP_END
053 0 0492789124 TIMEOUT_END
054 1 0494841120 STIM_START
054 1 0496029880 LICK
054 1 0496200532 LICK
054 1 0496421644 LICK
054 1 0498116500 STIM_END_RESP_START
054 1 0498328776 LICK
054 1 0498329260 REWARD_START
054 1 0498498956 LICK
054 1 0498698456 LICK
054 1 0498999724 LICK
054 1 0499146660 LICK
054 1 0499316528 RESP_END
054 1 0498342284 REWARD_END
055 0 0501187196 STIM_START
055 0 0501201548 LICK
055 0 0501332248 LICK
055 0 0504962656 STIM_END_RESP_START
055 0 0506162692 RESP_END
056 0 0508143296 STIM_START
056 0 0510134764 LICK
056 0 0510326420 LICK
056 0 0510982668 LICK
056 0 0511175632 LICK
056 0 0511961672 LICK
056 0 0512168780 STIM_END_RESP_START
056 0 0512171968 LICK
056 0 0512172456 TIMEOUT_START
056 0 0513368816 RESP_END
056 0 0519172952 TIMEOUT_END
057 1 0521124388 STIM_START
057 1 0523246736 LICK
057 1 0523450844 LICK
057 1 0524112564 LICK
057 1 0524317932 LICK
057 1 0524399768 STIM_END_RESP_START
057 1 0524602184 LICK
057 1 0524602672 REWARD_START
057 1 0524828644 LICK
057 1 0525166580 LICK
057 1 0525311512 LICK
057 1 0525473768 LICK
057 1 0525599792 RESP_END
057 1 0524615696 REWARD_END
058 0 0527777492 STIM_START
058 0 0530307616 LICK
058 0 0530459936 LICK
058 0 0531164256 LICK
058 0 0531321308 LICK
058 0 0531552940 STIM_END_RESP_START
058 0 0532140156 LICK
058 0 0532140640 TIMEOUT_START
058 0 0532752988 RESP_END
058 0 0539141160 TIMEOUT_END
059 0 0541143660 STIM_START
059 0 0544632216 LICK
059 0 0544834772 LICK
059 0 0544919108 STIM_END_RESP_START
059 0 0546119156 RESP_END
060 0 0548163764 STIM_START
060 0 0551689184 STIM_END_RESP_START
060 0 0552889220 RESP_END
061 1 0554858860 STIM_START
061 1 0558634296 STIM_END_RESP_START
061 1 0558869240 LICK
061 1 0558869728 REWARD_START
061 1 0559011576 LICK
061 1 0559201344 LICK
061 1 0559527972 LICK
061 1 0559657780 LICK
061 1 0559834308 RESP_END
061 1 0558882748 REWARD_END
062 1 0561716996 STIM_START
062 1 0565242424 STIM_END_RESP_START
062 1 0565504048 LICK
062 1 0565504532 REWARD_START
062 1 0565632056 LICK
062 1 0565791052 LICK
062 1 0565933000 LICK
062 1 0566105356 LICK
062 1 0566442464 RESP_END
062 1 0565517536 REWARD_END
063 1 0569269200 STIM_START
063 1 0573294688 STIM_END_RESP_START
063 1 0573526440 LICK
063 1 0573526924 REWARD_START
063 1 0573648064 LICK
063 1 0573793248 LICK
063 1 0573954408 LICK
063 1 0574108072 LICK
063 1 0574494712 RESP_END
063 1 0573539948 REWARD_END
064 0 0577338508 STIM_START
064 0 0579889892 LICK
064 0 0580068060 LICK
064 0 0580687008 LICK
064 0 0580863908 STIM_END_RESP_START
064 0 0580889028 LICK
064 0 0580889512 TIMEOUT_START
064 0 0582063948 RESP_END
064 0 0587890020 TIMEOUT_END
065 0 0589982548 STIM_START
065 0 0593507972 STIM_END_RESP_START
065 0 0593694040 LICK
065 0 0593694524 TIMEOUT_START
065 0 0593864724 LICK
065 0 0593865208 TIMEOUT_START
065 0 0594133528 LICK
065 0 0594134012 TIMEOUT_START
065 0 0594707992 RESP_END
065 0 0601134520 TIMEOUT_END
066 1 0603160684 STIM_START
066 1 0605495256 LICK
066 1 0606936120 STIM_END_RESP_START
066 1 0607001172 LICK
066 1 0607001664 REWARD_START
066 1 0607220660 LICK
066 1 0607400556 LICK
066 1 0607713684 LICK
066 1 0607884336 LICK
066 1 0608136132 RESP_END
066 1 0607014684 REWARD_END
067 0 0610301940 STIM_START
067 0 0613787796 LICK
067 0 0613827372 STIM_END_RESP_START
067 0 0613917740 LICK
067 0 0613918228 TIMEOUT_START
067 0 0615027388 RESP_END
067 0 0620918728 TIMEOUT_END
068 1 0623043900 STIM_START
068 1 0626569324 STIM_END_RESP_START
068 1 0626809796 LICK
068 1 0626810288 REWARD_START
068 1 0627017588 LICK
068 1 0627170656 LICK
068 1 0627769380 RESP_END
068 1 0626823312 REWARD_END
069 1 0630766184 STIM_START
069 1 0633443776 LICK
069 1 0633583744 LICK
069 1 0634041556 STIM_END_RESP_START
069 1 0634178460 LICK
069 1 0634178952 REWARD_START
069 1 0634347984 LICK
069 1 0634506680 LICK
069 1 0635241580 RESP_END
069 1 0634191960 REWARD_END
070 0 0638106372 STIM_START
070 0 0641170648 LICK
070 0 0641631804 STIM_END_RESP_START
070 0 0642053816 LICK
070 0 0642054304 TIMEOUT_START
070 0 0642247064 LICK
070 0 0642247552 TIMEOUT_START
070 0 0642831844 RESP_END
070 0 0649248056 TIMEOUT_END
071 0 0651110476 STIM_START
071 0 0654385848 STIM_END_RESP_START
071 0 0654597096 LICK
071 0 0654597588 TIMEOUT_START
071 0 0655585880 RESP_END
071 0 0661598092 TIMEOUT_END
072 0 0663370484 STIM_START
072 0 0666895912 STIM_END_RESP_START
072 0 0668095944 RESP_END
073 1 0670117564 STIM_START
073 1 0673892996 STIM_END_RESP_START
073 1 0674095068 LICK
073 1 0674095556 REWARD_START
073 1 0674228252 LICK
073 1 0674423540 LICK
073 1 0674687252 LICK
073 1 0674862052 LICK
073 1 0675093016 RESP_END
073 1 0674108580 REWARD_END
074 1 0677217676 STIM_START
074 1 0679895032 LICK
074 1 0680047456 LICK
074 1 0680743112 STIM_END_RESP_START
074 1 0680901984 LICK
074 1 0680902472 REWARD_START
074 1 0681054424 LICK
074 1 0681232524 LICK
074 1 0681418000 LICK
074 1 0681943148 RESP_END
074 1 0680915492 REWARD_END
075 0 0685026976 STIM_START
075 0 0688455580 LICK
075 0 0688634896 LICK
075 0 0688802420 STIM_END_RESP_START
075 0 0689250724 LICK
075 0 0689251208 TIMEOUT_START
075 0 0689430932 LICK
075 0 0689431416 TIMEOUT_START
075 0 0690002448 RESP_END
075 0 0696431920 TIMEOUT_END
076 0 0698519164 STIM_START
076 0 0701984712 LICK
076 0 0702044580 STIM_END_RESP_START
076 0 0702222576 LICK
076 0 0702223060 TIMEOUT_START
076 0 0702407756 LICK
076 0 0702408240 TIMEOUT_START
076 0 0703244604 RESP_END
076 0 0709408748 TIMEOUT_END
077 0 0711156216 STIM_START
077 0 0714046032 LICK
077 0 0714431612 STIM_END_RESP_START
077 0 0715631644 RESP_END
078 1 0717579284 STIM_START
078 1 0720357664 LICK
078 1 0721096856 LICK
078 1 0721604756 STIM_END_RESP_START
078 1 0721800416 LICK
078 1 0721800904 REWARD_START
078 1 0721959160 LICK
078 1 0722157792 LICK
078 1 0722417684 LICK
078 1 0722548916 LICK
078 1 0722804788 RESP_END
078 1 0721813924 REWARD_END
079 0 0724866432 STIM_START
079 0 0728391856 STIM_END_RESP_START
079 0 0728798748 LICK
079 0 0728799240 TIMEOUT_START
079 0 0729591888 RESP_END
079 0 0735799744 TIMEOUT_END
080 0 0737721524 STIM_START
080 0 0740929488 LICK
080 0 0741051540 LICK
080 0 0741216720 LICK
080 0 0741246928 STIM_END_RESP_START
080 0 0742446948 RESP_END
081 1 0744446604 STIM_START
081 1 0747714572 LICK
081 1 0747934880 LICK
081 1 0747972016 STIM_END_RESP_START
081 1 0748176464 LICK
081 1 0748176948 REWARD_START
081 1 0748381108 LICK
081 1 0748563176 LICK
081 1 0748734400 LICK
081 1 0749172040 RESP_END
081 1 0748189972 REWARD_END
082 0 0750965684 STIM_START
082 0 0751047324 LICK
082 0 0754241092 STIM_END_RESP_START
082 0 0754547792 LICK
082 0 0754548280 TIMEOUT_START
082 0 0754787788 LICK
082 0 0754788276 TIMEOUT_START
082 0 0755441136 RESP_END
082 0 0761788780 TIMEOUT_END
083 0 0763963756 STIM_START
083 0 0766813676 LICK
083 0 0767368324 LICK
083 0 0767563800 LICK
083 0 0767989224 STIM_END_RESP_START
083 0 0768117224 LICK
083 0 0768117708 TIMEOUT_START
083 0 0769189260 RESP_END
083 0 0775118212 TIMEOUT_END
084 1 0776905900 STIM_START
084 1 0780431320 STIM_END_RESP_START
084 1 0780533152 LICK
084 1 0780533640 REWARD_START
084 1 0780736300 LICK
084 1 0780925384 LICK
084 1 0781185524 LICK
084 1 0781381812 LICK
084 1 0781631336 RESP_END
084 1 0780546664 REWARD_END
085 0 0785217180 STIM_START
085 0 0787799756 LICK
085 0 0788742612 STIM_END_RESP_START
085 0 0789238352 LICK
085 0 0789238844 TIMEOUT_START
085 0 0789383232 LICK
085 0 0789383716 TIMEOUT_START
085 0 0789550528 LICK
085 0 0789551012 TIMEOUT_START
085 0 0789942628 RESP_END
085 0 0796551532 TIMEOUT_END
086 0 0798502376 STIM_START
086 0 0801777772 STIM_END_RESP_START
086 0 0802388736 LICK
086 0 0802389228 TIMEOUT_START
086 0 0802596420 LICK
086 0 0802596912 TIMEOUT_START
086 0 0802977812 RESP_END
086 0 0809597416 TIMEOUT_END
087 1 0811736528 STIM_START
087 1 0813876880 LICK
087 1 0814034528 LICK
087 1 0814253564 LICK
087 1 0815113716 LICK
087 1 0815295076 LICK
087 1 0815761996 STIM_END_RESP_START
087 1 0815951920 LICK
087 1 0815952408 REWARD_START
087 1 0816105540 LICK
087 1 0816283028 LICK
087 1 0816411368 LICK
087 1 0816588672 LICK
087 1 0816962024 RESP_END
087 1 0815965432 REWARD_END
088 1 0820503964 STIM_START
088 1 0824029388 STIM_END_RESP_START
088 1 0824059684 LICK
088 1 0824060176 REWARD_START
088 1 0824191128 LICK
088 1 0824344904 LICK
088 1 0824508872 LICK
088 1 0825229404 RESP_END
088 1 0824073192 REWARD_END
089 1 0828052220 STIM_START
089 1 0831327600 STIM_END_RESP_START
089 1 0831664300 LICK
089 1 0831664788 REWARD_START
089 1 0831850200 LICK
089 1 0832006744 LICK
089 1 0832194508 LICK
089 1 0832527628 RESP_END
089 1 0831677812 REWARD_END
090 0 0835953452 STIM_START
090 0 0838308500 LICK
090 0 0838946712 LICK
090 0 0839152064 LICK
090 0 0839796792 LICK
090 0 0839978928 STIM_END_RESP_START
090 0 0839994488 LICK
090 0 0839994972 TIMEOUT_START
090 0 0840187276 LICK
090 0 0840187760 TIMEOUT_START
090 0 0840402584 LICK
090 0 0840403072 TIMEOUT_START
090 0 0841178964 RESP_END
090 0 0847403572 TIMEOUT_END
091 0 0849300656 STIM_START
091 0 0851956780 LICK
091 0 0852343760 LICK
091 0 0852537012 LICK
091 0 0852576044 STIM_END_RESP_START
091 0 0853213156 LICK
091 0 0853213648 TIMEOUT_START
091 0 0853418424 LICK
091 0 0853418908 TIMEOUT_START
091 0 0853776068 RESP_END
091 0 0860419416 TIMEOUT_END
092 1 0862391776 STIM_START
092 1 0865667160 STIM_END_RESP_START
092 1 0866867188 RESP_END
093 0 0869010796 STIM_START
093 0 0871980208 LICK
093 0 0872129428 LICK
093 0 0872731060 LICK
093 0 0873036260 STIM_END_RESP_START
093 0 0874236292 RESP_END
094 0 0876316992 STIM_START
094 0 0878455244 LICK
094 0 0879842420 STIM_END_RESP_START
094 0 0881042456 RESP_END
095 1 0883266084 STIM_START
095 1 0886228668 LICK
095 1 0887291552 STIM_END_RESP_START
095 1 0888491588 RESP_END
096 0 0890607352 STIM_START
096 0 0893882736 STIM_END_RESP_START
096 0 0894560356 LICK
096 0 0894560840 TIMEOUT_START
096 0 0894779760 LICK
096 0 0894780248 TIMEOUT_START
096 0 0895082768 RESP_END
096 0 0901780748 TIMEOUT_END
097 1 0903817440 STIM_START
097 1 0907092816 STIM_END_RESP_START
097 1 0907424996 LICK
097 1 0907425480 REWARD_START
097 1 0907615388 LICK
097 1 0907811860 LICK
097 1 0907982752 LICK
097 1 0908292840 RESP_END
097 1 0907438504 REWARD_END
098 1 0910295532 STIM_START
098 1 0910599436 LICK
098 1 0910795328 LICK
098 1 0913820948 STIM_END_RESP_START
098 1 0914267600 LICK
098 1 0914268088 REWARD_START
098 1 0914452184 LICK
098 1 0914644844 LICK
098 1 0914823768 LICK
098 1 0915020972 RESP_END
098 1 0914281112 REWARD_END
099 1 0918749876 STIM_START
099 1 0922153016 LICK
099 1 0922359816 LICK
099 1 0922775360 STIM_END_RESP_START
099 1 0922950064 LICK
099 1 0922950548 REWARD_START
099 1 0923106152 LICK
099 1 0923276032 LICK
099 1 0923509524 LICK
099 1 0923975404 RESP_END
099 1 0922963572 REWARD_END
100 0 0926602184 STIM_START
100 0 0926663712 LICK
100 0 0930069796 LICK
100 0 0930287388 LICK
100 0 0930627676 STIM_END_RESP_START
100 0 0931827704 RESP_END
101 0 0934030324 STIM_START
101 0 0937805796 STIM_END_RESP_START
101 0 0939005832 RESP_END
102 1 0941096508 STIM_START
102 1 0944871944 STIM_END_RESP_START
102 1 0945292480 LICK
102 1 0945292964 REWARD_START
102 1 0945456960 LICK
102 1 0945648116 LICK
102 1 0945809800 LICK
102 1 0945948236 LICK
102 1 0946071980 RESP_END
102 1 0945305988 REWARD_END
103 0 0948119620 STIM_START
103 0 0948442008 LICK
103 0 0951813424 LICK
103 0 0952145108 STIM_END_RESP_START
103 0 0952366252 LICK
103 0 0952366736 TIMEOUT_START
103 0 0952541288 LICK
103 0 0952541772 TIMEOUT_START
103 0 0953345152 RESP_END
103 0 0959542284 TIMEOUT_END
104 1 0961724852 STIM_START
104 1 0965750332 STIM_END_RESP_START
104 1 0966117344 LICK
104 1 0966117840 REWARD_START
104 1 0966304788 LICK
104 1 0966902280 LICK
104 1 0966950368 RESP_END
104 1 0966130864 REWARD_END
105 1 0969696128 STIM_START
105 1 0973221560 STIM_END_RESP_START
105 1 0973583060 LICK
105 1 0973583556 REWARD_START
105 1 0973733272 LICK
105 1 0973909624 LICK
105 1 0974084076 LICK
105 1 0974421576 RESP_END
105 1 0973596572 REWARD_END
106 0 0977193348 STIM_START
106 0 0980468724 STIM_END_RESP_START
106 0 0980989752 LICK
106 0 0980990248 TIMEOUT_START
106 0 0981149136 LICK
106 0 0981149624 TIMEOUT_START
106 0 0981352932 LICK
106 0 0981353420 TIMEOUT_START
106 0 0981569988 LICK
106 0 0981570476 TIMEOUT_START
106 0 0981668740 RESP_END
106 0 0988570980 TIMEOUT_END
107 0 0990485540 STIM_START
107 0 0992850676 LICK
107 0 0993042516 LICK
107 0 0993574240 LICK
107 0 0993852612 LICK
107 0 0994511012 STIM_END_RESP_START
107 0 0994580280 LICK
107 0 0994580772 TIMEOUT_START
107 0 0994745400 LICK
107 0 0994745888 TIMEOUT_START
107 0 0995711024 RESP_END
107 0 1001746388 TIMEOUT_END
108 0 1003626656 STIM_START
108 0 1007152092 STIM_END_RESP_START
108 0 1008352108 RESP_END
109 1 1010242720 STIM_START
109 1 1014268212 STIM_END_RESP_START
109 1 1014476812 LICK
109 1 1014477344 REWARD_START
109 1 1014618012 LICK
109 1 1014826012 LICK
109 1 1015221264 LICK
109 1 1015383060 LICK
109 1 1015468240 RESP_END
109 1 1014490424 REWARD_END
110 1 1020237384 STIM_START
110 1 1023605988 LICK
110 1 1023731992 LICK
110 1 1023916148 LICK
110 1 1024262872 STIM_END_RESP_START
110 1 1024457096 LICK
110 1 1024457628 REWARD_START
110 1 1024582648 LICK
110 1 1024750208 LICK
110 1 1024910744 LICK
110 1 1025462892 RESP_END
110 1 1024470700 REWARD_END
111 0 1028005592 STIM_START
111 0 1028036972 LICK
111 0 1030482164 LICK
111 0 1031056540 LICK
111 0 1031178400 LICK
111 0 1031820712 LICK
111 0 1032031076 STIM_END_RESP_START
111 0 1032071648 LICK
111 0 1032072176 TIMEOUT_START
111 0 1032291684 LICK
111 0 1032292212 TIMEOUT_START
111 0 1032488224 LICK
111 0 1032488752 TIMEOUT_START
111 0 1033231112 RESP_END
111 0 1039489308 TIMEOUT_END
112 1 1041571808 STIM_START
112 1 1043860756 LICK
112 1 1044020232 LICK
112 1 1044610664 LICK
112 1 1044762248 LICK
112 1 1045521652 LICK
112 1 1045597292 STIM_END_RESP_START
112 1 1045701700 LICK
112 1 1045702236 REWARD_START
112 1 1045893640 LICK
112 1 1046184364 LICK
112 1 1046319600 LICK
112 1 1046508344 LICK
112 1 1046797348 RESP_END
112 1 1045715312 REWARD_END
113 1 1051058296 STIM_START
113 1 1053553260 LICK
113 1 1053745048 LICK
113 1 1054317652 LICK
113 1 1054512004 LICK
113 1 1054583720 STIM_END_RESP_START
113 1 1054761108 LICK
113 1 1054761640 REWARD_START
113 1 1055007172 LICK
113 1 1055162620 LICK
113 1 1055367264 LICK
113 1 1055566100 LICK
113 1 1055699256 LICK
113 1 1055783768 RESP_END
113 1 1054774716 REWARD_END
114 1 1061477004 STIM_START
114 1 1064756216 LICK
114 1 1064904468 LICK
114 1 1065108076 LICK
114 1 1065502476 STIM_END_RESP_START
114 1 1065626656 LICK
114 1 1065627184 REWARD_START
114 1 1065796140 LICK
114 1 1065967116 LICK
114 1 1066129772 LICK
114 1 1066702520 RESP_END
114 1 1065640260 REWARD_END
115 0 1069408316 STIM_START
115 0 1073065484 LICK
115 0 1073252216 LICK
115 0 1073433784 STIM_END_RESP_START
115 0 1073483660 LICK
115 0 1073484196 TIMEOUT_START
115 0 1074633816 RESP_END
115 0 1080484748 TIMEOUT_END
116 0 1082527376 STIM_START
116 0 1082880904 LICK
116 0 1083705536 LICK
116 0 1085396912 LICK
116 0 1085574836 LICK
116 0 1086223100 LICK
116 0 1086552848 STIM_END_RESP_START
116 0 1087752864 RESP_END
117 1 1089878592 STIM_START
117 1 1092914360 LICK
117 1 1093084508 LICK
117 1 1093404012 STIM_END_RESP_START
117 1 1093537940 LICK
117 1 1093538472 REWARD_START
117 1 1093704316 LICK
117 1 1093874748 LICK
117 1 1094130796 LICK
117 1 1094604044 RESP_END
117 1 1093551548 REWARD_END
118 0 1097219800 STIM_START
118 0 1100495196 STIM_END_RESP_START
118 0 1100526548 LICK
118 0 1100527084 TIMEOUT_START
118 0 1100675216 LICK
118 0 1100675748 TIMEOUT_START
118 0 1100860536 LICK
118 0 1100861068 TIMEOUT_START
118 0 1101468768 LICK
118 0 1101469296 TIMEOUT_START
118 0 1101666432 LICK
118 0 1101666960 TIMEOUT_START
118 0 1101695244 RESP_END
118 0 1108667520 TIMEOUT_END
119 1 1110601944 STIM_START
119 1 1113732564 LICK
119 1 1114377408 STIM_END_RESP_START
119 1 1114545352 LICK
119 1 1114545884 REWARD_START
119 1 1114725620 LICK
119 1 1114903704 LICK
119 1 1115169564 LICK
119 1 1115337020 LICK
119 1 1115577452 RESP_END
119 1 1114558960 REWARD_END
120 0 1118822324 STIM_START
120 0 1121592864 LICK
120 0 1121784856 LICK
120 0 1122417656 LICK
120 0 1122597784 STIM_END_RESP_START
120 0 1122609156 LICK
120 0 1122609696 TIMEOUT_START
120 0 1122839752 LICK
120 0 1122840284 TIMEOUT_START
120 0 1123797800 RESP_END
120 0 1129840852 TIMEOUT_END
121 1 1131676368 STIM_START
121 1 1135374392 LICK
121 1 1135701848 STIM_END_RESP_START
121 1 1135855620 LICK
121 1 1135856156 REWARD_START
121 1 1136037132 LICK
121 1 1136229760 LICK
121 1 1136360768 LICK
121 1 1136511560 LICK
121 1 1136901880 RESP_END
121 1 1135869232 REWARD_END
122 1 1140391800 STIM_START
122 1 1143901108 LICK
122 1 1144103488 LICK
122 1 1144417272 STIM_END_RESP_START
122 1 1144560028 LICK
122 1 1144560560 REWARD_START
122 1 1144717268 LICK
122 1 1144890904 LICK
122 1 1145071756 LICK
122 1 1145617316 RESP_END
122 1 1144573640 REWARD_END
123 1 1148075000 STIM_START
123 1 1151256092 LICK
123 1 1151404052 LICK
123 1 1151850432 STIM_END_RESP_START
123 1 1151952576 LICK
123 1 1151953116 REWARD_START
123 1 1152132840 LICK
123 1 1152291824 LICK
123 1 1152466680 LICK
123 1 1153050476 RESP_END
123 1 1151966192 REWARD_END
124 0 1155778280 STIM_START
124 0 1159433260 LICK
124 0 1159604020 LICK
124 0 1159803740 STIM_END_RESP_START
124 0 1161003760 RESP_END
125 0 1163180488 STIM_START
125 0 1166242416 LICK
125 0 1166440312 LICK
125 0 1166946328 LICK
125 0 1167127244 LICK
125 0 1167205972 STIM_END_RESP_START
125 0 1168406004 RESP_END
126 0 1170509676 STIM_START
126 0 1174535176 STIM_END_RESP_START
126 0 1174591604 LICK
126 0 1174592136 TIMEOUT_START
126 0 1175735200 RESP_END
126 0 1181592696 TIMEOUT_END
127 1 1183716780 STIM_START
127 1 1186992180 STIM_END_RESP_START
127 1 1187235664 LICK
127 1 1187236204 REWARD_START
127 1 1187368408 LICK
127 1 1187549816 LICK
127 1 1187751024 LICK
127 1 1187906768 LICK
127 1 1188192204 RESP_END
127 1 1187249264 REWARD_END
128 1 1190743912 STIM_START
128 1 1193984068 LICK
128 1 1194123996 LICK
128 1 1194315544 LICK
128 1 1194519348 STIM_END_RESP_START
128 1 1194723652 LICK
128 1 1194724184 REWARD_START
128 1 1194839212 LICK
128 1 1195026404 LICK
128 1 1195650088 LICK
128 1 1195719360 RESP_END
128 1 1194737260 REWARD_END
129 0 1199695432 STIM_START
129 0 1202970828 STIM_END_RESP_START
129 0 1202996956 LICK
129 0 1202997492 TIMEOUT_START
129 0 1203147884 LICK
129 0 1203148416 TIMEOUT_START
129 0 1203330200 LICK
129 0 1203330732 TIMEOUT_START
129 0 1203934524 LICK
129 0 1203935056 TIMEOUT_START
129 0 1204170860 RESP_END
129 0 1210935616 TIMEOUT_END
130 1 1213027568 STIM_START
130 1 1216184844 LICK
130 1 1216364780 LICK
130 1 1216553000 STIM_END_RESP_START
130 1 1216735684 LICK
130 1 1216736216 REWARD_START
130 1 1216913016 LICK
130 1 1217091572 LICK
130 1 1217753016 RESP_END
130 1 1216749292 REWARD_END
131 0 1220243716 STIM_START
131 0 1224016300 LICK
131 0 1224019156 STIM_END_RESP_START
131 0 1224218824 LICK
131 0 1224219356 TIMEOUT_START
131 0 1225219176 RESP_END
131 0 1231219916 TIMEOUT_END
132 0 1233142792 STIM_START
132 0 1235148724 LICK
132 0 1235594112 LICK
132 0 1235808896 LICK
132 0 1236282552 LICK
132 0 1236506644 LICK
132 0 1236668204 STIM_END_RESP_START
132 0 1236766692 LICK
132 0 1236767232 TIMEOUT_START
132 0 1236991828 LICK
132 0 1236992368 TIMEOUT_START
132 0 1237868236 RESP_END
132 0 1243992916 TIMEOUT_END
133 1 1245871880 STIM_START
133 1 1247684976 LICK
133 1 1247832640 LICK
133 1 1248314292 LICK
133 1 1248519316 LICK
133 1 1249197556 LICK
133 1 1249400848 LICK
133 1 1249647324 STIM_END_RESP_START
133 1 1249829676 LICK
133 1 1249830212 REWARD_START
133 1 1250016156 LICK
133 1 1250179492 LICK
133 1 1250343424 LICK
133 1 1250847340 RESP_END
133 1 1249843276 REWARD_END
134 1 1254088180 STIM_START
134 1 1257422312 LICK
134 1 1257600788 LICK
134 1 1257613600 STIM_END_RESP_START
134 1 1257800052 LICK
134 1 1257800584 REWARD_START
134 1 1258014936 LICK
134 1 1258163880 LICK
134 1 1258813648 RESP_END
134 1 1257813664 REWARD_END
135 0 1261685444 STIM_START
135 0 1265210848 STIM_END_RESP_START
135 0 1265937640 LICK
135 0 1265938172 TIMEOUT_START
135 0 1266094496 LICK
135 0 1266095028 TIMEOUT_START
135 0 1266410872 RESP_END
135 0 1273095596 TIMEOUT_END
136 1 1275013632 STIM_START
136 1 1278289032 STIM_END_RESP_START
136 1 1278654896 LICK
136 1 1278655428 REWARD_START
136 1 1278817892 LICK
136 1 1278983252 LICK
136 1 1279138204 LICK
136 1 1279489056 RESP_END
136 1 1278668508 REWARD_END
137 1 1281986716 STIM_START
137 1 1285762164 STIM_END_RESP_START
137 1 1286127484 LICK
137 1 1286128020 REWARD_START
137 1 1286310968 LICK
137 1 1286498120 LICK
137 1 1286626396 LICK
137 1 1286814792 LICK
137 1 1286962212 RESP_END
137 1 1286141100 REWARD_END
138 0 1288888852 STIM_START
138 0 1292914312 STIM_END_RESP_START
138 0 1293205988 LICK
138 0 1293206520 TIMEOUT_START
138 0 1293368388 LICK
138 0 1293368920 TIMEOUT_START
138 0 1294114336 RESP_END
138 0 1300369484 TIMEOUT_END
139 0 1302374032 STIM_START
139 0 1305649432 STIM_END_RESP_START
139 0 1306849448 RESP_END
140 1 1308938108 STIM_START
140 1 1312713556 STIM_END_RESP_START
140 1 1312902760 LICK
140 1 1312903296 REWARD_START
140 1 1313057580 LICK
140 1 1313348668 LICK
140 1 1313483196 LICK
140 1 1313655292 LICK
140 1 1313913592 RESP_END
140 1 1312916364 REWARD_END
141 1 1315663200 STIM_START
141 1 1315949848 LICK
141 1 1316122812 LICK
141 1 1316748864 LICK
141 1 1316899540 LICK
141 1 1317085696 LICK
141 1 1318938568 STIM_END_RESP_START
141 1 1319109052 LICK
141 1 1319109584 REWARD_START
141 1 1319266900 LICK
141 1 1319421636 LICK
141 1 1319561904 LICK
141 1 1320138588 RESP_END
141 1 1319122660 REWARD_END
142 1 1322976372 STIM_START
142 1 1323600256 LICK
142 1 1323761512 LICK
142 1 1323926640 LICK
142 1 1325276712 LICK
142 1 1326119748 LICK
142 1 1326320384 LICK
142 1 1327001832 STIM_END_RESP_START
142 1 1327141648 LICK
142 1 1327142184 REWARD_START
142 1 1327293196 LICK
142 1 1327434652 LICK
142 1 1327579788 LICK
142 1 1328201880 RESP_END
142 1 1327155244 REWARD_END
143 0 1330977680 STIM_START
143 0 1333869984 LICK
143 0 1334057964 LICK
143 0 1334253088 STIM_END_RESP_START
143 0 1334768020 LICK
143 0 1334768548 TIMEOUT_START
143 0 1334957336 LICK
143 0 1334957868 TIMEOUT_START
143 0 1335453120 RESP_END
143 0 1341958432 TIMEOUT_END
144 0 1344001808 STIM_START
144 0 1347277200 STIM_END_RESP_START
144 0 1348477212 RESP_END
145 1 1350436832 STIM_START
145 1 1354462296 STIM_END_RESP_START
145 1 1354804316 LICK
145 1 1354804848 REWARD_START
145 1 1354998740 LICK
145 1 1355177084 LICK
145 1 1355463936 LICK
145 1 1355634168 LICK
145 1 1355662312 RESP_END
145 1 1354817924 REWARD_END
146 1 1357774056 STIM_START
146 1 1361049452 STIM_END_RESP_START
146 1 1361399132 LICK
146 1 1361399668 REWARD_START
146 1 1361578656 LICK
146 1 1361745500 LICK
146 1 1361914056 LICK
146 1 1362098184 LICK
146 1 1362249476 RESP_END
146 1 1361412748 REWARD_END
147 0 1365516256 STIM_START
147 0 1368780524 LICK
147 0 1368920048 LICK
147 0 1369041672 STIM_END_RESP_START
147 0 1369109996 LICK
147 0 1369110532 TIMEOUT_START
147 0 1369664720 LICK
147 0 1369665248 TIMEOUT_START
147 0 1369850892 LICK
147 0 1369851420 TIMEOUT_START
147 0 1370241708 RESP_END
147 0 1376851988 TIMEOUT_END
148 1 1378658384 STIM_START
148 1 1382183820 STIM_END_RESP_START
148 1 1382292280 LICK
148 1 1382292820 REWARD_START
148 1 1382422592 LICK
148 1 1382597104 LICK
148 1 1382748612 LICK
148 1 1383383836 RESP_END
148 1 1382305884 REWARD_END
149 0 1385675532 STIM_START
149 0 1389200156 LICK
149 0 1389321068 LICK
149 0 1389500160 LICK
149 0 1389701020 STIM_END_RESP_START
149 0 1389731756 LICK
149 0 1389732296 TIMEOUT_START
149 0 1389968968 LICK
149 0 1389969504 TIMEOUT_START
149 0 1390780080 LICK
149 0 1390780620 TIMEOUT_START
149 0 1390901036 RESP_END
149 0 1397781168 TIMEOUT_END
150 0 1399585804 STIM_START
150 0 1402856556 LICK
150 0 1403003304 LICK
150 0 1403211756 LICK
150 0 1403611288 STIM_END_RESP_START
150 0 1403731136 LICK
150 0 1403731668 TIMEOUT_START
150 0 1403932904 LICK
150 0 1403933432 TIMEOUT_START
150 0 1404811328 RESP_END
150 0 1410933996 TIMEOUT_END
151 0 1412897976 STIM_START
151 0 1416923436 STIM_END_RESP_START
151 0 1417107020 LICK
151 0 1417107556 TIMEOUT_START
151 0 1418123448 RESP_END
151 0 1424108108 TIMEOUT_END
152 1 1425999044 STIM_START
152 1 1429148256 LICK
152 1 1429524492 STIM_END_RESP_START
152 1 1429653140 LICK
152 1 1429653680 REWARD_START
152 1 1429849704 LICK
152 1 1430007412 LICK
152 1 1430178844 LICK
152 1 1430724508 RESP_END
152 1 1429666752 REWARD_END
153 1 1433122184 STIM_START
153 1 1436340816 LICK
153 1 1436397596 STIM_END_RESP_START
153 1 1436481800 LICK
153 1 1436482332 REWARD_START
153 1 1436670456 LICK
153 1 1436842800 LICK
153 1 1437447088 LICK
153 1 1437587016 LICK
153 1 1437597624 RESP_END
153 1 1436495408 REWARD_END
154 1 1440631448 STIM_START
154 1 1444092152 LICK
154 1 1444213692 LICK
154 1 1444406900 STIM_END_RESP_START
154 1 1444577056 LICK
154 1 1444577596 REWARD_START
154 1 1444765676 LICK
154 1 1444963512 LICK
154 1 1445109584 LICK
154 1 1445606944 RESP_END
154 1 1444590656 REWARD_END
155 0 1448219712 STIM_START
155 0 1451912628 LICK
155 0 1451995156 STIM_END_RESP_START
155 0 1452053648 LICK
155 0 1452054180 TIMEOUT_START
155 0 1452228884 LICK
155 0 1452229416 TIMEOUT_START
155 0 1453195176 RESP_END
155 0 1459229972 TIMEOUT_END
156 1 1461039760 STIM_START
156 1 1465065260 STIM_END_RESP_START
156 1 1465377760 LICK
156 1 1465378300 REWARD_START
156 1 1465573540 LICK
156 1 1466265284 RESP_END
156 1 1465391380 REWARD_END
157 0 1468325952 STIM_START
157 0 1469224064 LICK
157 0 1469359132 LICK
157 0 1469527256 LICK
157 0 1469679812 LICK
157 0 1469838640 LICK
157 0 1470236592 LICK
157 0 1470398012 LICK
157 0 1470999812 LICK
157 0 1471193776 LICK
157 0 1471703484 LICK
157 0 1471851380 STIM_END_RESP_START
157 0 1471904096 LICK
157 0 1471904628 TIMEOUT_START
157 0 1472120392 LICK
157 0 1472120928 TIMEOUT_START
157 0 1472797884 LICK
157 0 1472798416 TIMEOUT_START
157 0 1473051420 RESP_END
157 0 1479798984 TIMEOUT_END
158 0 1481555092 STIM_START
158 0 1483437756 LICK
158 0 1483630716 LICK
158 0 1484312256 LICK
158 0 1484494260 LICK
158 0 1485256128 LICK
158 0 1485330556 STIM_END_RESP_START
158 0 1485442524 LICK
158 0 1485443056 TIMEOUT_START
158 0 1486530608 RESP_END
158 0 1492443616 TIMEOUT_END
159 1 1494323176 STIM_START
159 1 1497598572 STIM_END_RESP_START
159 1 1497805624 LICK
159 1 1497806160 REWARD_START
159 1 1497939224 LICK
159 1 1498123300 LICK
159 1 1498593948 LICK
159 1 1498720500 LICK
159 1 1498798596 RESP_END
159 1 1497819240 REWARD_END
160 0 1500815192 STIM_START
160 0 1504090588 STIM_END_RESP_START
160 0 1504931864 LICK
160 0 1504932396 TIMEOUT_START
160 0 1505061656 LICK
160 0 1505062196 TIMEOUT_START
160 0 1505263980 LICK
160 0 1505264516 TIMEOUT_START
160 0 1505290608 RESP_END
160 0 1512265084 TIMEOUT_END
161 1 1514315364 STIM_START
161 1 1517802176 LICK
161 1 1517961924 LICK
161 1 1518187172 LICK
161 1 1518340844 STIM_END_RESP_START
161 1 1518466452 LICK
161 1 1518466984 REWARD_START
161 1 1518650472 LICK
161 1 1518987840 LICK
161 1 1519113612 LICK
161 1 1519540888 RESP_END
161 1 1518480064 REWARD_END
162 0 1521877596 STIM_START
162 0 1524325512 LICK
162 0 1524515724 LICK
162 0 1525089556 LICK
162 0 1525279824 LICK
162 0 1525903056 STIM_END_RESP_START
162 0 1526058940 LICK
162 0 1526059476 TIMEOUT_START
162 0 1526226624 LICK
162 0 1526227160 TIMEOUT_START
162 0 1527103072 RESP_END
162 0 1533227716 TIMEOUT_END
163 0 1535375800 STIM_START
163 0 1538901208 STIM_END_RESP_START
163 0 1540101220 RESP_END
164 0 1541825864 STIM_START
164 0 1544810680 LICK
164 0 1545351296 STIM_END_RESP_START
164 0 1545499924 LICK
164 0 1545500456 TIMEOUT_START
164 0 1545702832 LICK
164 0 1545703364 TIMEOUT_START
164 0 1546551320 RESP_END
164 0 1552703924 TIMEOUT_END
165 1 1554667920 STIM_START
165 1 1557817096 LICK
165 1 1558001408 LICK
165 1 1558513184 LICK
165 1 1558693400 STIM_END_RESP_START
165 1 1558710144 LICK
165 1 1558710684 REWARD_START
165 1 1558910604 LICK
165 1 1559072120 LICK
165 1 1559267564 LICK
165 1 1559893420 RESP_END
165 1 1558723764 REWARD_END
166 0 1563195344 STIM_START
166 0 1567137764 LICK
166 0 1567220832 STIM_END_RESP_START
166 0 1567330808 LICK
166 0 1567331344 TIMEOUT_START
166 0 1568420872 RESP_END
166 0 1574331904 TIMEOUT_END
167 0 1576239432 STIM_START
167 0 1579764836 STIM_END_RESP_START
167 0 1580964888 RESP_END
168 0 1582720468 STIM_START
168 0 1586245908 STIM_END_RESP_START
168 0 1587445924 RESP_END
169 1 1589551584 STIM_START
169 1 1593577080 STIM_END_RESP_START
169 1 1593921800 LICK
169 1 1593922332 REWARD_START
169 1 1594118592 LICK
169 1 1594356564 LICK
169 1 1594777124 RESP_END
169 1 1593935412 REWARD_END
170 0 1596541728 STIM_START
170 0 1600317180 STIM_END_RESP_START
170 0 1601517196 RESP_END
171 0 1603387844 STIM_START
171 0 1606663236 STIM_END_RESP_START
171 0 1607863280 RESP_END
172 0 1609984884 STIM_START
172 0 1614010380 STIM_END_RESP_START
172 0 1615210392 RESP_END
173 1 1617000036 STIM_START
173 1 1620525476 STIM_END_RESP_START
173 1 1620917728 LICK
173 1 1620918260 REWARD_START
173 1 1621102724 LICK
173 1 1621328708 LICK
173 1 1621487928 LICK
173 1 1621725504 RESP_END
173 1 1620931340 REWARD_END
174 1 1625399408 STIM_START
174 1 1628674800 STIM_END_RESP_START
174 1 1629033740 LICK
174 1 1629034276 REWARD_START
174 1 1629195940 LICK
174 1 1629358724 LICK
174 1 1629874828 RESP_END
174 1 1629047352 REWARD_END
175 1 1632630592 STIM_START
175 1 1635905988 STIM_END_RESP_START
175 1 1636247056 LICK
175 1 1636247596 REWARD_START
175 1 1636411980 LICK
175 1 1636614604 LICK
175 1 1637106036 RESP_END
175 1 1636260672 REWARD_END
176 0 1640111804 STIM_START
176 0 1643637208 STIM_END_RESP_START
176 0 1644837224 RESP_END
177 0 1646769856 STIM_START
177 0 1650295256 STIM_END_RESP_START
177 0 1651495272 RESP_END
178 1 1653304916 STIM_START
178 1 1656830320 STIM_END_RESP_START
178 1 1657195488 LICK
178 1 1657196028 REWARD_START
178 1 1657358772 LICK
178 1 1657549420 LICK
178 1 1658030364 RESP_END
178 1 1657209108 REWARD_END
179 0 1660471080 STIM_START
179 0 1663746476 STIM_END_RESP_START
179 0 1664946492 RESP_END
180 0 1666899132 STIM_START
180 0 1670674580 STIM_END_RESP_START
180 0 1671874632 RESP_END
181 1 1673937220 STIM_START
181 1 1677462624 STIM_END_RESP_START
181 1 1677729756 LICK
181 1 1677730292 REWARD_START
181 1 1677857180 LICK
181 1 1678015724 LICK
181 1 1678187120 LICK
181 1 1678662644 RESP_END
181 1 1677743368 REWARD_END
182 1 1681145436 STIM_START
182 1 1684650508 LICK
182 1 1684670872 STIM_END_RESP_START
182 1 1684819060 LICK
182 1 1684819592 REWARD_START
182 1 1685017336 LICK
182 1 1685185588 LICK
182 1 1685870892 RESP_END
182 1 1684832668 REWARD_END
183 0 1688248588 STIM_START
183 0 1688317700 LICK
183 0 1691754508 LICK
183 0 1691944008 LICK
183 0 1692024024 STIM_END_RESP_START
183 0 1692144256 LICK
183 0 1692144792 TIMEOUT_START
183 0 1693224044 RESP_END
183 0 1699145336 TIMEOUT_END
184 1 1700952632 STIM_START
184 1 1704728080 STIM_END_RESP_START
184 1 1704935792 LICK
184 1 1704936324 REWARD_START
184 1 1705065860 LICK
184 1 1705228448 LICK
184 1 1705345476 LICK
184 1 1705517848 LICK
184 1 1705928112 RESP_END
184 1 1704949400 REWARD_END
185 1 1708362820 STIM_START
185 1 1708678904 LICK
185 1 1708872240 LICK
185 1 1710203884 LICK
185 1 1710362172 LICK
185 1 1710880196 LICK
185 1 1711516124 LICK
185 1 1711638212 STIM_END_RESP_START
185 1 1711711168 LICK
185 1 1711711708 REWARD_START
185 1 1711910484 LICK
185 1 1712083980 LICK
185 1 1712625724 LICK
185 1 1712808176 LICK
185 1 1712838240 RESP_END
185 1 1711724788 REWARD_END
186 0 1714673896 STIM_START
186 0 1718199304 STIM_END_RESP_START
186 0 1719399316 RESP_END
187 0 1721384976 STIM_START
187 0 1724910372 STIM_END_RESP_START
187 0 1726110384 RESP_END
188 1 1728140072 STIM_START
188 1 1731293376 LICK
188 1 1731915508 STIM_END_RESP_START
188 1 1732037512 LICK
188 1 1732038048 REWARD_START
188 1 1732235452 LICK
188 1 1732376512 LICK
188 1 1732539616 LICK
188 1 1733115528 RESP_END
188 1 1732051128 REWARD_END
189 1 1734875144 STIM_START
189 1 1738140368 LICK
189 1 1738263332 LICK
189 1 1738434436 LICK
189 1 1738615468 LICK
189 1 1738650572 STIM_END_RESP_START
189 1 1738836064 LICK
189 1 1738836596 REWARD_START
189 1 1739031536 LICK
189 1 1739206940 LICK
189 1 1739850604 RESP_END
189 1 1738849676 REWARD_END
190 1 1743251480 STIM_START
190 1 1746460932 LICK
190 1 1746626956 LICK
190 1 1746825252 LICK
190 1 1747026928 STIM_END_RESP_START
190 1 1747178532 LICK
190 1 1747179068 REWARD_START
190 1 1747356888 LICK
190 1 1747533552 LICK
190 1 1748226976 RESP_END
190 1 1747192148 REWARD_END
191 0 1751063712 STIM_START
191 0 1753050436 LICK
191 0 1753210944 LICK
191 0 1753428964 LICK
191 0 1753877748 LICK
191 0 1754062208 LICK
191 0 1754318732 LICK
191 0 1754589112 STIM_END_RESP_START
191 0 1755011380 LICK
191 0 1755011912 TIMEOUT_START
191 0 1755166728 LICK
191 0 1755167260 TIMEOUT_START
191 0 1755789128 RESP_END
191 0 1762167824 TIMEOUT_END
192 0 1764010852 STIM_START
192 0 1767222004 LICK
192 0 1767355288 LICK
192 0 1767536284 STIM_END_RESP_START
192 0 1767620084 LICK
192 0 1767620620 TIMEOUT_START
192 0 1768075820 LICK
192 0 1768076360 TIMEOUT_START
192 0 1768284752 LICK
192 0 1768285288 TIMEOUT_START
192 0 1768736308 RESP_END
192 0 1775285840 TIMEOUT_END
193 0 1777057964 STIM_START
193 0 1780489360 LICK
193 0 1780583396 STIM_END_RESP_START
193 0 1780663400 LICK
193 0 1780663932 TIMEOUT_START
193 0 1780882752 LICK
193 0 1780883284 TIMEOUT_START
193 0 1781077972 LICK
193 0 1781078512 TIMEOUT_START
193 0 1781783416 RESP_END
193 0 1788079072 TIMEOUT_END
194 1 1789810052 STIM_START
194 1 1793085448 STIM_END_RESP_START
194 1 1793314380 LICK
194 1 1793314920 REWARD_START
194 1 1793494100 LICK
194 1 1793663812 LICK
194 1 1793830556 LICK
194 1 1793967184 LICK
194 1 1794125888 LICK
194 1 1794285460 RESP_END
194 1 1793327988 REWARD_END
195 0 1797073204 STIM_START
195 0 1800348596 STIM_END_RESP_START
195 0 1800802292 LICK
195 0 1800802832 TIMEOUT_START
195 0 1801004376 LICK
195 0 1801004912 TIMEOUT_START
195 0 1801548644 RESP_END
195 0 1808005480 TIMEOUT_END
196 0 1809821240 STIM_START
196 0 1811523560 LICK
196 0 1812364120 LICK
196 0 1812858492 LICK
196 0 1813026568 LICK
196 0 1813096644 STIM_END_RESP_START
196 0 1813246564 LICK
196 0 1813247104 TIMEOUT_START
196 0 1813468472 LICK
196 0 1813469004 TIMEOUT_START
196 0 1813691352 LICK
196 0 1813691888 TIMEOUT_START
196 0 1814296660 RESP_END
196 0 1820692444 TIMEOUT_END
197 1 1822615312 STIM_START
197 1 1826140720 STIM_END_RESP_START
197 1 1826529996 LICK
197 1 1826530536 REWARD_START
197 1 1826714224 LICK
197 1 1826882900 LICK
197 1 1827036328 LICK
197 1 1827183016 LICK
197 1 1827340756 RESP_END
197 1 1826543608 REWARD_END
198 0 1829430448 STIM_START
198 0 1833455904 STIM_END_RESP_START
198 0 1834655924 RESP_END
199 1 1836564632 STIM_START
199 1 1839840020 STIM_END_RESP_START
199 1 1840134216 LICK
199 1 1840134748 REWARD_START
199 1 1840322440 LICK
199 1 1840479964 LICK
199 1 1840635664 LICK
199 1 1841040068 RESP_END
199 1 1840147824 REWARD_END
200 0 1843949792 STIM_START
200 0 1847947632 LICK
200 0 1847975260 STIM_END_RESP_START
200 0 1848148332 LICK
200 0 1848148860 TIMEOUT_START
200 0 1848418076 LICK
200 0 1848418612 TIMEOUT_START
200 0 1849175292 RESP_END
200 0 1855419164 TIMEOUT_END
201 0 1857354976 STIM_START
201 0 1861380436 STIM_END_RESP_START
201 0 1862580448 RESP_END
202 0 1864790180 STIM_START
202 0 1868065568 STIM_END_RESP_START
202 0 1869265584 RESP_END
203 1 1871369208 STIM_START
203 1 1875394672 STIM_END_RESP_START
203 1 1875728636 LICK
203 1 1875729172 REWARD_START
203 1 1875900824 LICK
203 1 1876594708 RESP_END
203 1 1875742252 REWARD_END
204 0 1878808464 STIM_START
204 0 1882083864 STIM_END_RESP_START
204 0 1883283876 RESP_END
205 0 1885262452 STIM_START
205 0 1889037900 STIM_END_RESP_START
205 0 1890237916 RESP_END
206 1 1892388676 STIM_START
206 1 1895664076 STIM_END_RESP_START
206 1 1895999768 LICK
206 1 1896000300 REWARD_START
206 1 1896303260 LICK
206 1 1896650680 LICK
206 1 1896797264 LICK
206 1 1896864116 RESP_END
206 1 1896013380 REWARD_END
207 1 1899814940 STIM_START
207 1 1903340340 STIM_END_RESP_START
207 1 1903663308 LICK
207 1 1903663844 REWARD_START
207 1 1903815744 LICK
207 1 1903968764 LICK
207 1 1904138404 LICK
207 1 1904540384 RESP_END
207 1 1903676920 REWARD_END
208 0 1907011000 STIM_START
208 0 1910536404 STIM_END_RESP_START
208 0 1911736420 RESP_END
209 0 1913812096 STIM_START
209 0 1917087488 STIM_END_RESP_START
209 0 1918287504 RESP_END
210 1 1920128124 STIM_START
210 1 1924153580 STIM_END_RESP_START
210 1 1924571556 LICK
210 1 1924572092 REWARD_START
210 1 1924728616 LICK
210 1 1924900608 LICK
210 1 1925055548 LICK
210 1 1925353612 RESP_END
210 1 1924585172 REWARD_END
211 1 1927167268 STIM_START
211 1 1930710276 LICK
211 1 1930890508 LICK
211 1 1930942700 STIM_END_RESP_START
211 1 1931077056 LICK
211 1 1931077592 REWARD_START
211 1 1931275568 LICK
211 1 1931467468 LICK
211 1 1931633748 LICK
211 1 1932142712 RESP_END
211 1 1931090672 REWARD_END
212 1 1936221796 STIM_START
212 1 1939497192 STIM_END_RESP_START
212 1 1939724680 LICK
212 1 1939725212 REWARD_START
212 1 1939894200 LICK
212 1 1940073576 LICK
212 1 1940270644 LICK
212 1 1940697240 RESP_END
212 1 1939738292 REWARD_END
213 0 1943282916 STIM_START
213 0 1945196244 LICK
213 0 1945332648 LICK
213 0 1945508116 LICK
213 0 1946084760 LICK
213 0 1946265804 LICK
213 0 1946808328 STIM_END_RESP_START
213 0 1947487084 LICK
213 0 1947487624 TIMEOUT_START
213 0 1947707144 LICK
213 0 1947707684 TIMEOUT_START
213 0 1948008356 RESP_END
213 0 1954708240 TIMEOUT_END
214 1 1956805124 STIM_START
214 1 1960080520 STIM_END_RESP_START
214 1 1960194372 LICK
214 1 1960194904 REWARD_START
214 1 1960387032 LICK
214 1 1960558972 LICK
214 1 1960703520 LICK
214 1 1961280556 RESP_END
214 1 1960207980 REWARD_END
215 0 1963552172 STIM_START
215 0 1966827568 STIM_END_RESP_START
215 0 1967656576 LICK
215 0 1967657112 TIMEOUT_START
215 0 1967825612 LICK
215 0 1967826148 TIMEOUT_START
215 0 1968027604 RESP_END
215 0 1974826712 TIMEOUT_END
216 0 1976666316 STIM_START
216 0 1979435968 LICK
216 0 1979982776 LICK
216 0 1980162740 LICK
216 0 1980342136 LICK
216 0 1980691808 STIM_END_RESP_START
216 0 1980886288 LICK
216 0 1980886820 TIMEOUT_START
216 0 1981074128 LICK
216 0 1981074668 TIMEOUT_START
216 0 1981891836 RESP_END
216 0 1988075228 TIMEOUT_END
217 1 1990118452 STIM_START
217 1 1992227736 LICK
217 1 1993232140 LICK
217 1 1993893896 STIM_END_RESP_START
217 1 1993909464 LICK
217 1 1993910000 REWARD_START
217 1 1994095892 LICK
217 1 1994270380 LICK
217 1 1994413252 LICK
217 1 1995030572 LICK
217 1 1995093932 RESP_END
217 1 1993923080 REWARD_END
218 1 1997199600 STIM_START
218 1 2000599096 LICK
218 1 2000725044 STIM_END_RESP_START
218 1 2000788952 LICK
218 1 2000789488 REWARD_START
218 1 2000956012 LICK
218 1 2001154976 LICK
218 1 2001333768 LICK
218 1 2001925088 RESP_END
218 1 2000802564 REWARD_END
219 1 2003954752 STIM_START
219 1 2004027092 LICK
219 1 2006434320 LICK
219 1 2006594504 LICK
219 1 2006794492 LICK
219 1 2007026672 LICK
219 1 2007899460 LICK
219 1 2007980240 STIM_END_RESP_START
219 1 2008065356 LICK
219 1 2008065888 REWARD_START
219 1 2008238968 LICK
219 1 2008435772 LICK
219 1 2008606076 LICK
219 1 2009180268 RESP_END
219 1 2008078964 REWARD_END
220 0 2013026180 STIM_START
220 0 2016271956 LICK
220 0 2016465916 LICK
220 0 2016551608 STIM_END_RESP_START
220 0 2017751624 RESP_END
221 1 2019960264 STIM_START
221 1 2021795056 LICK
221 1 2021927600 LICK
221 1 2023735704 STIM_END_RESP_START
221 1 2023905684 LICK
221 1 2023906216 REWARD_START
221 1 2024047264 LICK
221 1 2024198404 LICK
221 1 2024333472 LICK
221 1 2024935720 RESP_END
221 1 2023919296 REWARD_END
222 0 2027366512 STIM_START
222 0 2030641904 STIM_END_RESP_START
222 0 2030844144 LICK
222 0 2030844680 TIMEOUT_START
222 0 2031043936 LICK
222 0 2031044468 TIMEOUT_START
222 0 2031491200 LICK
222 0 2031491736 TIMEOUT_START
222 0 2031689848 LICK
222 0 2031690380 TIMEOUT_START
222 0 2031841932 RESP_END
222 0 2038690944 TIMEOUT_END
223 0 2040625672 STIM_START
223 0 2043371892 LICK
223 0 2043519104 LICK
223 0 2044250696 LICK
223 0 2044401124 STIM_END_RESP_START
223 0 2044440780 LICK
223 0 2044441312 TIMEOUT_START
223 0 2045013036 LICK
223 0 2045013568 TIMEOUT_START
223 0 2045601164 RESP_END
223 0 2052014136 TIMEOUT_END
224 1 2053790748 STIM_START
224 1 2057566188 STIM_END_RESP_START
224 1 2057918128 LICK
224 1 2057918668 REWARD_START
224 1 2058098512 LICK
224 1 2058401968 LICK
224 1 2058551752 LICK
224 1 2058766232 RESP_END
224 1 2057931740 REWARD_END
225 1 2061761024 STIM_START
225 1 2065324828 LICK
225 1 2065457168 LICK
225 1 2065536472 STIM_END_RESP_START
225 1 2065632452 LICK
225 1 2065632984 REWARD_START
225 1 2065827628 LICK
225 1 2066023800 LICK
225 1 2066736516 RESP_END
225 1 2065646060 REWARD_END
226 0 2068641148 STIM_START
226 0 2072166592 STIM_END_RESP_START
226 0 2072398176 LICK
226 0 2072398708 TIMEOUT_START
226 0 2072561936 LICK
226 0 2072562468 TIMEOUT_START
226 0 2073366632 RESP_END
226 0 2079563028 TIMEOUT_END
227 0 2081431244 STIM_START
227 0 2085206692 STIM_END_RESP_START
227 0 2086406708 RESP_END
228 1 2088510440 STIM_START
228 1 2092035844 STIM_END_RESP_START
228 1 2092213904 LICK
228 1 2092214444 REWARD_START
228 1 2092345816 LICK
228 1 2092509352 LICK
228 1 2092694564 LICK
228 1 2092828920 LICK
228 1 2093235864 RESP_END
228 1 2092227516 REWARD_END
229 0 2095861616 STIM_START
229 0 2099283348 LICK
229 0 2099387032 STIM_END_RESP_START
229 0 2099525772 LICK
229 0 2099526304 TIMEOUT_START
229 0 2100587064 RESP_END
229 0 2106526864 TIMEOUT_END
230 0 2108728700 STIM_START
230 0 2112004092 STIM_END_RESP_START
230 0 2113204140 RESP_END
231 1 2117246076 STIM_START
231 1 2120771516 STIM_END_RESP_START
231 1 2120912992 LICK
231 1 2120913524 REWARD_START
231 1 2121070032 LICK
231 1 2121249780 LICK
231 1 2121451108 LICK
231 1 2121710820 LICK
231 1 2121971556 RESP_END
231 1 2120926600 REWARD_END
232 0 2125944472 STIM_START
232 0 2129219868 STIM_END_RESP_START
232 0 2129379836 LICK
232 0 2129380376 TIMEOUT_START
232 0 2129569144 LICK
232 0 2129569676 TIMEOUT_START
232 0 2129773156 LICK
232 0 2129773696 TIMEOUT_START
232 0 2130419892 RESP_END
232 0 2136774260 TIMEOUT_END
233 1 2138732496 STIM_START
233 1 2142479972 LICK
233 1 2142652884 LICK
233 1 2142757984 STIM_END_RESP_START
233 1 2142895324 LICK
233 1 2142895856 REWARD_START
233 1 2143090596 LICK
233 1 2143293676 LICK
233 1 2143430440 LICK
233 1 2143957996 RESP_END
233 1 2142908936 REWARD_END
234 0 2146683844 STIM_START
234 0 2150209252 STIM_END_RESP_START
234 0 2151409264 RESP_END
235 1 2153199848 STIM_START
235 1 2156725252 STIM_END_RESP_START
235 1 2156869104 LICK
235 1 2156869640 REWARD_START
235 1 2157039764 LICK
235 1 2157218932 LICK
235 1 2157925284 RESP_END
235 1 2156882712 REWARD_END
236 0 2160617080 STIM_START
236 0 2164642576 STIM_END_RESP_START
236 0 2165842588 RESP_END
237 0 2167877260 STIM_START
237 0 2171402664 STIM_END_RESP_START
237 0 2172602680 RESP_END
238 0 2174788360 STIM_START
238 0 2178813856 STIM_END_RESP_START
238 0 2180013872 RESP_END
239 1 2181906528 STIM_START
239 1 2185681980 STIM_END_RESP_START
239 1 2186022896 LICK
239 1 2186023432 REWARD_START
239 1 2186185660 LICK
239 1 2186358540 LICK
239 1 2186882008 RESP_END
239 1 2186036512 REWARD_END
240 1 2189463748 STIM_START
240 1 2192989188 STIM_END_RESP_START
240 1 2193367744 LICK
240 1 2193368284 REWARD_START
240 1 2193532980 LICK
240 1 2193711592 LICK
240 1 2193902252 LICK
240 1 2194189224 RESP_END
240 1 2193381356 REWARD_END
241 1 2197048988 STIM_START
241 1 2200824436 STIM_END_RESP_START
241 1 2201033924 LICK
241 1 2201034460 REWARD_START
241 1 2201163944 LICK
241 1 2201323860 LICK
241 1 2201843252 LICK
241 1 2202007208 LICK
241 1 2202024464 RESP_END
241 1 2201047540 REWARD_END
242 0 2203837100 STIM_START
242 0 2207828864 LICK
242 0 2207862580 STIM_END_RESP_START
242 0 2208011732 LICK
242 0 2208012264 TIMEOUT_START
242 0 2209062592 RESP_END
242 0 2215012820 TIMEOUT_END
243 1 2217038276 STIM_START
243 1 2220313672 STIM_END_RESP_START
243 1 2220638720 LICK
243 1 2220639260 REWARD_START
243 1 2220849216 LICK
243 1 2221029468 LICK
243 1 2221160532 LICK
243 1 2221513684 RESP_END
243 1 2220652336 REWARD_END
244 1 2224329412 STIM_START
244 1 2228104860 STIM_END_RESP_START
244 1 2228272444 LICK
244 1 2228272976 REWARD_START
244 1 2228404844 LICK
244 1 2228581980 LICK
244 1 2228750904 LICK
244 1 2229304896 RESP_END
244 1 2228286052 REWARD_END
245 1 2232080656 STIM_START
245 1 2235080308 LICK
245 1 2235239096 LICK
245 1 2235420888 LICK
245 1 2235856088 STIM_END_RESP_START
245 1 2236009380 LICK
245 1 2236009916 REWARD_START
245 1 2236152920 LICK
245 1 2236319428 LICK
245 1 2236493840 LICK
245 1 2237056112 RESP_END
245 1 2236022980 REWARD_END
246 0 2239097788 STIM_START
246 0 2242623192 STIM_END_RESP_START
246 0 2243337936 LICK
246 0 2243338476 TIMEOUT_START
246 0 2243823220 RESP_END
246 0 2250339028 TIMEOUT_END
247 0 2252361952 STIM_START
247 0 2255887396 STIM_END_RESP_START
247 0 2257087444 RESP_END
248 1 2258907968 STIM_START
248 1 2262183368 STIM_END_RESP_START
248 1 2262400956 LICK
248 1 2262401492 REWARD_START
248 1 2262541912 LICK
248 1 2262680892 LICK
248 1 2262834024 LICK
248 1 2263383388 RESP_END
248 1 2262414572 REWARD_END
249 0 2267062300 STIM_START
249 0 2269342184 LICK
249 0 2269496800 LICK
249 0 2269951444 LICK
249 0 2270337684 STIM_END_RESP_START
249 0 2270545644 LICK
249 0 2270546180 TIMEOUT_START
249 0 2270718840 LICK
249 0 2270719380 TIMEOUT_START
249 0 2271537704 RESP_END
249 0 2277719944 TIMEOUT_END
250 0 2280024416 STIM_START
250 0 2283914096 LICK
250 0 2284034788 LICK
250 0 2284049880 STIM_END_RESP_START
250 0 2284216336 LICK
250 0 2284216868 TIMEOUT_START
250 0 2285249912 RESP_END
250 0 2291217444 TIMEOUT_END
251 1 2293337596 STIM_START
251 1 2296612996 STIM_END_RESP_START
251 1 2296945164 LICK
251 1 2296945704 REWARD_START
251 1 2297118800 LICK
251 1 2297285920 LICK
251 1 2297813020 RESP_END
251 1 2296958780 REWARD_END
252 1 2300006660 STIM_START
252 1 2300753812 LICK
252 1 2300924908 LICK
252 1 2302818880 LICK
252 1 2302980856 LICK
252 1 2303208236 LICK
252 1 2303719028 LICK
252 1 2304032140 STIM_END_RESP_START
252 1 2304192336 LICK
252 1 2304192872 REWARD_START
252 1 2304383944 LICK
252 1 2304574020 LICK
252 1 2305232172 RESP_END
252 1 2304205952 REWARD_END
253 1 2308639016 STIM_START
253 1 2312164420 STIM_END_RESP_START
253 1 2312336168 LICK
253 1 2312336704 REWARD_START
253 1 2312457648 LICK
253 1 2312639388 LICK
253 1 2312783776 LICK
253 1 2313364448 RESP_END
253 1 2312349784 REWARD_END
254 0 2316511324 STIM_START
254 0 2316854696 LICK
254 0 2316996832 LICK
254 0 2320286760 STIM_END_RESP_START
254 0 2321486808 RESP_END
255 0 2323693520 STIM_START
255 0 2327468968 STIM_END_RESP_START
255 0 2328668984 RESP_END
256 1 2330637612 STIM_START
256 1 2334413060 STIM_END_RESP_START
256 1 2334700392 LICK
256 1 2334700932 REWARD_START
256 1 2334883060 LICK
256 1 2335038112 LICK
256 1 2335613096 RESP_END
256 1 2334714016 REWARD_END
257 1 2338547860 STIM_START
257 1 2341823252 STIM_END_RESP_START
257 1 2342017440 LICK
257 1 2342017972 REWARD_START
257 1 2342134100 LICK
257 1 2342286048 LICK
257 1 2342432864 LICK
257 1 2343023296 RESP_END
257 1 2342031052 REWARD_END
258 1 2345607024 STIM_START
258 1 2348900988 LICK
258 1 2349059908 LICK
258 1 2349257560 LICK
258 1 2349382456 STIM_END_RESP_START
258 1 2349524392 LICK
258 1 2349524928 REWARD_START
258 1 2349722564 LICK
258 1 2349888672 LICK
258 1 2350582492 RESP_END
258 1 2349538004 REWARD_END
259 0 2352555160 STIM_START
259 0 2356035520 LICK
259 0 2356232472 LICK
259 0 2356330612 STIM_END_RESP_START
259 0 2357530620 RESP_END
260 0 2359633304 STIM_START
260 0 2363158708 STIM_END_RESP_START
260 0 2363870888 LICK
260 0 2363871428 TIMEOUT_START
260 0 2364042720 LICK
260 0 2364043252 TIMEOUT_START
260 0 2364358744 RESP_END
260 0 2371043812 TIMEOUT_END
261 1 2372966460 STIM_START
261 1 2376241852 STIM_END_RESP_START
261 1 2376556264 LICK
261 1 2376556804 REWARD_START
261 1 2376737244 LICK
261 1 2376921516 LICK
261 1 2377052760 LICK
261 1 2377441876 RESP_END
261 1 2376569880 REWARD_END
262 0 2380352672 STIM_START
262 0 2383706824 LICK
262 0 2383878072 STIM_END_RESP_START
262 0 2385078088 RESP_END
263 0 2387251820 STIM_START
263 0 2390527216 STIM_END_RESP_START
263 0 2390623540 LICK
263 0 2390624072 TIMEOUT_START
263 0 2391727228 RESP_END
263 0 2397624640 TIMEOUT_END
264 1 2399467772 STIM_START
264 1 2402720096 LICK
264 1 2402743176 STIM_END_RESP_START
264 1 2402891364 LICK
264 1 2402891904 REWARD_START
264 1 2403064524 LICK
264 1 2403222020 LICK
264 1 2403943212 RESP_END
264 1 2402904976 REWARD_END
265 1 2406610864 STIM_START
265 1 2410636324 STIM_END_RESP_START
265 1 2410835428 LICK
265 1 2410835960 REWARD_START
265 1 2410941404 LICK
265 1 2411091396 LICK
265 1 2411254440 LICK
265 1 2411836348 RESP_END
265 1 2410849040 REWARD_END
266 1 2415038244 STIM_START
266 1 2417868856 LICK
266 1 2418061744 LICK
266 1 2418292432 LICK
266 1 2418313624 STIM_END_RESP_START
266 1 2418512388 LICK
266 1 2418512928 REWARD_START
266 1 2418707488 LICK
266 1 2418885496 LICK
266 1 2419513656 RESP_END
266 1 2418526000 REWARD_END
267 0 2421497316 STIM_START
267 0 2425022724 STIM_END_RESP_START
267 0 2426222740 RESP_END
268 1 2428218388 STIM_START
268 1 2431493780 STIM_END_RESP_START
268 1 2431861960 LICK
268 1 2431862496 REWARD_START
268 1 2431987260 LICK
268 1 2432173524 LICK
268 1 2432693804 RESP_END
268 1 2431875576 REWARD_END
269 0 2434728440 STIM_START
269 0 2438503888 STIM_END_RESP_START
269 0 2439703900 RESP_END
270 1 2441586528 STIM_START
270 1 2444949648 LICK
270 1 2445133212 LICK
270 1 2445611984 STIM_END_RESP_START
270 1 2445794780 LICK
270 1 2445795316 REWARD_START
270 1 2445914100 LICK
270 1 2446087984 LICK
270 1 2446812016 RESP_END
270 1 2445808396 REWARD_END
271 0 2448953732 STIM_START
271 0 2452729184 STIM_END_RESP_START
271 0 2452739688 LICK
271 0 2452740224 TIMEOUT_START
271 0 2452927792 LICK
271 0 2452928324 TIMEOUT_START
271 0 2453929216 RESP_END
271 0 2459928888 TIMEOUT_END
272 1 2461682828 STIM_START
272 1 2464958220 STIM_END_RESP_START
272 1 2465323560 LICK
272 1 2465324100 REWARD_START
272 1 2465463092 LICK
272 1 2465628284 LICK
272 1 2465763968 LICK
272 1 2465931276 LICK
272 1 2466158248 RESP_END
272 1 2465337172 REWARD_END
273 1 2469089020 STIM_START
273 1 2471732328 LICK
273 1 2471921364 LICK
273 1 2472801068 LICK
273 1 2472985328 LICK
273 1 2473114504 STIM_END_RESP_START
273 1 2473250336 LICK
273 1 2473250876 REWARD_START
273 1 2473439896 LICK
273 1 2473603112 LICK
273 1 2474314532 RESP_END
273 1 2473263952 REWARD_END
274 1 2476135200 STIM_START
274 1 2479660604 STIM_END_RESP_START
274 1 2480032888 LICK
274 1 2480033420 REWARD_START
274 1 2480205436 LICK
274 1 2480377768 LICK
274 1 2480860636 RESP_END
274 1 2480046496 REWARD_END
275 0 2482648216 STIM_START
275 0 2486173656 STIM_END_RESP_START
275 0 2486664364 LICK
275 0 2486664896 TIMEOUT_START
275 0 2486827192 LICK
275 0 2486827724 TIMEOUT_START
275 0 2487373700 RESP_END
275 0 2493828296 TIMEOUT_END
276 0 2495605316 STIM_START
276 0 2495638688 LICK
276 0 2499130744 STIM_END_RESP_START
276 0 2500330760 RESP_END
277 0 2502113352 STIM_START
277 0 2505638752 STIM_END_RESP_START
277 0 2506838768 RESP_END
278 1 2508625464 STIM_START
278 1 2512400916 STIM_END_RESP_START
278 1 2512815168 LICK
278 1 2512815704 REWARD_START
278 1 2512991288 LICK
278 1 2513308848 LICK
278 1 2513460128 LICK
278 1 2513600944 RESP_END
278 1 2512828784 REWARD_END
279 1 2515537588 STIM_START
279 1 2519062996 STIM_END_RESP_START
279 1 2519459904 LICK
279 1 2519460440 REWARD_START
279 1 2519621208 LICK
279 1 2519809388 LICK
279 1 2520263020 RESP_END
279 1 2519473516 REWARD_END
280 1 2523068724 STIM_START
280 1 2526594128 STIM_END_RESP_START
280 1 2526818212 LICK
280 1 2526818752 REWARD_START
280 1 2526979472 LICK
280 1 2527148676 LICK
280 1 2527794160 RESP_END
280 1 2526831816 REWARD_END
281 0 2530321916 STIM_START
281 0 2534251680 LICK
281 0 2534347400 STIM_END_RESP_START
281 0 2535547420 RESP_END
282 1 2537693136 STIM_START
282 1 2541218576 STIM_END_RESP_START
282 1 2541668520 LICK
282 1 2541669056 REWARD_START
282 1 2541842904 LICK
282 1 2542006020 LICK
282 1 2542186540 LICK
282 1 2542418616 RESP_END
282 1 2541682136 REWARD_END
283 1 2544259200 STIM_START
283 1 2548034648 STIM_END_RESP_START
283 1 2548363684 LICK
283 1 2548364220 REWARD_START
283 1 2548522768 LICK
283 1 2548707700 LICK
283 1 2549234696 RESP_END
283 1 2548377300 REWARD_END
284 0 2550995296 STIM_START
284 0 2554270688 STIM_END_RESP_START
284 0 2555470708 RESP_END
285 1 2557395328 STIM_START
285 1 2558372180 LICK
285 1 2558537416 LICK
285 1 2558728480 LICK
285 1 2559057016 LICK
285 1 2559244176 LICK
285 1 2560184832 LICK
285 1 2560365312 LICK
285 1 2561317532 LICK
285 1 2561420784 STIM_END_RESP_START
285 1 2561477688 LICK
285 1 2561478220 REWARD_START
285 1 2561672504 LICK
285 1 2561848772 LICK
285 1 2562620828 RESP_END
285 1 2561491296 REWARD_END
286 0 2564430492 STIM_START
286 0 2565172552 LICK
286 0 2565351972 LICK
286 0 2565913544 LICK
286 0 2566101244 LICK
286 0 2567788692 LICK
286 0 2567963560 LICK
286 0 2568455972 STIM_END_RESP_START
286 0 2568533552 LICK
286 0 2568534088 TIMEOUT_START
286 0 2568744092 LICK
286 0 2568744624 TIMEOUT_START
286 0 2569656016 RESP_END
286 0 2575745196 TIMEOUT_END
287 0 2577786624 STIM_START
287 0 2581562076 STIM_END_RESP_START
287 0 2581984004 LICK
287 0 2581984540 TIMEOUT_START
287 0 2582149980 LICK
287 0 2582150516 TIMEOUT_START
287 0 2582762104 RESP_END
287 0 2589151068 TIMEOUT_END
288 0 2591300800 STIM_START
288 0 2594576192 STIM_END_RESP_START
288 0 2595776204 RESP_END
289 1 2597868880 STIM_START
289 1 2601644328 STIM_END_RESP_START
289 1 2601999612 LICK
289 1 2602000144 REWARD_START
289 1 2602185848 LICK
289 1 2602486116 LICK
289 1 2602673316 LICK
289 1 2602844356 RESP_END
289 1 2602013224 REWARD_END
290 0 2604657980 STIM_START
290 0 2608433432 STIM_END_RESP_START
290 0 2608533548 LICK
290 0 2608534080 TIMEOUT_START
290 0 2608719520 LICK
290 0 2608720060 TIMEOUT_START
290 0 2608920744 LICK
290 0 2608921276 TIMEOUT_START
290 0 2609633480 RESP_END
290 0 2615921836 TIMEOUT_END
291 1 2617745116 STIM_START
291 1 2621270524 STIM_END_RESP_START
291 1 2621661460 LICK
291 1 2621661988 REWARD_START
291 1 2621834464 LICK
291 1 2622003664 LICK
291 1 2622171272 LICK
291 1 2622470564 RESP_END
291 1 2621675064 REWARD_END
292 1 2624517188 STIM_START
292 1 2628542644 STIM_END_RESP_START
292 1 2628843792 LICK
292 1 2628844324 REWARD_START
292 1 2629005212 LICK
292 1 2629182296 LICK
292 1 2629742680 RESP_END
292 1 2628857400 REWARD_END
293 1 2631968404 STIM_START
293 1 2635993856 STIM_END_RESP_START
293 1 2636223564 LICK
293 1 2636224096 REWARD_START
293 1 2636322284 LICK
293 1 2636488656 LICK
293 1 2637193888 RESP_END
293 1 2636237176 REWARD_END
294 0 2639556632 STIM_START
294 0 2643548872 LICK
294 0 2643582116 STIM_END_RESP_START
294 0 2644782152 RESP_END
295 1 2646839820 STIM_START
295 1 2650115216 STIM_END_RESP_START
295 1 2650446728 LICK
295 1 2650447264 REWARD_START
295 1 2650614824 LICK
295 1 2650787504 LICK
295 1 2651315272 RESP_END
295 1 2650460344 REWARD_END
296 1 2654738124 STIM_START
296 1 2658513572 STIM_END_RESP_START
296 1 2658719240 LICK
296 1 2658719780 REWARD_START
296 1 2658886612 LICK
296 1 2659040816 LICK
296 1 2659215020 LICK
296 1 2659713596 RESP_END
296 1 2658732852 REWARD_END
297 1 2661876244 STIM_START
297 1 2665901704 STIM_END_RESP_START
297 1 2666073492 LICK
297 1 2666074024 REWARD_START
297 1 2666195632 LICK
297 1 2666351948 LICK
297 1 2666541792 LICK
297 1 2667101720 RESP_END
297 1 2666087104 REWARD_END
298 0 2669593500 STIM_START
298 0 2673368952 STIM_END_RESP_START
298 0 2674568968 RESP_END
299 0 2676737620 STIM_START
299 0 2678744852 LICK
299 0 2678917112 LICK
299 0 2680513052 STIM_END_RESP_START
299 0 2681713068 RESP_END
300 1 2683473724 STIM_START
300 1 2687499184 STIM_END_RESP_START
300 1 2687719860 LICK
300 1 2687720392 REWARD_START
300 1 2687858196 LICK
300 1 2688054636 LICK
300 1 2688197844 LICK
300 1 2688699200 RESP_END
300 1 2687733472 REWARD_END
301 0 2690695888 STIM_START
301 0 2694470732 LICK
301 0 2694600572 LICK
301 0 2694721344 STIM_END_RESP_START
301 0 2695921356 RESP_END
302 1 2697869032 STIM_START
302 1 2701144428 STIM_END_RESP_START
302 1 2701509868 LICK
302 1 2701510400 REWARD_START
302 1 2701679756 LICK
302 1 2701843504 LICK
302 1 2702344476 RESP_END
302 1 2701523480 REWARD_END
303 1 2704827196 STIM_START
303 1 2708352600 STIM_END_RESP_START
303 1 2708738828 LICK
303 1 2708739368 REWARD_START
303 1 2708917004 LICK
303 1 2709071540 LICK
303 1 2709552636 RESP_END
303 1 2708752428 REWARD_END
304 0 2712186408 STIM_START
304 0 2715961856 STIM_END_RESP_START
304 0 2716407404 LICK
304 0 2716407944 TIMEOUT_START
304 0 2717161896 RESP_END
304 0 2723408504 TIMEOUT_END
305 1 2725364516 STIM_START
305 1 2728889920 STIM_END_RESP_START
305 1 2729223624 LICK
305 1 2729224156 REWARD_START
305 1 2729382384 LICK
305 1 2729560500 LICK
305 1 2729726304 LICK
305 1 2730089956 RESP_END
305 1 2729237232 REWARD_END
306 0 2732506628 STIM_START
306 0 2735950876 LICK
306 0 2736032036 STIM_END_RESP_START
306 0 2736368144 LICK
306 0 2736368680 TIMEOUT_START
306 0 2736560536 LICK
306 0 2736561068 TIMEOUT_START
306 0 2737232072 RESP_END
306 0 2743561632 TIMEOUT_END
307 1 2745399760 STIM_START
307 1 2748675156 STIM_END_RESP_START
307 1 2748885104 LICK
307 1 2748885636 REWARD_START
307 1 2749019576 LICK
307 1 2749186140 LICK
307 1 2749328828 LICK
307 1 2749875180 RESP_END
307 1 2748898716 REWARD_END
308 0 2752539892 STIM_START
308 0 2755608392 LICK
308 0 2755796044 LICK
308 0 2756065316 STIM_END_RESP_START
308 0 2757265360 RESP_END
309 1 2759140996 STIM_START
309 1 2762416392 STIM_END_RESP_START
309 1 2762788596 LICK
309 1 2762789136 REWARD_START
309 1 2762974796 LICK
309 1 2763127788 LICK
309 1 2763616440 RESP_END
309 1 2762802216 REWARD_END
310 0 2765384004 STIM_START
310 0 2769409496 STIM_END_RESP_START
310 0 2770609512 RESP_END
311 1 2772705204 STIM_START
311 1 2775130472 LICK
311 1 2775277116 LICK
311 1 2776730676 STIM_END_RESP_START
311 1 2776891356 LICK
311 1 2776891900 REWARD_START
311 1 2777074736 LICK
311 1 2777253220 LICK
311 1 2777417588 LICK
311 1 2777930692 RESP_END
311 1 2776904976 REWARD_END
312 1 2779870292 STIM_START
312 1 2783145684 STIM_END_RESP_START
312 1 2784024372 LICK
312 1 2784024908 REWARD_START
312 1 2784333104 LICK
312 1 2784345720 RESP_END
312 1 2784037988 REWARD_END
313 0 2830116400 STIM_START
313 0 2834141864 STIM_END_RESP_START
313 0 2835341880 RESP_END
314 1 2837242556 STIM_START
314 1 2840767964 STIM_END_RESP_START
314 1 2841967984 RESP_END
315 1 2844087680 STIM_START
315 1 2847863132 STIM_END_RESP_START
315 1 2848286304 LICK
315 1 2848286844 REWARD_START
315 1 2848421880 LICK
315 1 2848611392 LICK
315 1 2848742232 LICK
315 1 2849063176 RESP_END
315 1 2848299916 REWARD_END
316 0 2850851760 STIM_START
316 0 2854627208 STIM_END_RESP_START
316 0 2855827224 RESP_END
317 1 2857614856 STIM_START
317 1 2861390308 STIM_END_RESP_START
317 1 2861771184 LICK
317 1 2861771720 REWARD_START
317 1 2861911104 LICK
317 1 2862090488 LICK
317 1 2862590336 RESP_END
317 1 2861784800 REWARD_END
318 1 2864776056 STIM_START
318 1 2868801560 STIM_END_RESP_START
318 1 2868972608 LICK
318 1 2868973144 REWARD_START
318 1 2869104260 LICK
318 1 2869244380 LICK
318 1 2869405512 LICK
318 1 2870001592 RESP_END
318 1 2868986220 REWARD_END
319 0 2873551476 STIM_START
319 0 2877576932 STIM_END_RESP_START
319 0 2878776948 RESP_END
320 1 2880684568 STIM_START
320 1 2884209972 STIM_END_RESP_START
320 1 2884561080 LICK
320 1 2884561612 REWARD_START
320 1 2884696100 LICK
320 1 2884872220 LICK
320 1 2885410004 RESP_END
320 1 2884574688 REWARD_END
321 1 2887367708 STIM_START
321 1 2890643096 STIM_END_RESP_START
321 1 2890980300 LICK
321 1 2890980836 REWARD_START
321 1 2891104020 LICK
321 1 2891261356 LICK
321 1 2891439136 LICK
321 1 2891843116 RESP_END
321 1 2890993916 REWARD_END
322 1 2893832752 STIM_START
322 1 2897858208 STIM_END_RESP_START
322 1 2898239604 LICK
322 1 2898240140 REWARD_START
322 1 2898385620 LICK
322 1 2898557524 LICK
322 1 2899058236 RESP_END
322 1 2898253216 REWARD_END
323 0 2900866848 STIM_START
323 0 2904642300 STIM_END_RESP_START
323 0 2905842316 RESP_END
324 1 2907973028 STIM_START
324 1 2911248428 STIM_END_RESP_START
324 1 2911629324 LICK
324 1 2911629856 REWARD_START
324 1 2911790260 LICK
324 1 2911965636 LICK
324 1 2912448464 RESP_END
324 1 2911642936 REWARD_END
325 1 2914657100 STIM_START
325 1 2918182504 STIM_END_RESP_START
325 1 2919382520 RESP_END
326 1 2921113144 STIM_START
326 1 2924638552 STIM_END_RESP_START
326 1 2924993640 LICK
326 1 2924994176 REWARD_START
326 1 2925161436 LICK
326 1 2925340868 LICK
326 1 2925683488 LICK
326 1 2925838600 RESP_END
326 1 2925007252 REWARD_END
327 0 2928246320 STIM_START
327 0 2932271780 STIM_END_RESP_START
327 0 2933471796 RESP_END
328 1 2935507500 STIM_START
328 1 2939532960 STIM_END_RESP_START
328 1 2940065508 LICK
328 1 2940066048 REWARD_START
328 1 2940225980 LICK
328 1 2940372788 LICK
328 1 2940733008 RESP_END
328 1 2940079128 REWARD_END
329 0 2942832664 STIM_START
329 0 2946358060 STIM_END_RESP_START
329 0 2947558076 RESP_END
330 0 2949775792 STIM_START
330 0 2953801244 STIM_END_RESP_START
330 0 2955001260 RESP_END
331 1 2957027964 STIM_START
331 1 2961053424 STIM_END_RESP_START
331 1 2962253436 RESP_END
332 0 2964417164 STIM_START
332 0 2968192616 STIM_END_RESP_START
332 0 2969392628 RESP_END
333 1 2971253272 STIM_START
333 1 2975278728 STIM_END_RESP_START
333 1 2975652148 LICK
333 1 2975652684 REWARD_START
333 1 2975786048 LICK
333 1 2975960160 LICK
333 1 2976478764 RESP_END
333 1 2975665764 REWARD_END
334 0 2978697468 STIM_START
334 0 2982722924 STIM_END_RESP_START
334 0 2983922940 RESP_END
335 1 2986000644 STIM_START
335 1 2990026140 STIM_END_RESP_START
335 1 2990331980 LICK
335 1 2990332512 REWARD_START
335 1 2990485596 LICK
335 1 2990687376 LICK
335 1 2991226152 RESP_END
335 1 2990345592 REWARD_END
336 1 2993316824 STIM_START
336 1 2996592224 STIM_END_RESP_START
336 1 2996958004 LICK
336 1 2996958544 REWARD_START
336 1 2997108144 LICK
336 1 2997279796 LICK
336 1 2997439472 LICK
336 1 2997792248 RESP_END
336 1 2996971628 REWARD_END
337 1 3000000892 STIM_START
337 1 3003526296 STIM_END_RESP_START
337 1 3004726312 RESP_END
338 0 3006622020 STIM_START
338 0 3010397472 STIM_END_RESP_START
338 0 3011597488 RESP_END
339 1 3013739168 STIM_START
339 1 3017764628 STIM_END_RESP_START
339 1 3018964644 RESP_END
340 0 3020710248 STIM_START
340 0 3024235652 STIM_END_RESP_START
340 0 3025435708 RESP_END
341 1 3027375368 STIM_START
341 1 3030650756 STIM_END_RESP_START
341 1 3031850776 RESP_END
342 1 3033810456 STIM_START
342 1 3037335860 STIM_END_RESP_START
342 1 3038535880 RESP_END
343 0 3040283448 STIM_START
343 0 3043808852 STIM_END_RESP_START
343 0 3045008868 RESP_END
344 1 3047025540 STIM_START
344 1 3051051000 STIM_END_RESP_START
344 1 3052251016 RESP_END
345 1 3054368764 STIM_START
345 1 3057644164 STIM_END_RESP_START
345 1 3058844180 RESP_END
346 0 3060569688 STIM_START
346 0 3063845084 STIM_END_RESP_START
346 0 3065045104 RESP_END
347 0 3067114824 STIM_START
347 0 3070390216 STIM_END_RESP_START
347 0 3071590236 RESP_END
348 1 3073440820 STIM_START
348 1 3077216268 STIM_END_RESP_START
348 1 3078416280 RESP_END
349 1 3080292916 STIM_START
349 1 3083568316 STIM_END_RESP_START
349 1 3084768328 RESP_END
350 0 3086707972 STIM_START
350 0 3090233380 STIM_END_RESP_START
350 0 3091433428 RESP_END
351 0 3093557048 STIM_START
351 0 3097582504 STIM_END_RESP_START
351 0 3098782524 RESP_END
352 1 3100635224 STIM_START
352 1 3104410676 STIM_END_RESP_START
352 1 3105610724 RESP_END
353 1 3107725376 STIM_START
353 1 3111000768 STIM_END_RESP_START
353 1 3112200784 RESP_END
354 0 3114041376 STIM_START
354 0 3118066832 STIM_END_RESP_START
354 0 3119266852 RESP_END
355 1 3121286576 STIM_START
355 1 3124561972 STIM_END_RESP_START
355 1 3125762020 RESP_END
356 0 3127824640 STIM_START
356 0 3131850136 STIM_END_RESP_START
356 0 3133050152 RESP_END
357 0 3134807784 STIM_START
357 0 3138083184 STIM_END_RESP_START
357 0 3139283200 RESP_END
358 1 3141133796 STIM_START
358 1 3144909248 STIM_END_RESP_START
358 1 3146109264 RESP_END
359 1 3148199936 STIM_START
359 1 3151975384 STIM_END_RESP_START
359 1 3153175404 RESP_END
360 1 3154957016 STIM_START
360 1 3158982472 STIM_END_RESP_START
360 1 3160182492 RESP_END
361 0 3162248220 STIM_START
361 0 3166273716 STIM_END_RESP_START
361 0 3167473732 RESP_END
362 0 3169322336 STIM_START
362 0 3172597724 STIM_END_RESP_START
362 0 3173797744 RESP_END
363 0 3175545364 STIM_START
363 0 3179320816 STIM_END_RESP_START
363 0 3180520832 RESP_END
364 1 3182391456 STIM_START
364 1 3186166908 STIM_END_RESP_START
364 1 3187366964 RESP_END
365 1 3189249600 STIM_START
365 1 3192775004 STIM_END_RESP_START
365 1 3193975020 RESP_END
366 0 3195978644 STIM_START
366 0 3200004108 STIM_END_RESP_START
366 0 3201204152 RESP_END
367 1 3203301868 STIM_START
367 1 3206577264 STIM_END_RESP_START
367 1 3207777316 RESP_END
368 1 3209727924 STIM_START
368 1 3213503376 STIM_END_RESP_START
368 1 3214703392 RESP_END
369 1 3216541988 STIM_START
369 1 3220067396 STIM_END_RESP_START
369 1 3221267440 RESP_END
370 0 3223262112 STIM_START
370 0 3227037564 STIM_END_RESP_START
370 0 3228237580 RESP_END
371 0 3230189208 STIM_START
371 0 3233464604 STIM_END_RESP_START
371 0 3234664620 RESP_END
372 1 3236748264 STIM_START
372 1 3240773732 STIM_END_RESP_START
372 1 3241973784 RESP_END
373 0 3243963480 STIM_START
373 0 3247488920 STIM_END_RESP_START
373 0 3248688936 RESP_END
374 0 3250712540 STIM_START
374 0 3254237944 STIM_END_RESP_START
374 0 3255437964 RESP_END
375 0 3257204620 STIM_START
375 0 3261230084 STIM_END_RESP_START
375 0 3262430096 RESP_END
376 1 3264360748 STIM_START
376 1 3268136200 STIM_END_RESP_START
376 1 3269336216 RESP_END
377 1 3271395892 STIM_START
377 1 3274921300 STIM_END_RESP_START
377 1 3276121316 RESP_END
378 0 3277964940 STIM_START
378 0 3281740388 STIM_END_RESP_START
378 0 3282940404 RESP_END
379 0 3285160080 STIM_START
379 0 3289185576 STIM_END_RESP_START
379 0 3290385592 RESP_END
380 1 3292361268 STIM_START
380 1 3295886672 STIM_END_RESP_START
380 1 3297086688 RESP_END
381 0 3299009388 STIM_START
381 0 3302784836 STIM_END_RESP_START
381 0 3303984852 RESP_END
382 1 3306053496 STIM_START
382 1 3309578900 STIM_END_RESP_START
382 1 3310778912 RESP_END
383 0 3312854600 STIM_START
383 0 3316630048 STIM_END_RESP_START
383 0 3317830064 RESP_END
384 1 3319591704 STIM_START
384 1 3323617160 STIM_END_RESP_START
384 1 3324817180 RESP_END
385 0 3326852904 STIM_START
385 0 3330878360 STIM_END_RESP_START
385 0 3332078376 RESP_END
386 0 3334045016 STIM_START
386 0 3337570420 STIM_END_RESP_START
386 0 3338770472 RESP_END
387 0 3340601104 STIM_START
387 0 3343876504 STIM_END_RESP_START
387 0 3345076520 RESP_END
388 1 3347038176 STIM_START
388 1 3351063644 STIM_END_RESP_START
388 1 3352263696 RESP_END
389 0 3354349328 STIM_START
389 0 3358374824 STIM_END_RESP_START
389 0 3359574840 RESP_END
390 1 3361345424 STIM_START
390 1 3364620816 STIM_END_RESP_START
390 1 3365820868 RESP_END
391 1 3367663488 STIM_START
391 1 3371688944 STIM_END_RESP_START
391 1 3372888960 RESP_END
392 1 3374987660 STIM_START
392 1 3378763112 STIM_END_RESP_START
392 1 3379963128 RESP_END
393 0 3382063848 STIM_START
393 0 3385589252 STIM_END_RESP_START
393 0 3386789268 RESP_END
394 0 3388638896 STIM_START
394 0 3392164300 STIM_END_RESP_START
394 0 3393364316 RESP_END
USER_EXIT