001 1 0010926496 STIM_START
001 1 0014951992 STIM_END_RESP_START
001 1 0016152008 RESP_END
002 0 0018351752 STIM_START
002 0 0021877196 STIM_END_RESP_START
002 0 0023077212 RESP_END
003 1 0024961840 STIM_START
003 1 0026069444 LICK
003 1 0026211660 LICK
003 1 0028151604 LICK
003 1 0028395760 LICK
003 1 0028487276 STIM_END_RESP_START
003 1 0028814548 LICK
003 1 0028814984 REWARD_START
003 1 0028970612 LICK
003 1 0029687292 RESP_END
003 1 0028827960 REWARD_END
004 0 0041829624 STIM_START
004 0 0041886860 LICK
004 0 0042073192 LICK
004 0 0042903512 LICK
004 0 0044073124 LICK
004 0 0044241980 LICK
004 0 0044906412 LICK
004 0 0045355052 STIM_END_RESP_START
004 0 0046426008 LICK
004 0 0046426448 TIMEOUT_START
004 0 0046555060 RESP_END
004 0 0053426896 TIMEOUT_END
005 0 0055342932 STIM_START
005 0 0058618332 STIM_END_RESP_START
005 0 0059818352 RESP_END
006 0 0061663976 STIM_START
006 0 0065189424 STIM_END_RESP_START
006 0 0066389444 RESP_END
007 1 0068453136 STIM_START
007 1 0069636484 LICK
007 1 0069750956 LICK
007 1 0069864724 LICK
007 1 0069973920 LICK
007 1 0070121772 LICK
007 1 0070254432 LICK
007 1 0070427460 LICK
007 1 0070563028 LICK
007 1 0070868372 LICK
007 1 0072038988 LICK
007 1 0072478624 STIM_END_RESP_START
007 1 0073678644 RESP_END
008 1 0075541304 STIM_START
008 1 0078816704 STIM_END_RESP_START
008 1 0080016720 RESP_END
009 1 0082123408 STIM_START
009 1 0085398808 STIM_END_RESP_START
009 1 0086598824 RESP_END
010 0 0090231744 STIM_START
010 0 0093757192 STIM_END_RESP_START
010 0 0094957212 RESP_END
011 1 0097037912 STIM_START
011 1 0099821244 LICK
011 1 0101063400 STIM_END_RESP_START
011 1 0101415408 LICK
011 1 0101415892 REWARD_START
011 1 0102263428 RESP_END
011 1 0101428916 REWARD_END
012 1 0104084148 STIM_START
012 1 0107359564 STIM_END_RESP_START
012 1 0108559596 RESP_END
013 1 0110506192 STIM_START
013 1 0110834792 LICK
013 1 0114281660 STIM_END_RESP_START
013 1 0114314588 LICK
013 1 0114315072 REWARD_START
013 1 0114762556 LICK
013 1 0115481672 RESP_END
013 1 0114328096 REWARD_END
014 0 0117375292 STIM_START
014 0 0117614964 LICK
014 0 0117736232 LICK
014 0 0117905872 LICK
014 0 0118720884 LICK
014 0 0118866352 LICK
014 0 0120399916 LICK
014 0 0120537532 LICK
014 0 0120830072 LICK
014 0 0120900720 STIM_END_RESP_START
014 0 0120952828 LICK
014 0 0120953316 TIMEOUT_START
014 0 0121116072 LICK
014 0 0121116556 TIMEOUT_START
014 0 0121296592 LICK
014 0 0121297084 TIMEOUT_START
014 0 0121614400 LICK
014 0 0121614884 TIMEOUT_START
014 0 0121735144 LICK
014 0 0121735636 TIMEOUT_START
014 0 0121922388 LICK
014 0 0121922876 TIMEOUT_START
014 0 0122100740 RESP_END
014 0 0128923380 TIMEOUT_END
015 0 0134696232 STIM_START
015 0 0136864200 LICK
015 0 0137089876 LICK
015 0 0138392720 LICK
015 0 0138471716 STIM_END_RESP_START
015 0 0138714684 LICK
015 0 0138715172 TIMEOUT_START
015 0 0139029928 LICK
015 0 0139030412 TIMEOUT_START
015 0 0139502240 LICK
015 0 0139502732 TIMEOUT_START
015 0 0139671736 RESP_END
015 0 0146503224 TIMEOUT_END
016 0 0148699524 STIM_START
016 0 0149928396 LICK
016 0 0151974948 STIM_END_RESP_START
016 0 0153174976 RESP_END
017 1 0155012580 STIM_START
017 1 0158788052 STIM_END_RESP_START
017 1 0159083140 LICK
017 1 0159083632 REWARD_START
017 1 0159295160 LICK
017 1 0159988092 RESP_END
017 1 0159096648 REWARD_END
018 0 0161968756 STIM_START
018 0 0165494180 STIM_END_RESP_START
018 0 0166694212 RESP_END
019 0 0168840948 STIM_START
019 0 0172616420 STIM_END_RESP_START
019 0 0173816452 RESP_END
020 1 0175539020 STIM_START
020 1 0176526384 LICK
020 1 0179064452 STIM_END_RESP_START
020 1 0180264460 RESP_END
021 1 0183895392 STIM_START
021 1 0185697264 LICK
021 1 0186312344 LICK
021 1 0187170804 STIM_END_RESP_START
021 1 0187192884 LICK
021 1 0187193372 REWARD_START
021 1 0187323060 LICK
021 1 0187731644 LICK
021 1 0188297680 LICK
021 1 0188370816 RESP_END
021 1 0187206388 REWARD_END
022 0 0191401620 STIM_START
022 0 0194222988 LICK
022 0 0194665528 LICK
022 0 0194999332 LICK
022 0 0195177100 STIM_END_RESP_START
022 0 0195516440 LICK
022 0 0195516924 TIMEOUT_START
022 0 0195607016 LICK
022 0 0195607500 TIMEOUT_START
022 0 0195882760 LICK
022 0 0195883252 TIMEOUT_START
022 0 0196228076 LICK
022 0 0196228568 TIMEOUT_START
022 0 0196337484 LICK
022 0 0196337976 TIMEOUT_START
022 0 0196377128 RESP_END
022 0 0203338472 TIMEOUT_END
023 1 0206696156 STIM_START
023 1 0210471632 STIM_END_RESP_START
023 1 0211655604 LICK
023 1 0211656096 REWARD_START
023 1 0211671652 RESP_END
023 1 0211669100 REWARD_END
024 1 0213473364 STIM_START
024 1 0217498848 STIM_END_RESP_START
024 1 0217773788 LICK
024 1 0217774280 REWARD_START
024 1 0218128652 LICK
024 1 0218584512 LICK
024 1 0218698864 RESP_END
024 1 0217787292 REWARD_END
025 1 0221594696 STIM_START
025 1 0221897204 LICK
025 1 0222534360 LICK
025 1 0222719236 LICK
025 1 0225370152 STIM_END_RESP_START
025 1 0225813292 LICK
025 1 0225813780 REWARD_START
025 1 0226002608 LICK
025 1 0226209644 LICK
025 1 0226392436 LICK
025 1 0226570192 RESP_END
025 1 0225826796 REWARD_END
026 0 0229831036 STIM_START
026 0 0233356464 STIM_END_RESP_START
026 0 0233786532 LICK
026 0 0233787016 TIMEOUT_START
026 0 0234556512 RESP_END
026 0 0240787532 TIMEOUT_END
027 0 0242842228 STIM_START
027 0 0246617696 STIM_END_RESP_START
027 0 0247817728 RESP_END
028 1 0249714396 STIM_START
028 1 0253239824 STIM_END_RESP_START
028 1 0253510676 LICK
028 1 0253511160 REWARD_START
028 1 0253772088 LICK
028 1 0253955024 LICK
028 1 0254439848 RESP_END
028 1 0253524168 REWARD_END
029 1 0256929604 STIM_START
029 1 0260955120 STIM_END_RESP_START
029 1 0261408216 LICK
029 1 0261408700 REWARD_START
029 1 0261547380 LICK
029 1 0261745252 LICK
029 1 0262111848 LICK
029 1 0262155164 RESP_END
029 1 0261421720 REWARD_END
030 0 0265475028 STIM_START
030 0 0269250500 STIM_END_RESP_START
030 0 0270450536 RESP_END
031 1 0272360160 STIM_START
031 1 0276135628 STIM_END_RESP_START
031 1 0276501736 LICK
031 1 0276502220 REWARD_START
031 1 0276693376 LICK
031 1 0276887712 LICK
031 1 0277335652 RESP_END
031 1 0276515240 REWARD_END
032 1 0279488320 STIM_START
032 1 0280050624 LICK
032 1 0280226484 LICK
032 1 0283263776 STIM_END_RESP_START
032 1 0283651444 LICK
032 1 0283651928 REWARD_START
032 1 0283850016 LICK
032 1 0284088612 LICK
032 1 0284463812 RESP_END
032 1 0283664952 REWARD_END
033 0 0287260656 STIM_START
033 0 0290786080 STIM_END_RESP_START
033 0 0291330188 LICK
033 0 0291330672 TIMEOUT_START
033 0 0291468940 LICK
033 0 0291469428 TIMEOUT_START
033 0 0291986124 RESP_END
033 0 0298469932 TIMEOUT_END
034 1 0300649852 STIM_START
034 1 0304675332 STIM_END_RESP_START
034 1 0305042392 LICK
034 1 0305042884 REWARD_START
034 1 0305270396 LICK
034 1 0305875356 RESP_END
034 1 0305055892 REWARD_END
035 0 0309544356 STIM_START
035 0 0309989004 LICK
035 0 0313569840 STIM_END_RESP_START
035 0 0314769876 RESP_END
036 1 0316570532 STIM_START
036 1 0320596020 STIM_END_RESP_START
036 1 0321705004 LICK
036 1 0321705488 REWARD_START
036 1 0321796028 RESP_END
036 1 0321718492 REWARD_END
037 1 0324892944 STIM_START
037 1 0328668416 STIM_END_RESP_START
037 1 0329554116 LICK
037 1 0329554600 REWARD_START
037 1 0329719832 LICK
037 1 0329868448 RESP_END
037 1 0329567624 REWARD_END
038 0 0332162136 STIM_START
038 0 0332557388 LICK
038 0 0332767612 LICK
038 0 0332953704 LICK
038 0 0335437528 STIM_END_RESP_START
038 0 0336310100 LICK
038 0 0336310592 TIMEOUT_START
038 0 0336637576 RESP_END
038 0 0343311092 TIMEOUT_END
039 1 0345388352 STIM_START
039 1 0348913780 STIM_END_RESP_START
039 1 0349403592 LICK
039 1 0349404080 REWARD_START
039 1 0349564168 LICK
039 1 0349765688 LICK
039 1 0349963980 LICK
039 1 0350113824 RESP_END
039 1 0349417100 REWARD_END
040 1 0352294500 STIM_START
040 1 0352820208 LICK
040 1 0353004728 LICK
040 1 0355569916 STIM_END_RESP_START
040 1 0355693624 LICK
040 1 0355694108 REWARD_START
040 1 0356144480 LICK
040 1 0356348004 LICK
040 1 0356769936 RESP_END
040 1 0355707116 REWARD_END
041 1 0359156608 STIM_START
041 1 0362932080 STIM_END_RESP_START
041 1 0363321292 LICK
041 1 0363321784 REWARD_START
041 1 0363463648 LICK
041 1 0363645612 LICK
041 1 0363847820 LICK
041 1 0364132096 RESP_END
041 1 0363334808 REWARD_END
042 0 0367740060 STIM_START
042 0 0371515532 STIM_END_RESP_START
042 0 0372715568 RESP_END
043 1 0374601252 STIM_START
043 1 0377876672 STIM_END_RESP_START
043 1 0378284776 LICK
043 1 0378285268 REWARD_START
043 1 0378442696 LICK
043 1 0378664156 LICK
043 1 0379076708 RESP_END
043 1 0378298284 REWARD_END
044 0 0381296336 STIM_START
044 0 0383073692 LICK
044 0 0383243348 LICK
044 0 0385321828 STIM_END_RESP_START
044 0 0386389124 LICK
044 0 0386389608 TIMEOUT_START
044 0 0386521872 RESP_END
044 0 0393390128 TIMEOUT_END
045 0 0395179628 STIM_START
045 0 0398455048 STIM_END_RESP_START
045 0 0399655084 RESP_END
046 1 0401629728 STIM_START
046 1 0405155156 STIM_END_RESP_START
046 1 0405514028 LICK
046 1 0405514520 REWARD_START
046 1 0405700952 LICK
046 1 0405852436 LICK
046 1 0406010596 LICK
046 1 0406188624 LICK
046 1 0406355180 RESP_END
046 1 0405527536 REWARD_END
047 1 0408612876 STIM_START
047 1 0412638356 STIM_END_RESP_START
047 1 0413838392 RESP_END
048 1 0417772420 STIM_START
048 1 0421047840 STIM_END_RESP_START
048 1 0421480756 LICK
048 1 0421481240 REWARD_START
048 1 0421688632 LICK
048 1 0421866108 LICK
048 1 0422051896 LICK
048 1 0422247872 RESP_END
048 1 0421494260 REWARD_END
049 0 0423978440 STIM_START
049 0 0427753912 STIM_END_RESP_START
049 0 0428953948 RESP_END
050 1 0430760564 STIM_START
050 1 0434035980 STIM_END_RESP_START
050 1 0435236016 RESP_END
051 1 0437353640 STIM_START
051 1 0437722048 LICK
051 1 0440879072 STIM_END_RESP_START
051 1 0441295292 LICK
051 1 0441295780 REWARD_START
051 1 0441473408 LICK
051 1 0441667100 LICK
051 1 0441826492 LICK
051 1 0442079092 RESP_END
051 1 0441308804 REWARD_END
052 0 0444660856 STIM_START
052 0 0448186276 STIM_END_RESP_START
052 0 0449386308 RESP_END
053 0 0451437040 STIM_START
053 0 0454712460 STIM_END_RESP_START
053 0 0455912496 RESP_END
054 1 0457973076 STIM_START
054 1 0461498504 STIM_END_RESP_START
054 1 0462427068 LICK
054 1 0462427556 REWARD_START
054 1 0462614252 LICK
054 1 0462698540 RESP_END
054 1 0462440580 REWARD_END
USER_EXIT