001 1 0005072620 STIM_START
001 1 0008848056 STIM_END_RESP_START
001 1 0010048092 RESP_END
002 1 0012210768 STIM_START
002 1 0015486168 STIM_END_RESP_START
002 1 0016686184 RESP_END
003 0 0018575804 STIM_START
003 0 0022351256 STIM_END_RESP_START
003 0 0023551272 RESP_END
004 1 0025688972 STIM_START
004 1 0026271216 LICK
004 1 0026587092 LICK
004 1 0029214372 STIM_END_RESP_START
004 1 0030414388 RESP_END
005 0 0032353004 STIM_START
005 0 0036378464 STIM_END_RESP_START
005 0 0037578480 RESP_END
006 0 0045756192 STIM_START
006 0 0049531648 STIM_END_RESP_START
006 0 0050731664 RESP_END
007 1 0052803344 STIM_START
007 1 0053186540 LICK
007 1 0056578816 STIM_END_RESP_START
007 1 0057778832 RESP_END
008 1 0059634432 STIM_START
008 1 0062909836 STIM_END_RESP_START
008 1 0064109856 RESP_END
009 0 0066214504 STIM_START
009 0 0069739908 STIM_END_RESP_START
009 0 0070939928 RESP_END
010 0 0073091656 STIM_START
010 0 0073600984 LICK
010 0 0076367032 STIM_END_RESP_START
010 0 0076687852 LICK
010 0 0076688288 TIMEOUT_START
010 0 0077567064 RESP_END
010 0 0083688748 TIMEOUT_END
011 0 0086012728 STIM_START
011 0 0090038228 STIM_END_RESP_START
011 0 0091238244 RESP_END
012 1 0093051868 STIM_START
012 1 0096327272 STIM_END_RESP_START
012 1 0097074328 LICK
012 1 0097074768 REWARD_START
012 1 0097226344 LICK
012 1 0097527292 RESP_END
012 1 0097087728 REWARD_END
013 1 0102051376 STIM_START
013 1 0106076852 STIM_END_RESP_START
013 1 0106583396 LICK
013 1 0106583880 REWARD_START
013 1 0106782784 LICK
013 1 0107276900 RESP_END
013 1 0106596900 REWARD_END
014 0 0112085996 STIM_START
014 0 0112101620 LICK
014 0 0115861460 STIM_END_RESP_START
014 0 0117061496 RESP_END
015 0 0119143168 STIM_START
015 0 0122918640 STIM_END_RESP_START
015 0 0123808760 LICK
015 0 0123809252 TIMEOUT_START
015 0 0123980044 LICK
015 0 0123980528 TIMEOUT_START
015 0 0124118672 RESP_END
015 0 0130981040 TIMEOUT_END
016 1 0133204432 STIM_START
016 1 0136979900 STIM_END_RESP_START
016 1 0137158732 LICK
016 1 0137159216 REWARD_START
016 1 0137296988 LICK
016 1 0138013332 LICK
016 1 0138179948 RESP_END
016 1 0137172236 REWARD_END
017 1 0141403780 STIM_START
017 1 0141505288 LICK
017 1 0145077456 LICK
017 1 0145247496 LICK
017 1 0145429268 STIM_END_RESP_START
017 1 0145501464 LICK
017 1 0145501948 REWARD_START
017 1 0146155228 LICK
017 1 0146629312 RESP_END
017 1 0145514972 REWARD_END
018 1 0151892500 STIM_START
018 1 0155758136 LICK
018 1 0155917988 STIM_END_RESP_START
018 1 0155920764 LICK
018 1 0155921256 REWARD_START
018 1 0156121944 LICK
018 1 0156721072 LICK
018 1 0157118024 RESP_END
018 1 0155934280 REWARD_END
019 0 0159241668 STIM_START
019 0 0162767096 STIM_END_RESP_START
019 0 0162867780 LICK
019 0 0162868268 TIMEOUT_START
019 0 0163021644 LICK
019 0 0163022132 TIMEOUT_START
019 0 0163223192 LICK
019 0 0163223684 TIMEOUT_START
019 0 0163967132 RESP_END
019 0 0170224176 TIMEOUT_END
020 1 0172378820 STIM_START
020 1 0173662772 LICK
020 1 0173814340 LICK
020 1 0174828192 LICK
020 1 0174965040 LICK
020 1 0175484484 LICK
020 1 0175904236 STIM_END_RESP_START
020 1 0177104272 RESP_END
021 1 0179324980 STIM_START
021 1 0182850400 STIM_END_RESP_START
021 1 0182992872 LICK
021 1 0182993364 REWARD_START
021 1 0183184416 LICK
021 1 0183806784 LICK
021 1 0184050420 RESP_END
021 1 0183006388 REWARD_END
022 0 0185862972 STIM_START
022 0 0189138352 STIM_END_RESP_START
022 0 0190031004 LICK
022 0 0190031488 TIMEOUT_START
022 0 0190338372 RESP_END
022 0 0197031988 TIMEOUT_END
023 0 0228718896 STIM_START
023 0 0232494328 STIM_END_RESP_START
023 0 0233694360 RESP_END
024 0 0235459996 STIM_START
024 0 0238985424 STIM_END_RESP_START
024 0 0239400668 LICK
024 0 0239401160 TIMEOUT_START
024 0 0239572860 LICK
024 0 0239573352 TIMEOUT_START
024 0 0240185456 RESP_END
024 0 0246573856 TIMEOUT_END
025 1 0248796172 STIM_START
025 1 0251782820 LICK
025 1 0251950900 LICK
025 1 0252017276 LICK
025 1 0252203904 LICK
025 1 0252321580 STIM_END_RESP_START
025 1 0252442104 LICK
025 1 0252442588 REWARD_START
025 1 0252507472 LICK
025 1 0252675736 LICK
025 1 0253321552 LICK
025 1 0253505560 LICK
025 1 0253521628 RESP_END
025 1 0252455608 REWARD_END
026 0 0255976376 STIM_START
026 0 0260001868 STIM_END_RESP_START
026 0 0261201896 RESP_END
027 1 0263256512 STIM_START
027 1 0266921592 LICK
027 1 0267031968 STIM_END_RESP_START
027 1 0267125564 LICK
027 1 0267126056 REWARD_START
027 1 0267344244 LICK
027 1 0267843272 LICK
027 1 0268232008 RESP_END
027 1 0267139076 REWARD_END
028 0 0271787916 STIM_START
028 0 0275063296 STIM_END_RESP_START
028 0 0275659336 LICK
028 0 0275659828 TIMEOUT_START
028 0 0275830284 LICK
028 0 0275830768 TIMEOUT_START
028 0 0276053348 LICK
028 0 0276053832 TIMEOUT_START
028 0 0276263324 RESP_END
028 0 0283054336 TIMEOUT_END
029 1 0285067096 STIM_START
029 1 0288842532 STIM_END_RESP_START
029 1 0289057104 LICK
029 1 0289057588 REWARD_START
029 1 0289183120 LICK
029 1 0289737756 LICK
029 1 0290042564 RESP_END
029 1 0289070612 REWARD_END
030 0 0292101232 STIM_START
030 0 0292113328 LICK
030 0 0295626668 STIM_END_RESP_START
030 0 0295725844 LICK
030 0 0295726336 TIMEOUT_START
030 0 0295899520 LICK
030 0 0295900004 TIMEOUT_START
030 0 0296106408 LICK
030 0 0296106892 TIMEOUT_START
030 0 0296145264 LICK
030 0 0296145748 TIMEOUT_START
030 0 0296826700 RESP_END
030 0 0303146256 TIMEOUT_END
031 0 0304873272 STIM_START
031 0 0308648704 STIM_END_RESP_START
031 0 0309306672 LICK
031 0 0309307160 TIMEOUT_START
031 0 0309848748 RESP_END
031 0 0316307668 TIMEOUT_END
032 0 0318464560 STIM_START
032 0 0322240032 STIM_END_RESP_START
032 0 0323038120 LICK
032 0 0323038612 TIMEOUT_START
032 0 0323219804 LICK
032 0 0323220288 TIMEOUT_START
032 0 0323440072 RESP_END
032 0 0330220788 TIMEOUT_END
033 1 0332206744 STIM_START
033 1 0336232216 STIM_END_RESP_START
033 1 0336242592 LICK
033 1 0336243088 REWARD_START
033 1 0336437300 LICK
033 1 0337088608 LICK
033 1 0337432248 RESP_END
033 1 0336256092 REWARD_END
034 1 0342501364 STIM_START
034 1 0346276796 STIM_END_RESP_START
034 1 0346507600 LICK
034 1 0346508084 REWARD_START
034 1 0346616184 LICK
034 1 0347154556 LICK
034 1 0347476828 RESP_END
034 1 0346521108 REWARD_END
035 0 0350648704 STIM_START
035 0 0354424176 STIM_END_RESP_START
035 0 0355347332 LICK
035 0 0355347820 TIMEOUT_START
035 0 0355525724 LICK
035 0 0355526208 TIMEOUT_START
035 0 0355624216 RESP_END
035 0 0362526708 TIMEOUT_END
036 0 0364330928 STIM_START
036 0 0368356412 STIM_END_RESP_START
036 0 0368982608 LICK
036 0 0368983096 TIMEOUT_START
036 0 0369161932 LICK
036 0 0369162420 TIMEOUT_START
036 0 0369556436 RESP_END
036 0 0376162916 TIMEOUT_END
037 0 0377993144 STIM_START
037 0 0381518572 STIM_END_RESP_START
037 0 0382718604 RESP_END
038 1 0384934272 STIM_START
038 1 0388209648 STIM_END_RESP_START
038 1 0389020128 LICK
038 1 0389020616 REWARD_START
038 1 0389190016 LICK
038 1 0389409680 RESP_END
038 1 0389033640 REWARD_END
039 0 0393993760 STIM_START
039 0 0398019240 STIM_END_RESP_START
039 0 0398453112 LICK
039 0 0398453600 TIMEOUT_START
039 0 0399219260 RESP_END
039 0 0405454104 TIMEOUT_END
040 0 0407637952 STIM_START
040 0 0411163380 STIM_END_RESP_START
040 0 0412363412 RESP_END
041 1 0414515044 STIM_START
041 1 0418290476 STIM_END_RESP_START
041 1 0418508028 LICK
041 1 0418508516 REWARD_START
041 1 0418632660 LICK
041 1 0419175684 LICK
041 1 0419490524 RESP_END
041 1 0418521540 REWARD_END
042 0 0421556200 STIM_START
042 0 0421660008 LICK
042 0 0425581676 STIM_END_RESP_START
042 0 0425978756 LICK
042 0 0425979248 TIMEOUT_START
042 0 0426123252 LICK
042 0 0426123740 TIMEOUT_START
042 0 0426781720 RESP_END
042 0 0433124248 TIMEOUT_END
043 0 0435010412 STIM_START
043 0 0438285792 STIM_END_RESP_START
043 0 0439485828 RESP_END
044 1 0441725496 STIM_START
044 1 0445750976 STIM_END_RESP_START
044 1 0445965160 LICK
044 1 0445965652 REWARD_START
044 1 0446124232 LICK
044 1 0446621112 LICK
044 1 0446951000 RESP_END
044 1 0445978676 REWARD_END
045 0 0449231660 STIM_START
045 0 0452757084 STIM_END_RESP_START
045 0 0453957120 RESP_END
046 1 0455923792 STIM_START
046 1 0459199168 STIM_END_RESP_START
046 1 0459393508 LICK
046 1 0459393992 REWARD_START
046 1 0459542352 LICK
046 1 0460076652 LICK
046 1 0460399208 RESP_END
046 1 0459407016 REWARD_END
047 0 0463340952 STIM_START
047 0 0466657996 LICK
047 0 0466838564 LICK
047 0 0467010284 LICK
047 0 0467116392 STIM_END_RESP_START
047 0 0467248928 LICK
047 0 0467249416 TIMEOUT_START
047 0 0467443504 LICK
047 0 0467443996 TIMEOUT_START
047 0 0467493460 LICK
047 0 0467493952 TIMEOUT_START
047 0 0468316428 RESP_END
047 0 0474494448 TIMEOUT_END
048 1 0476527076 STIM_START
048 1 0479802456 STIM_END_RESP_START
048 1 0479993816 LICK
048 1 0479994312 REWARD_START
048 1 0480146880 LICK
048 1 0481002512 RESP_END
048 1 0480007348 REWARD_END
049 1 0483917304 STIM_START
049 1 0487692740 STIM_END_RESP_START
049 1 0487853348 LICK
049 1 0487853832 REWARD_START
049 1 0487997252 LICK
049 1 0488522888 LICK
049 1 0488724344 LICK
049 1 0488892780 RESP_END
049 1 0487866856 REWARD_END
050 1 0492045620 STIM_START
050 1 0495223848 LICK
050 1 0495403372 LICK
050 1 0496071076 STIM_END_RESP_START
050 1 0496411528 LICK
050 1 0496412020 REWARD_START
050 1 0496601140 LICK
050 1 0497174852 LICK
050 1 0497271096 RESP_END
050 1 0496425044 REWARD_END
051 0 0499730856 STIM_START
051 0 0503756336 STIM_END_RESP_START
051 0 0504956372 RESP_END
052 0 0506687956 STIM_START
052 0 0510463392 STIM_END_RESP_START
052 0 0510779708 LICK
052 0 0510780192 TIMEOUT_START
052 0 0510944888 LICK
052 0 0510945380 TIMEOUT_START
052 0 0511663436 RESP_END
052 0 0517945888 TIMEOUT_END
053 0 0520035120 STIM_START
053 0 0523342988 LICK
053 0 0523498928 LICK
053 0 0523710412 LICK
053 0 0523810580 STIM_END_RESP_START
053 0 0525010616 RESP_END
054 1 0527072260 STIM_START
054 1 0530847688 STIM_END_RESP_START
054 1 0531022684 LICK
054 1 0531023176 REWARD_START
054 1 0531162280 LICK
054 1 0531544128 LICK
054 1 0532047716 RESP_END
054 1 0531036200 REWARD_END
055 0 0534327472 STIM_START
055 0 0537852892 STIM_END_RESP_START
055 0 0539052924 RESP_END
056 0 0541747668 STIM_START
056 0 0545023044 STIM_END_RESP_START
056 0 0546223076 RESP_END
057 0 0548762768 STIM_START
057 0 0552788248 STIM_END_RESP_START
057 0 0553041812 LICK
057 0 0553042304 TIMEOUT_START
057 0 0553171364 LICK
057 0 0553171848 TIMEOUT_START
057 0 0553988296 RESP_END
057 0 0560172360 TIMEOUT_END
058 1 0562355012 STIM_START
058 1 0566130448 STIM_END_RESP_START
058 1 0566308308 LICK
058 1 0566308792 REWARD_START
058 1 0566456856 LICK
058 1 0566970120 LICK
058 1 0567149816 LICK
058 1 0567330496 RESP_END
058 1 0566321816 REWARD_END
059 1 0569746184 STIM_START
059 1 0573271612 STIM_END_RESP_START
059 1 0573494076 LICK
059 1 0573494568 REWARD_START
059 1 0573701248 LICK
059 1 0574145116 LICK
059 1 0574471656 RESP_END
059 1 0573507584 REWARD_END
060 1 0578036528 STIM_START
060 1 0582062004 STIM_END_RESP_START
060 1 0582215872 LICK
060 1 0582216360 REWARD_START
060 1 0582354404 LICK
060 1 0582556156 LICK
060 1 0583247580 LICK
060 1 0583262020 RESP_END
060 1 0582229380 REWARD_END
061 0 0586205824 STIM_START
061 0 0589981264 STIM_END_RESP_START
061 0 0590794172 LICK
061 0 0590794656 TIMEOUT_START
061 0 0590956588 LICK
061 0 0590957072 TIMEOUT_START
061 0 0591181296 RESP_END
061 0 0597957576 TIMEOUT_END
062 0 0599815092 STIM_START
062 0 0603840576 STIM_END_RESP_START
062 0 0605040608 RESP_END
063 0 0606795156 STIM_START
063 0 0610320584 STIM_END_RESP_START
063 0 0611245892 LICK
063 0 0611246384 TIMEOUT_START
063 0 0611380888 LICK
063 0 0611381380 TIMEOUT_START
063 0 0611520612 RESP_END
063 0 0618381888 TIMEOUT_END
064 1 0620531404 STIM_START
064 1 0624466556 LICK
064 1 0624556896 STIM_END_RESP_START
064 1 0624666764 LICK
064 1 0624667248 REWARD_START
064 1 0624720216 LICK
064 1 0625451148 LICK
064 1 0625756920 RESP_END
064 1 0624680272 REWARD_END
065 0 0628728680 STIM_START
065 0 0632254112 STIM_END_RESP_START
065 0 0633454148 RESP_END
066 1 0635447816 STIM_START
066 1 0638723196 STIM_END_RESP_START
066 1 0638922400 LICK
066 1 0638922892 REWARD_START
066 1 0639087376 LICK
066 1 0639614988 LICK
066 1 0639923240 RESP_END
066 1 0638935912 REWARD_END
067 0 0643959292 STIM_START
067 0 0647734728 STIM_END_RESP_START
067 0 0648114704 LICK
067 0 0648115188 TIMEOUT_START
067 0 0648284208 LICK
067 0 0648284692 TIMEOUT_START
067 0 0648451736 LICK
067 0 0648452228 TIMEOUT_START
067 0 0648934744 RESP_END
067 0 0655452720 TIMEOUT_END
068 0 0657585400 STIM_START
068 0 0661610880 STIM_END_RESP_START
068 0 0662810912 RESP_END
069 1 0664828540 STIM_START
069 1 0668103920 STIM_END_RESP_START
069 1 0669303956 RESP_END
070 0 0675450240 STIM_START
070 0 0679225672 STIM_END_RESP_START
070 0 0680425704 RESP_END
071 1 0682295364 STIM_START
071 1 0686070832 STIM_END_RESP_START
071 1 0687270864 RESP_END
072 1 0689058464 STIM_START
072 1 0689770188 LICK
072 1 0691491836 LICK
072 1 0692833892 STIM_END_RESP_START
072 1 0693061920 LICK
072 1 0693062404 REWARD_START
072 1 0694033904 RESP_END
072 1 0693075424 REWARD_END
073 1 0696046620 STIM_START
073 1 0699321996 STIM_END_RESP_START
073 1 0699548552 LICK
073 1 0699549044 REWARD_START
073 1 0700522032 RESP_END
073 1 0699562068 REWARD_END
074 0 0702344636 STIM_START
074 0 0705870064 STIM_END_RESP_START
074 0 0707070100 RESP_END
075 1 0708916668 STIM_START
075 1 0712442096 STIM_END_RESP_START
075 1 0713642132 RESP_END
076 0 0715715740 STIM_START
076 0 0719241160 STIM_END_RESP_START
076 0 0720441196 RESP_END
077 1 0722199776 STIM_START
077 1 0725725204 STIM_END_RESP_START
077 1 0726925232 RESP_END
078 0 0728844896 STIM_START
078 0 0729081432 LICK
078 0 0732370304 STIM_END_RESP_START
078 0 0732710220 LICK
078 0 0732710708 TIMEOUT_START
078 0 0733111252 LICK
078 0 0733111744 TIMEOUT_START
078 0 0733570336 RESP_END
078 0 0740112248 TIMEOUT_END
079 0 0742457072 STIM_START
079 0 0745982496 STIM_END_RESP_START
079 0 0747182532 RESP_END
080 0 0749105132 STIM_START
080 0 0752630556 STIM_END_RESP_START
080 0 0753830596 RESP_END
081 1 0755830200 STIM_START
081 1 0759355628 STIM_END_RESP_START
081 1 0759551008 LICK
081 1 0759551496 REWARD_START
081 1 0759637348 LICK
081 1 0759753284 LICK
081 1 0760555672 RESP_END
081 1 0759564524 REWARD_END
USER_EXIT