001 1 0007087464 STIM_START
001 1 0008639212 LICK
001 1 0008900852 LICK
001 1 0009721760 LICK
001 1 0009945464 LICK
001 1 0010362856 STIM_END_RESP_START
001 1 0010702648 LICK
001 1 0010703092 REWARD_START
001 1 0010888400 LICK
001 1 0011057968 LICK
001 1 0011190188 LICK
001 1 0011361356 LICK
001 1 0011551800 LICK
001 1 0011562884 RESP_END
001 1 0010716056 REWARD_END
002 0 0015652860 STIM_START
002 0 0016076668 LICK
002 0 0016324516 LICK
002 0 0019178276 STIM_END_RESP_START
002 0 0019914680 LICK
002 0 0019915120 TIMEOUT_START
002 0 0020147964 LICK
002 0 0020148408 TIMEOUT_START
002 0 0020378292 RESP_END
002 0 0027148856 TIMEOUT_END
003 1 0029321116 STIM_START
003 1 0029731660 LICK
003 1 0029934864 LICK
003 1 0030135016 LICK
003 1 0030339444 LICK
003 1 0030936668 LICK
003 1 0031153712 LICK
003 1 0032846532 STIM_END_RESP_START
003 1 0033074592 LICK
003 1 0033075032 REWARD_START
003 1 0033283060 LICK
003 1 0033460428 LICK
003 1 0033613868 LICK
003 1 0033762300 LICK
003 1 0033936284 LICK
003 1 0034046552 RESP_END
003 1 0033088004 REWARD_END
004 0 0039282756 STIM_START
004 0 0039333968 LICK
004 0 0039496996 LICK
004 0 0039974968 LICK
004 0 0040162144 LICK
004 0 0040877192 LICK
004 0 0041090540 LICK
004 0 0041531372 LICK
004 0 0041699124 LICK
004 0 0042297000 LICK
004 0 0042507208 LICK
004 0 0042718740 LICK
004 0 0042808172 STIM_END_RESP_START
004 0 0044008188 RESP_END
005 0 0046332900 STIM_START
005 0 0049858308 STIM_END_RESP_START
005 0 0050900468 LICK
005 0 0050900904 TIMEOUT_START
005 0 0051058340 RESP_END
005 0 0057901364 TIMEOUT_END
006 0 0060028168 STIM_START
006 0 0063303560 STIM_END_RESP_START
006 0 0064503580 RESP_END
007 1 0066537220 STIM_START
007 1 0070562720 STIM_END_RESP_START
007 1 0071762736 RESP_END
008 0 0073770372 STIM_START
008 0 0077545824 STIM_END_RESP_START
008 0 0078745844 RESP_END
009 1 0080550560 STIM_START
009 1 0080561920 LICK
009 1 0080732368 LICK
009 1 0080948320 LICK
009 1 0083825948 STIM_END_RESP_START
009 1 0084151044 LICK
009 1 0084151488 REWARD_START
009 1 0084226776 LICK
009 1 0084345916 LICK
009 1 0084683772 LICK
009 1 0084815352 LICK
009 1 0084963040 LICK
009 1 0085025992 RESP_END
009 1 0084164456 REWARD_END
010 0 0087184644 STIM_START
010 0 0088838820 LICK
010 0 0088996484 LICK
010 0 0089250500 LICK
010 0 0089453672 LICK
010 0 0090093692 LICK
010 0 0090296436 LICK
010 0 0091210128 STIM_END_RESP_START
010 0 0092147172 LICK
010 0 0092147612 TIMEOUT_START
010 0 0092361640 LICK
010 0 0092362080 TIMEOUT_START
010 0 0092410148 RESP_END
010 0 0099362540 TIMEOUT_END
011 1 0101376008 STIM_START
011 1 0105401484 STIM_END_RESP_START
011 1 0106601516 RESP_END
012 0 0108463108 STIM_START
012 0 0112238572 STIM_END_RESP_START
012 0 0113438608 RESP_END
013 0 0115375220 STIM_START
013 0 0119150688 STIM_END_RESP_START
013 0 0120350724 RESP_END
014 1 0124800828 STIM_START
014 1 0125153864 LICK
014 1 0125397636 LICK
014 1 0125635684 LICK
014 1 0126545612 LICK
014 1 0126776620 LICK
014 1 0128826296 STIM_END_RESP_START
014 1 0129077504 LICK
014 1 0129077988 REWARD_START
014 1 0129319148 LICK
014 1 0129577004 LICK
014 1 0129713488 LICK
014 1 0129873928 LICK
014 1 0130026336 RESP_END
014 1 0129091012 REWARD_END
015 1 0131830980 STIM_START
015 1 0132773836 LICK
015 1 0132985500 LICK
015 1 0133167456 LICK
015 1 0135106360 STIM_END_RESP_START
015 1 0135290092 LICK
015 1 0135290576 REWARD_START
015 1 0135367988 LICK
015 1 0135481780 LICK
015 1 0135790828 LICK
015 1 0135951356 LICK
015 1 0136122412 LICK
015 1 0136280344 LICK
015 1 0136306384 RESP_END
015 1 0135303596 REWARD_END
016 1 0138835076 STIM_START
016 1 0139245124 LICK
016 1 0139420316 LICK
016 1 0139613012 LICK
016 1 0140369488 LICK
016 1 0140559340 LICK
016 1 0141175940 LICK
016 1 0141403432 LICK
016 1 0141588076 LICK
016 1 0141824048 LICK
016 1 0142860568 STIM_END_RESP_START
016 1 0143088104 LICK
016 1 0143088588 REWARD_START
016 1 0143292128 LICK
016 1 0143438880 LICK
016 1 0143582916 LICK
016 1 0143740300 LICK
016 1 0143907112 LICK
016 1 0144060604 RESP_END
016 1 0143101612 REWARD_END
017 0 0146298388 STIM_START
017 0 0147144940 LICK
017 0 0147388656 LICK
017 0 0147589460 LICK
017 0 0148847976 LICK
017 0 0149056404 LICK
017 0 0150323872 STIM_END_RESP_START
017 0 0150474324 LICK
017 0 0150474812 TIMEOUT_START
017 0 0150636392 LICK
017 0 0150636884 TIMEOUT_START
017 0 0151523888 RESP_END
017 0 0157637392 TIMEOUT_END
018 1 0162262992 STIM_START
018 1 0163289208 LICK
018 1 0163492732 LICK
018 1 0164218092 LICK
018 1 0164480644 LICK
018 1 0165166988 LICK
018 1 0165395056 LICK
018 1 0165538376 STIM_END_RESP_START
018 1 0165616880 LICK
018 1 0165617364 REWARD_START
018 1 0165671660 LICK
018 1 0165828668 LICK
018 1 0165950504 LICK
018 1 0166088176 LICK
018 1 0166272956 LICK
018 1 0166411692 LICK
018 1 0166738388 RESP_END
018 1 0165630384 REWARD_END
019 0 0168503948 STIM_START
019 0 0169927096 LICK
019 0 0170126760 LICK
019 0 0170326264 LICK
019 0 0171093940 LICK
019 0 0171334140 LICK
019 0 0171533228 LICK
019 0 0171737648 LICK
019 0 0172279420 STIM_END_RESP_START
019 0 0172438392 LICK
019 0 0172438880 TIMEOUT_START
019 0 0172650312 LICK
019 0 0172650800 TIMEOUT_START
019 0 0173479440 RESP_END
019 0 0179651292 TIMEOUT_END
020 0 0185528868 STIM_START
020 0 0186768912 LICK
020 0 0186962852 LICK
020 0 0187721396 LICK
020 0 0187920140 LICK
020 0 0188634732 LICK
020 0 0188796360 LICK
020 0 0189054288 STIM_END_RESP_START
020 0 0189080420 LICK
020 0 0189080908 TIMEOUT_START
020 0 0189367284 LICK
020 0 0189367776 TIMEOUT_START
020 0 0189543048 LICK
020 0 0189543540 TIMEOUT_START
020 0 0189697936 LICK
020 0 0189698424 TIMEOUT_START
020 0 0190254332 RESP_END
020 0 0196698928 TIMEOUT_END
021 0 0198848948 STIM_START
021 0 0198974732 LICK
021 0 0199234184 LICK
021 0 0199530844 LICK
021 0 0200172688 LICK
021 0 0200430880 LICK
021 0 0201257048 LICK
021 0 0201519020 LICK
021 0 0202044660 LICK
021 0 0202124356 STIM_END_RESP_START
021 0 0202282904 LICK
021 0 0202283392 TIMEOUT_START
021 0 0203324384 RESP_END
021 0 0209283896 TIMEOUT_END
022 1 0211233988 STIM_START
022 1 0211286988 LICK
022 1 0211634948 LICK
022 1 0212077408 LICK
022 1 0212308300 LICK
022 1 0212533668 LICK
022 1 0214509372 STIM_END_RESP_START
022 1 0214755440 LICK
022 1 0214755924 REWARD_START
022 1 0214977964 LICK
022 1 0215264324 LICK
022 1 0215398492 LICK
022 1 0215539784 LICK
022 1 0215709416 RESP_END
022 1 0214768944 REWARD_END
023 1 0218608172 STIM_START
023 1 0219876336 LICK
023 1 0220084208 LICK
023 1 0220264160 LICK
023 1 0220448304 LICK
023 1 0221116144 LICK
023 1 0221333236 LICK
023 1 0222633656 STIM_END_RESP_START
023 1 0222939264 LICK
023 1 0222939748 REWARD_START
023 1 0223111856 LICK
023 1 0223406072 LICK
023 1 0223569728 LICK
023 1 0223833684 RESP_END
023 1 0222952768 REWARD_END
024 1 0226090472 STIM_START
024 1 0227384208 LICK
024 1 0227526972 LICK
024 1 0227697180 LICK
024 1 0229615876 STIM_END_RESP_START
024 1 0229894136 LICK
024 1 0229894628 REWARD_START
024 1 0230076112 LICK
024 1 0230336652 LICK
024 1 0230637188 LICK
024 1 0230815908 RESP_END
024 1 0229907652 REWARD_END
025 0 0233529692 STIM_START
025 0 0235208124 LICK
025 0 0235429860 LICK
025 0 0236146416 LICK
025 0 0237055100 STIM_END_RESP_START
025 0 0238255136 RESP_END
026 1 0240278752 STIM_START
026 1 0240590928 LICK
026 1 0240753712 LICK
026 1 0240936020 LICK
026 1 0241623728 LICK
026 1 0244054196 STIM_END_RESP_START
026 1 0244287780 LICK
026 1 0244288264 REWARD_START
026 1 0244487072 LICK
026 1 0244765904 LICK
026 1 0245067260 LICK
026 1 0245223212 LICK
026 1 0245254212 RESP_END
026 1 0244301284 REWARD_END
027 1 0247794984 STIM_START
027 1 0249602660 LICK
027 1 0251493388 LICK
027 1 0251570456 STIM_END_RESP_START
027 1 0251682028 LICK
027 1 0251682512 REWARD_START
027 1 0251854116 LICK
027 1 0252013164 LICK
027 1 0252310116 LICK
027 1 0252477024 LICK
027 1 0252647460 LICK
027 1 0252770500 RESP_END
027 1 0251695532 REWARD_END
028 0 0255108180 STIM_START
028 0 0258775596 LICK
028 0 0259133676 STIM_END_RESP_START
028 0 0259468960 LICK
028 0 0259469452 TIMEOUT_START
028 0 0259685964 LICK
028 0 0259686452 TIMEOUT_START
028 0 0260333688 RESP_END
028 0 0266686948 TIMEOUT_END
029 1 0268845472 STIM_START
029 1 0269199016 LICK
029 1 0269357920 LICK
029 1 0269571476 LICK
029 1 0269792228 LICK
029 1 0270851068 LICK
029 1 0271061172 LICK
029 1 0271290924 LICK
029 1 0271842860 LICK
029 1 0272322728 LICK
029 1 0272370908 STIM_END_RESP_START
029 1 0272700180 LICK
029 1 0272700668 REWARD_START
029 1 0272883276 LICK
029 1 0273186988 LICK
029 1 0273477944 LICK
029 1 0273570948 RESP_END
029 1 0272713684 REWARD_END
030 0 0276067708 STIM_START
030 0 0280093188 STIM_END_RESP_START
030 0 0281293220 RESP_END
031 1 0283103872 STIM_START
031 1 0286427068 LICK
031 1 0286586264 LICK
031 1 0286879328 STIM_END_RESP_START
031 1 0287150024 LICK
031 1 0287150516 REWARD_START
031 1 0287282608 LICK
031 1 0287694792 LICK
031 1 0288016120 LICK
031 1 0288079372 RESP_END
031 1 0287163520 REWARD_END
032 0 0290135944 STIM_START
032 0 0292835008 LICK
032 0 0293644808 LICK
032 0 0293661388 STIM_END_RESP_START
032 0 0293876260 LICK
032 0 0293876752 TIMEOUT_START
032 0 0294861420 RESP_END
032 0 0300877264 TIMEOUT_END
033 0 0304405340 STIM_START
033 0 0304685368 LICK
033 0 0304893164 LICK
033 0 0305106404 LICK
033 0 0305548412 LICK
033 0 0305755056 LICK
033 0 0306049544 LICK
033 0 0306289220 LICK
033 0 0306588312 LICK
033 0 0306791124 LICK
033 0 0307730832 LICK
033 0 0307930768 STIM_END_RESP_START
033 0 0307962024 LICK
033 0 0307962508 TIMEOUT_START
033 0 0308161668 LICK
033 0 0308162152 TIMEOUT_START
033 0 0309130808 RESP_END
033 0 0315162668 TIMEOUT_END
034 0 0316889304 STIM_START
034 0 0319386140 LICK
034 0 0319558696 LICK
034 0 0319750404 LICK
034 0 0320914804 STIM_END_RESP_START
034 0 0321670336 LICK
034 0 0321670820 TIMEOUT_START
034 0 0322114844 RESP_END
034 0 0328671324 TIMEOUT_END
035 1 0330725644 STIM_START
035 1 0331896140 LICK
035 1 0332070700 LICK
035 1 0332345536 LICK
035 1 0332567664 LICK
035 1 0332786396 LICK
035 1 0333151072 LICK
035 1 0334251056 STIM_END_RESP_START
035 1 0334550232 LICK
035 1 0334550716 REWARD_START
035 1 0334716216 LICK
035 1 0335451092 RESP_END
035 1 0334563740 REWARD_END
036 0 0338454888 STIM_START
036 0 0341980312 STIM_END_RESP_START
036 0 0343180348 RESP_END
037 1 0344934988 STIM_START
037 1 0348960468 STIM_END_RESP_START
037 1 0349417688 LICK
037 1 0349418172 REWARD_START
037 1 0349590452 LICK
037 1 0349889852 LICK
037 1 0350025172 LICK
037 1 0350160484 RESP_END
037 1 0349431196 REWARD_END
038 1 0352330136 STIM_START
038 1 0355721612 LICK
038 1 0355906036 LICK
038 1 0356105584 STIM_END_RESP_START
038 1 0356182388 LICK
038 1 0356182872 REWARD_START
038 1 0356341608 LICK
038 1 0356745156 LICK
038 1 0357047492 LICK
038 1 0357206468 LICK
038 1 0357305632 RESP_END
038 1 0356195896 REWARD_END
039 1 0359814368 STIM_START
039 1 0362972320 LICK
039 1 0363175908 LICK
039 1 0363408712 LICK
039 1 0363719992 LICK
039 1 0363839844 STIM_END_RESP_START
039 1 0363921084 LICK
039 1 0363921576 REWARD_START
039 1 0364104456 LICK
039 1 0364340204 LICK
039 1 0364482120 LICK
039 1 0364778128 LICK
039 1 0364965868 LICK
039 1 0365039880 RESP_END
039 1 0363934592 REWARD_END
040 0 0367191640 STIM_START
040 0 0370223788 LICK
040 0 0370399180 LICK
040 0 0371217120 STIM_END_RESP_START
040 0 0371272284 LICK
040 0 0371272772 TIMEOUT_START
040 0 0371480488 LICK
040 0 0371480980 TIMEOUT_START
040 0 0372417156 RESP_END
040 0 0378481480 TIMEOUT_END
041 0 0380583780 STIM_START
041 0 0380916704 LICK
041 0 0381077832 LICK
041 0 0381486064 LICK
041 0 0381676072 LICK
041 0 0381895588 LICK
041 0 0382578472 LICK
041 0 0382808588 LICK
041 0 0383917808 LICK
041 0 0384093800 LICK
041 0 0384109192 STIM_END_RESP_START
041 0 0384257196 LICK
041 0 0384257680 TIMEOUT_START
041 0 0385309240 RESP_END
041 0 0391258180 TIMEOUT_END
042 0 0393160880 STIM_START
042 0 0393464652 LICK
042 0 0393660040 LICK
042 0 0393998224 LICK
042 0 0394497008 LICK
042 0 0394725268 LICK
042 0 0396436256 STIM_END_RESP_START
042 0 0397636292 RESP_END
043 1 0399630964 STIM_START
043 1 0400894080 LICK
043 1 0402944712 LICK
043 1 0403156380 STIM_END_RESP_START
043 1 0403670008 LICK
043 1 0403670500 REWARD_START
043 1 0403862804 LICK
043 1 0404356420 RESP_END
043 1 0403683508 REWARD_END
044 1 0406636144 STIM_START
044 1 0409760020 LICK
044 1 0409978360 LICK
044 1 0410141396 LICK
044 1 0410661636 STIM_END_RESP_START
044 1 0410814796 LICK
044 1 0410815284 REWARD_START
044 1 0410962880 LICK
044 1 0411344288 LICK
044 1 0411501540 LICK
044 1 0411675152 LICK
044 1 0411831996 LICK
044 1 0411861664 RESP_END
044 1 0410828304 REWARD_END
045 0 0414178332 STIM_START
045 0 0415836808 LICK
045 0 0416022128 LICK
045 0 0416629996 LICK
045 0 0417953800 STIM_END_RESP_START
045 0 0418053260 LICK
045 0 0418053744 TIMEOUT_START
045 0 0419153820 RESP_END
045 0 0425054248 TIMEOUT_END
046 0 0426938400 STIM_START
046 0 0427766976 LICK
046 0 0428123328 LICK
046 0 0428170588 LICK
046 0 0428611168 LICK
046 0 0430039152 LICK
046 0 0430213804 STIM_END_RESP_START
046 0 0430243652 LICK
046 0 0430244140 TIMEOUT_START
046 0 0431413836 RESP_END
046 0 0437244648 TIMEOUT_END
047 0 0439161436 STIM_START
047 0 0442686864 STIM_END_RESP_START
047 0 0443886900 RESP_END
048 1 0446029500 STIM_START
048 1 0448952724 LICK
048 1 0449106000 LICK
048 1 0449326912 LICK
048 1 0449537568 LICK
048 1 0449804968 STIM_END_RESP_START
048 1 0450057204 LICK
048 1 0450057696 REWARD_START
048 1 0450194092 LICK
048 1 0450863964 LICK
048 1 0451005016 RESP_END
048 1 0450070720 REWARD_END
049 0 0453439776 STIM_START
049 0 0456965204 STIM_END_RESP_START
049 0 0457094208 LICK
049 0 0457094692 TIMEOUT_START
049 0 0457237988 LICK
049 0 0457238472 TIMEOUT_START
049 0 0458165224 RESP_END
049 0 0464238980 TIMEOUT_END
050 1 0466326840 STIM_START
050 1 0469602252 STIM_END_RESP_START
050 1 0470802288 RESP_END
051 0 0472522908 STIM_START
051 0 0476298380 STIM_END_RESP_START
051 0 0477498416 RESP_END
052 1 0479312992 STIM_START
052 1 0483338468 STIM_END_RESP_START
052 1 0483606768 LICK
052 1 0483607252 REWARD_START
052 1 0484072104 LICK
052 1 0484538512 RESP_END
052 1 0483620276 REWARD_END
053 1 0486740200 STIM_START
053 1 0488854268 LICK
053 1 0489025884 LICK
053 1 0489667824 LICK
053 1 0490265616 STIM_END_RESP_START
053 1 0490356988 LICK
053 1 0490357476 REWARD_START
053 1 0490490908 LICK
053 1 0490907776 LICK
053 1 0491079704 LICK
053 1 0491238856 LICK
053 1 0491465640 RESP_END
053 1 0490370500 REWARD_END
054 1 0493867376 STIM_START
054 1 0497300452 LICK
054 1 0497392800 STIM_END_RESP_START
054 1 0497534004 LICK
054 1 0497534492 REWARD_START
054 1 0497651964 LICK
054 1 0497935628 LICK
054 1 0498102528 LICK
054 1 0498239264 LICK
054 1 0498399148 LICK
054 1 0498567392 LICK
054 1 0498592836 RESP_END
054 1 0497547516 REWARD_END
USER_EXIT