001 1 4 4 0037363640 STIM_START
001 1 4 4 0040889060 STIM_END_RESP_START
001 1 4 4 0042089076 RESP_END
002 0 2 8 0043855736 STIM_START
002 0 2 8 0046981112 STIM_END_RESP_START
002 0 2 8 0048181132 RESP_END
003 0 4 3 0052059004 STIM_START
003 0 4 3 0054709996 LICK
003 0 4 3 0055093680 LICK
003 0 4 3 0055417252 LICK
003 0 4 3 0055584416 STIM_END_RESP_START
003 0 4 3 0056784436 RESP_END
004 0 4 5 0060149344 STIM_START
004 0 4 5 0063674764 STIM_END_RESP_START
004 0 4 5 0064874788 RESP_END
005 2 1 3 0066651424 STIM_START
005 2 1 3 0069726772 STIM_END_RESP_START
005 2 1 3 0070926792 RESP_END
006 2 4 9 0072653324 STIM_START
006 2 4 9 0076178744 STIM_END_RESP_START
006 2 4 9 0077378764 RESP_END
007 1 1 10 0079092380 STIM_START
007 1 1 10 0082167728 STIM_END_RESP_START
007 1 1 10 0083367748 RESP_END
008 0 1 2 0085071376 STIM_START
008 0 1 2 0088146724 STIM_END_RESP_START
008 0 1 2 0089346744 RESP_END
009 2 1 5 0091055344 STIM_START
009 2 1 5 0094130692 STIM_END_RESP_START
009 2 1 5 0095330712 RESP_END
010 1 2 9 0097044356 STIM_START
010 1 2 9 0098321204 LICK
010 1 2 9 0098539652 LICK
010 1 2 9 0099300848 LICK
010 1 2 9 0100169712 STIM_END_RESP_START
010 1 2 9 0100499568 LICK
010 1 2 9 0100500052 REWARD_START
010 1 2 9 0101369732 RESP_END
010 1 2 9 0100513072 REWARD_END
011 2 4 6 0103104272 STIM_START
011 2 4 6 0106629708 STIM_END_RESP_START
011 2 4 6 0107829740 RESP_END
012 0 1 4 0109533276 STIM_START
012 0 1 4 0112608636 STIM_END_RESP_START
012 0 1 4 0113808672 RESP_END
013 0 2 4 0115520276 STIM_START
013 0 2 4 0118645664 STIM_END_RESP_START
013 0 2 4 0118939768 LICK
013 0 2 4 0118940252 TIMEOUT_START
013 0 2 4 0119632448 LICK
013 0 2 4 0119632936 TIMEOUT_START
013 0 2 4 0119845700 RESP_END
013 0 2 4 0126633420 TIMEOUT_END
014 1 5 6 0128384372 STIM_START
014 1 5 6 0132409824 STIM_END_RESP_START
014 1 5 6 0133609860 RESP_END
015 1 1 7 0135321428 STIM_START
015 1 1 7 0138396796 STIM_END_RESP_START
015 1 1 7 0139596836 RESP_END
016 0 1 4 0141306412 STIM_START
016 0 1 4 0144381776 STIM_END_RESP_START
016 0 1 4 0145581812 RESP_END
017 0 3 6 0147300384 STIM_START
017 0 3 6 0150575780 STIM_END_RESP_START
017 0 3 6 0151775820 RESP_END
018 0 5 10 0153519356 STIM_START
018 0 5 10 0157544812 STIM_END_RESP_START
018 0 5 10 0158744848 RESP_END
019 1 5 5 0160491536 STIM_START
019 1 5 5 0164516992 STIM_END_RESP_START
019 1 5 5 0165717028 RESP_END
020 2 2 2 0167423648 STIM_START
020 2 2 2 0170549004 STIM_END_RESP_START
020 2 2 2 0171337652 LICK
020 2 2 2 0171338144 REWARD_START
020 2 2 2 0171613192 LICK
020 2 2 2 0171749016 RESP_END
020 2 2 2 0171351148 REWARD_END
021 1 5 10 0180838732 STIM_START
021 1 5 10 0184864196 STIM_END_RESP_START
021 1 5 10 0185962852 LICK
021 1 5 10 0185963336 REWARD_START
021 1 5 10 0186064224 RESP_END
021 1 5 10 0185976360 REWARD_END
022 0 4 8 0195844120 STIM_START
022 0 4 8 0196729972 LICK
022 0 4 8 0196833832 LICK
022 0 4 8 0196878200 LICK
022 0 4 8 0197007688 LICK
022 0 4 8 0199369552 STIM_END_RESP_START
022 0 4 8 0200569588 RESP_END
023 1 5 4 0202318176 STIM_START
023 1 5 4 0206343636 STIM_END_RESP_START
023 1 5 4 0207543672 RESP_END
024 1 4 2 0209261292 STIM_START
024 1 4 2 0212786692 STIM_END_RESP_START
024 1 4 2 0213986728 RESP_END
025 0 5 7 0215735324 STIM_START
025 0 5 7 0219760820 STIM_END_RESP_START
025 0 5 7 0220960852 RESP_END
026 1 4 4 0222686444 STIM_START
026 1 4 4 0226211880 STIM_END_RESP_START
026 1 4 4 0227411912 RESP_END
027 1 2 9 0229130448 STIM_START
027 1 2 9 0232255800 STIM_END_RESP_START
027 1 2 9 0233455836 RESP_END
028 2 5 6 0235190464 STIM_START
028 2 5 6 0238541624 LICK
028 2 5 6 0238785848 LICK
028 2 5 6 0238981824 LICK
028 2 5 6 0239215948 STIM_END_RESP_START
028 2 5 6 0240415968 RESP_END
029 0 2 6 0244209872 STIM_START
029 0 2 6 0247335236 STIM_END_RESP_START
029 0 2 6 0248535272 RESP_END
030 2 2 7 0252032140 STIM_START
030 2 2 7 0252059236 LICK
030 2 2 7 0255157524 STIM_END_RESP_START
030 2 2 7 0256050000 LICK
030 2 2 7 0256050488 REWARD_START
030 2 2 7 0256315900 LICK
030 2 2 7 0256357540 RESP_END
030 2 2 7 0256063508 REWARD_END
031 0 3 8 0261081552 STIM_START
031 0 3 8 0264356932 STIM_END_RESP_START
031 0 3 8 0265556960 RESP_END
032 1 4 5 0267274560 STIM_START
032 1 4 5 0270799996 STIM_END_RESP_START
032 1 4 5 0272000032 RESP_END
033 1 2 10 0273716632 STIM_START
033 1 2 10 0276841984 STIM_END_RESP_START
033 1 2 10 0278042020 RESP_END
034 1 4 9 0279773608 STIM_START
034 1 4 9 0283299004 STIM_END_RESP_START
034 1 4 9 0284196484 LICK
034 1 4 9 0284196972 REWARD_START
034 1 4 9 0284499024 RESP_END
034 1 4 9 0284209988 REWARD_END
035 0 1 10 0290754348 STIM_START
035 0 1 10 0291136348 LICK
035 0 1 10 0293829708 STIM_END_RESP_START
035 0 1 10 0294692656 LICK
035 0 1 10 0294693144 TIMEOUT_START
035 0 1 10 0294900308 LICK
035 0 1 10 0294900800 TIMEOUT_START
035 0 1 10 0295029752 RESP_END
035 0 1 10 0301901284 TIMEOUT_END
036 0 4 4 0306751872 STIM_START
036 0 4 4 0307486440 LICK
036 0 4 4 0308228844 LICK
036 0 4 4 0310277284 STIM_END_RESP_START
036 0 4 4 0311477320 RESP_END
037 0 2 3 0315405308 STIM_START
037 0 2 3 0318530664 STIM_END_RESP_START
037 0 2 3 0319730700 RESP_END
038 2 4 8 0321449260 STIM_START
038 2 4 8 0324974656 STIM_END_RESP_START
038 2 4 8 0326174688 RESP_END
039 0 1 7 0327886296 STIM_START
039 0 1 7 0330961656 STIM_END_RESP_START
039 0 1 7 0332127068 LICK
039 0 1 7 0332127556 TIMEOUT_START
039 0 1 7 0332161692 RESP_END
039 0 1 7 0339128044 TIMEOUT_END
040 0 3 4 0340836376 STIM_START
040 0 3 4 0344111748 STIM_END_RESP_START
040 0 3 4 0345311780 RESP_END
041 1 4 3 0347042444 STIM_START
041 1 4 3 0350567880 STIM_END_RESP_START
041 1 4 3 0351767916 RESP_END
042 1 2 9 0353470516 STIM_START
042 1 2 9 0356595872 STIM_END_RESP_START
042 1 2 9 0357795908 RESP_END
043 1 1 8 0359507436 STIM_START
043 1 1 8 0362582800 STIM_END_RESP_START
043 1 1 8 0363782836 RESP_END
044 0 1 9 0365489392 STIM_START
044 0 1 9 0368564756 STIM_END_RESP_START
044 0 1 9 0369764792 RESP_END
045 2 2 6 0371478344 STIM_START
045 2 2 6 0373208280 LICK
045 2 2 6 0374603716 STIM_END_RESP_START
045 2 2 6 0375803752 RESP_END
046 1 3 9 0377520304 STIM_START
046 1 3 9 0380795704 STIM_END_RESP_START
046 1 3 9 0381995740 RESP_END
047 0 5 5 0384475440 STIM_START
047 0 5 5 0388500896 STIM_END_RESP_START
047 0 5 5 0389700932 RESP_END
048 0 3 4 0391416556 STIM_START
048 0 3 4 0394691924 STIM_END_RESP_START
048 0 3 4 0395891960 RESP_END
049 0 1 10 0397598564 STIM_START
049 0 1 10 0400673932 STIM_END_RESP_START
049 0 1 10 0401873968 RESP_END
050 2 1 10 0403585520 STIM_START
050 2 1 10 0406660880 STIM_END_RESP_START
050 2 1 10 0407860916 RESP_END
051 2 3 7 0410558596 STIM_START
051 2 3 7 0413834000 STIM_END_RESP_START
051 2 3 7 0415034036 RESP_END
052 2 2 7 0416748592 STIM_START
052 2 2 7 0419873948 STIM_END_RESP_START
052 2 2 7 0421073984 RESP_END
053 0 5 7 0422821616 STIM_START
053 0 5 7 0426847072 STIM_END_RESP_START
053 0 5 7 0426988448 LICK
053 0 5 7 0426988936 TIMEOUT_START
053 0 5 7 0428047104 RESP_END
053 0 5 7 0433989416 TIMEOUT_END
054 1 1 1 0437140916 STIM_START
054 1 1 1 0440216276 STIM_END_RESP_START
054 1 1 1 0441416316 RESP_END
055 0 4 10 0443963012 STIM_START
055 0 4 10 0446316968 LICK
055 0 4 10 0447488432 STIM_END_RESP_START
055 0 4 10 0448132156 LICK
055 0 4 10 0448132640 TIMEOUT_START
055 0 4 10 0448688472 RESP_END
055 0 4 10 0455133124 TIMEOUT_END
056 0 3 3 0464972324 STIM_START
056 0 3 3 0468247692 STIM_END_RESP_START
056 0 3 3 0469447732 RESP_END
057 0 2 2 0471159384 STIM_START
057 0 2 2 0474284740 STIM_END_RESP_START
057 0 2 2 0475484780 RESP_END
058 1 2 3 0477202288 STIM_START
058 1 2 3 0480327644 STIM_END_RESP_START
058 1 2 3 0480853952 LICK
058 1 2 3 0480854444 REWARD_START
058 1 2 3 0481227496 LICK
058 1 2 3 0481357312 LICK
058 1 2 3 0481467552 LICK
058 1 2 3 0481527652 RESP_END
058 1 2 3 0480867464 REWARD_END
059 1 2 2 0486878900 STIM_START
059 1 2 2 0487548524 LICK
059 1 2 2 0487806156 LICK
059 1 2 2 0490004252 STIM_END_RESP_START
059 1 2 2 0490169728 LICK
059 1 2 2 0490170212 REWARD_START
059 1 2 2 0490323628 LICK
059 1 2 2 0490469268 LICK
059 1 2 2 0490569840 LICK
059 1 2 2 0490673944 LICK
059 1 2 2 0490783252 LICK
059 1 2 2 0490920428 LICK
059 1 2 2 0491023300 LICK
059 1 2 2 0491177648 LICK
059 1 2 2 0491204276 RESP_END
059 1 2 2 0490183236 REWARD_END
060 1 5 2 0496525356 STIM_START
060 1 5 2 0496919768 LICK
060 1 5 2 0497074400 LICK
060 1 5 2 0497275676 LICK
060 1 5 2 0498738696 LICK
060 1 5 2 0498899824 LICK
060 1 5 2 0499152452 LICK
060 1 5 2 0499424256 LICK
060 1 5 2 0500550832 STIM_END_RESP_START
060 1 5 2 0500783492 LICK
060 1 5 2 0500783976 REWARD_START
060 1 5 2 0500943080 LICK
060 1 5 2 0501107620 LICK
060 1 5 2 0501206352 LICK
060 1 5 2 0501317552 LICK
060 1 5 2 0501461492 LICK
060 1 5 2 0501546648 LICK
060 1 5 2 0501709892 LICK
060 1 5 2 0501750860 RESP_END
060 1 5 2 0500797000 REWARD_END
061 0 5 1 0507941200 STIM_START
061 0 5 1 0508251944 LICK
061 0 5 1 0508533520 LICK
061 0 5 1 0508843292 LICK
061 0 5 1 0509012004 LICK
061 0 5 1 0509213676 LICK
061 0 5 1 0510526788 LICK
061 0 5 1 0510725160 LICK
061 0 5 1 0511137124 LICK
061 0 5 1 0511966660 STIM_END_RESP_START
061 0 5 1 0513067068 LICK
061 0 5 1 0513067552 TIMEOUT_START
061 0 5 1 0513166708 RESP_END
061 0 5 1 0520068032 TIMEOUT_END
062 0 1 4 0522878604 STIM_START
062 0 1 4 0522902092 LICK
062 0 1 4 0525374184 LICK
062 0 1 4 0525571324 LICK
062 0 1 4 0525953984 STIM_END_RESP_START
062 0 1 4 0526054516 LICK
062 0 1 4 0526055000 TIMEOUT_START
062 0 1 4 0526254592 LICK
062 0 1 4 0526255072 TIMEOUT_START
062 0 1 4 0526613492 LICK
062 0 1 4 0526613980 TIMEOUT_START
062 0 1 4 0526906076 LICK
062 0 1 4 0526906564 TIMEOUT_START
062 0 1 4 0527154028 RESP_END
062 0 1 4 0533907052 TIMEOUT_END
063 1 4 4 0537057852 STIM_START
063 1 4 4 0537099992 LICK
063 1 4 4 0538566584 LICK
063 1 4 4 0539793180 LICK
063 1 4 4 0540583256 STIM_END_RESP_START
063 1 4 4 0540839724 LICK
063 1 4 4 0540840212 REWARD_START
063 1 4 4 0541146416 LICK
063 1 4 4 0541250328 LICK
063 1 4 4 0541329136 LICK
063 1 4 4 0541456772 LICK
063 1 4 4 0541567512 LICK
063 1 4 4 0541708364 LICK
063 1 4 4 0541783284 RESP_END
063 1 4 4 0540853224 REWARD_END
064 1 3 8 0547246468 STIM_START
064 1 3 8 0547408316 LICK
064 1 3 8 0548535000 LICK
064 1 3 8 0548685472 LICK
064 1 3 8 0549235204 LICK
064 1 3 8 0549754552 LICK
064 1 3 8 0549956380 LICK
064 1 3 8 0550231664 LICK
064 1 3 8 0550521852 STIM_END_RESP_START
064 1 3 8 0550902600 LICK
064 1 3 8 0550903092 REWARD_START
064 1 3 8 0551090984 LICK
064 1 3 8 0551210000 LICK
064 1 3 8 0551352768 LICK
064 1 3 8 0551435732 LICK
064 1 3 8 0551574008 LICK
064 1 3 8 0551668584 LICK
064 1 3 8 0551721888 RESP_END
064 1 3 8 0550916112 REWARD_END
065 1 5 7 0555568856 STIM_START
065 1 5 7 0556641052 LICK
065 1 5 7 0557038544 LICK
065 1 5 7 0557236836 LICK
065 1 5 7 0557330404 LICK
065 1 5 7 0557447692 LICK
065 1 5 7 0557599024 LICK
065 1 5 7 0557798932 LICK
065 1 5 7 0557938948 LICK
065 1 5 7 0558038000 LICK
065 1 5 7 0558375892 LICK
065 1 5 7 0558648364 LICK
065 1 5 7 0558981492 LICK
065 1 5 7 0559232236 LICK
065 1 5 7 0559437168 LICK
065 1 5 7 0559493564 LICK
065 1 5 7 0559594324 STIM_END_RESP_START
065 1 5 7 0559778144 LICK
065 1 5 7 0559778628 REWARD_START
065 1 5 7 0559876368 LICK
065 1 5 7 0560579924 LICK
065 1 5 7 0560707360 LICK
065 1 5 7 0560794344 RESP_END
065 1 5 7 0559791652 REWARD_END
066 0 2 1 0573279660 STIM_START
066 0 2 1 0573287184 LICK
066 0 2 1 0573497304 LICK
066 0 2 1 0573709316 LICK
066 0 2 1 0574020916 LICK
066 0 2 1 0574304784 LICK
066 0 2 1 0574741100 LICK
066 0 2 1 0574957840 LICK
066 0 2 1 0575375628 LICK
066 0 2 1 0576033756 LICK
066 0 2 1 0576405028 STIM_END_RESP_START
066 0 2 1 0577605064 RESP_END
067 2 1 1 0580494764 STIM_START
067 2 1 1 0580998168 LICK
067 2 1 1 0581145236 LICK
067 2 1 1 0582045904 LICK
067 2 1 1 0582493000 LICK
067 2 1 1 0582771476 LICK
067 2 1 1 0583570124 STIM_END_RESP_START
067 2 1 1 0584770160 RESP_END
068 1 4 8 0586495736 STIM_START
068 1 4 8 0586507020 LICK
068 1 4 8 0590021144 STIM_END_RESP_START
068 1 4 8 0590358752 LICK
068 1 4 8 0590359236 REWARD_START
068 1 4 8 0590554156 LICK
068 1 4 8 0590723680 LICK
068 1 4 8 0590847388 LICK
068 1 4 8 0590948400 LICK
068 1 4 8 0591094916 LICK
068 1 4 8 0591221184 RESP_END
068 1 4 8 0590372260 REWARD_END
069 2 3 9 0592929700 STIM_START
069 2 3 9 0596205068 STIM_END_RESP_START
069 2 3 9 0597405108 RESP_END
070 0 5 1 0599154708 STIM_START
070 0 5 1 0602045916 LICK
070 0 5 1 0602187580 LICK
070 0 5 1 0602350868 LICK
070 0 5 1 0602500748 LICK
070 0 5 1 0602929428 LICK
070 0 5 1 0603155700 LICK
070 0 5 1 0603180192 STIM_END_RESP_START
070 0 5 1 0603297376 LICK
070 0 5 1 0603297864 TIMEOUT_START
070 0 5 1 0603443844 LICK
070 0 5 1 0603444332 TIMEOUT_START
070 0 5 1 0603599388 LICK
070 0 5 1 0603599876 TIMEOUT_START
070 0 5 1 0603819704 LICK
070 0 5 1 0603820196 TIMEOUT_START
070 0 5 1 0604016004 LICK
070 0 5 1 0604016488 TIMEOUT_START
070 0 5 1 0604209644 LICK
070 0 5 1 0604210128 TIMEOUT_START
070 0 5 1 0604339408 LICK
070 0 5 1 0604339892 TIMEOUT_START
070 0 5 1 0604380244 RESP_END
070 0 5 1 0611340384 TIMEOUT_END
071 1 2 9 0613048944 STIM_START
071 1 2 9 0613975860 LICK
071 1 2 9 0614109976 LICK
071 1 2 9 0614667364 LICK
071 1 2 9 0614853532 LICK
071 1 2 9 0615537668 LICK
071 1 2 9 0615915508 LICK
071 1 2 9 0616133672 LICK
071 1 2 9 0616174316 STIM_END_RESP_START
071 1 2 9 0616311416 LICK
071 1 2 9 0616311908 REWARD_START
071 1 2 9 0616391816 LICK
071 1 2 9 0616585412 LICK
071 1 2 9 0616680716 LICK
071 1 2 9 0616792224 LICK
071 1 2 9 0616935420 LICK
071 1 2 9 0617108440 LICK
071 1 2 9 0617374344 RESP_END
071 1 2 9 0616324924 REWARD_END
072 2 5 6 0619129916 STIM_START
072 2 5 6 0623155372 STIM_END_RESP_START
072 2 5 6 0623501068 LICK
072 2 5 6 0623501560 REWARD_START
072 2 5 6 0623781176 LICK
072 2 5 6 0623872264 LICK
072 2 5 6 0623978172 LICK
072 2 5 6 0624096040 LICK
072 2 5 6 0624248312 LICK
072 2 5 6 0624355388 RESP_END
072 2 5 6 0623514576 REWARD_END
073 0 5 8 0629194560 STIM_START
073 0 5 8 0630174636 LICK
073 0 5 8 0630346388 LICK
073 0 5 8 0630632540 LICK
073 0 5 8 0630885808 LICK
073 0 5 8 0631093660 LICK
073 0 5 8 0631425780 LICK
073 0 5 8 0631554760 LICK
073 0 5 8 0631737600 LICK
073 0 5 8 0631927932 LICK
073 0 5 8 0633220044 STIM_END_RESP_START
073 0 5 8 0634420084 RESP_END
074 0 3 5 0636129684 STIM_START
074 0 3 5 0636692220 LICK
074 0 3 5 0637486960 LICK
074 0 3 5 0639055588 LICK
074 0 3 5 0639405048 STIM_END_RESP_START
074 0 3 5 0640605084 RESP_END
075 0 2 6 0642318652 STIM_START
075 0 2 6 0645444004 STIM_END_RESP_START
075 0 2 6 0646644040 RESP_END
076 1 3 8 0648364640 STIM_START
076 1 3 8 0651640008 STIM_END_RESP_START
076 1 3 8 0651855720 LICK
076 1 3 8 0651856212 REWARD_START
076 1 3 8 0652023376 LICK
076 1 3 8 0652129344 LICK
076 1 3 8 0652225136 LICK
076 1 3 8 0652332048 LICK
076 1 3 8 0652466220 LICK
076 1 3 8 0652584596 LICK
076 1 3 8 0652840024 RESP_END
076 1 3 8 0651869236 REWARD_END
077 1 2 7 0654549612 STIM_START
077 1 2 7 0656592936 LICK
077 1 2 7 0656736280 LICK
077 1 2 7 0656872920 LICK
077 1 2 7 0657240332 LICK
077 1 2 7 0657397916 LICK
077 1 2 7 0657674980 STIM_END_RESP_START
077 1 2 7 0657798204 LICK
077 1 2 7 0657798692 REWARD_START
077 1 2 7 0657942488 LICK
077 1 2 7 0658071000 LICK
077 1 2 7 0658176616 LICK
077 1 2 7 0658286648 LICK
077 1 2 7 0658416108 LICK
077 1 2 7 0658575808 LICK
077 1 2 7 0658874988 RESP_END
077 1 2 7 0657811696 REWARD_END
078 0 3 2 0660663600 STIM_START
078 0 3 2 0660987764 LICK
078 0 3 2 0661224732 LICK
078 0 3 2 0661571832 LICK
078 0 3 2 0661768416 LICK
078 0 3 2 0662306584 LICK
078 0 3 2 0662677184 LICK
078 0 3 2 0662828304 LICK
078 0 3 2 0663532576 LICK
078 0 3 2 0663938996 STIM_END_RESP_START
078 0 3 2 0664676176 LICK
078 0 3 2 0664676664 TIMEOUT_START
078 0 3 2 0665139028 RESP_END
078 0 3 2 0671677148 TIMEOUT_END
079 2 4 4 0673398668 STIM_START
079 2 4 4 0676879748 LICK
079 2 4 4 0676924072 STIM_END_RESP_START
079 2 4 4 0677291496 LICK
079 2 4 4 0677291980 REWARD_START
079 2 4 4 0677478964 LICK
079 2 4 4 0677597712 LICK
079 2 4 4 0677679664 LICK
079 2 4 4 0677796524 LICK
079 2 4 4 0677909112 LICK
079 2 4 4 0678040968 LICK
079 2 4 4 0678124088 RESP_END
079 2 4 4 0677305004 REWARD_END
080 0 4 8 0679927712 STIM_START
080 0 4 8 0682275456 LICK
080 0 4 8 0682743460 LICK
080 0 4 8 0682902836 LICK
080 0 4 8 0683377224 LICK
080 0 4 8 0683453120 STIM_END_RESP_START
080 0 4 8 0683806536 LICK
080 0 4 8 0683807024 TIMEOUT_START
080 0 4 8 0684090888 LICK
080 0 4 8 0684091368 TIMEOUT_START
080 0 4 8 0684325316 LICK
080 0 4 8 0684325800 TIMEOUT_START
080 0 4 8 0684459848 LICK
080 0 4 8 0684460336 TIMEOUT_START
080 0 4 8 0684653148 RESP_END
080 0 4 8 0691460824 TIMEOUT_END
081 0 1 2 0693163816 STIM_START
081 0 1 2 0693479640 LICK
081 0 1 2 0693684176 LICK
081 0 1 2 0693982808 LICK
081 0 1 2 0694451452 LICK
081 0 1 2 0694936304 LICK
081 0 1 2 0695337764 LICK
081 0 1 2 0695499156 LICK
081 0 1 2 0696239156 STIM_END_RESP_START
081 0 1 2 0697439188 RESP_END
082 1 2 6 0699153796 STIM_START
082 1 2 6 0699445300 LICK
082 1 2 6 0699893428 LICK
082 1 2 6 0702279160 STIM_END_RESP_START
082 1 2 6 0702507308 LICK
082 1 2 6 0702507792 REWARD_START
082 1 2 6 0702639276 LICK
082 1 2 6 0702790568 LICK
082 1 2 6 0702873012 LICK
082 1 2 6 0702979048 LICK
082 1 2 6 0703089116 LICK
082 1 2 6 0703216416 LICK
082 1 2 6 0703337836 LICK
082 1 2 6 0703479208 RESP_END
082 1 2 6 0702520816 REWARD_END
083 2 5 10 0705509824 STIM_START
083 2 5 10 0709535288 STIM_END_RESP_START
083 2 5 10 0710735324 RESP_END
084 0 5 3 0712481960 STIM_START
084 0 5 3 0712863908 LICK
084 0 5 3 0716507412 STIM_END_RESP_START
084 0 5 3 0717707452 RESP_END
085 2 3 9 0719415044 STIM_START
085 2 3 9 0722690412 STIM_END_RESP_START
085 2 3 9 0723890448 RESP_END
086 1 5 9 0725637992 STIM_START
086 1 5 9 0729663452 STIM_END_RESP_START
086 1 5 9 0730009432 LICK
086 1 5 9 0730009924 REWARD_START
086 1 5 9 0730161324 LICK
086 1 5 9 0730391460 LICK
086 1 5 9 0730863488 RESP_END
086 1 5 9 0730022944 REWARD_END
087 1 4 6 0732580152 STIM_START
087 1 4 6 0735479580 LICK
087 1 4 6 0735611848 LICK
087 1 4 6 0735739776 LICK
087 1 4 6 0736105572 STIM_END_RESP_START
087 1 4 6 0736185776 LICK
087 1 4 6 0736186264 REWARD_START
087 1 4 6 0736339824 LICK
087 1 4 6 0736550464 LICK
087 1 4 6 0736666840 LICK
087 1 4 6 0736805932 LICK
087 1 4 6 0737305620 RESP_END
087 1 4 6 0736199284 REWARD_END
088 0 1 6 0739019184 STIM_START
088 0 1 6 0740611280 LICK
088 0 1 6 0740747468 LICK
088 0 1 6 0740876688 LICK
088 0 1 6 0741116168 LICK
088 0 1 6 0741551536 LICK
088 0 1 6 0741742732 LICK
088 0 1 6 0741889688 LICK
088 0 1 6 0742045748 LICK
088 0 1 6 0742094552 STIM_END_RESP_START
088 0 1 6 0742448676 LICK
088 0 1 6 0742449164 TIMEOUT_START
088 0 1 6 0742632384 LICK
088 0 1 6 0742632872 TIMEOUT_START
088 0 1 6 0742893164 LICK
088 0 1 6 0742893652 TIMEOUT_START
088 0 1 6 0743041772 LICK
088 0 1 6 0743042260 TIMEOUT_START
088 0 1 6 0743294584 RESP_END
088 0 1 6 0750042744 TIMEOUT_END
089 0 4 5 0751759188 STIM_START
089 0 4 5 0755284588 STIM_END_RESP_START
089 0 4 5 0756484624 RESP_END
090 2 2 6 0758196284 STIM_START
090 2 2 6 0758568324 LICK
090 2 2 6 0758726560 LICK
090 2 2 6 0759263304 LICK
090 2 2 6 0759405420 LICK
090 2 2 6 0760186060 LICK
090 2 2 6 0761085712 LICK
090 2 2 6 0761309976 LICK
090 2 2 6 0761321672 STIM_END_RESP_START
090 2 2 6 0762053196 LICK
090 2 2 6 0762053688 REWARD_START
090 2 2 6 0762217640 LICK
090 2 2 6 0762426596 LICK
090 2 2 6 0762521696 RESP_END
090 2 2 6 0762066704 REWARD_END
091 0 5 10 0764768332 STIM_START
091 0 5 10 0765926044 LICK
091 0 5 10 0766076396 LICK
091 0 5 10 0766335708 LICK
091 0 5 10 0766645240 LICK
091 0 5 10 0766810796 LICK
091 0 5 10 0766953788 LICK
091 0 5 10 0767145188 LICK
091 0 5 10 0767593764 LICK
091 0 5 10 0767969120 LICK
091 0 5 10 0768129092 LICK
091 0 5 10 0768793812 STIM_END_RESP_START
091 0 5 10 0769993848 RESP_END
092 2 2 9 0771697392 STIM_START
092 2 2 9 0772028452 LICK
092 2 2 9 0774822736 STIM_END_RESP_START
092 2 2 9 0775025720 LICK
092 2 2 9 0775026208 REWARD_START
092 2 2 9 0776022772 RESP_END
092 2 2 9 0775039216 REWARD_END
093 0 5 6 0777760400 STIM_START
093 0 5 6 0781785860 STIM_END_RESP_START
093 0 5 6 0782985896 RESP_END
094 0 4 10 0784716480 STIM_START
094 0 4 10 0786022104 LICK
094 0 4 10 0786256208 LICK
094 0 4 10 0786367732 LICK
094 0 4 10 0786503912 LICK
094 0 4 10 0786600884 LICK
094 0 4 10 0786717708 LICK
094 0 4 10 0788241900 STIM_END_RESP_START
094 0 4 10 0789101608 LICK
094 0 4 10 0789102092 TIMEOUT_START
094 0 4 10 0789441924 RESP_END
094 0 4 10 0796102576 TIMEOUT_END
095 0 4 3 0797823644 STIM_START
095 0 4 3 0798602920 LICK
095 0 4 3 0798942968 LICK
095 0 4 3 0799343556 LICK
095 0 4 3 0799566004 LICK
095 0 4 3 0799953336 LICK
095 0 4 3 0800312988 LICK
095 0 4 3 0801349072 STIM_END_RESP_START
095 0 4 3 0801721964 LICK
095 0 4 3 0801722452 TIMEOUT_START
095 0 4 3 0802549112 RESP_END
095 0 4 3 0808722940 TIMEOUT_END
096 2 3 1 0810436644 STIM_START
096 2 3 1 0813712044 STIM_END_RESP_START
096 2 3 1 0814912080 RESP_END
097 0 5 10 0820340180 STIM_START
097 0 5 10 0824365636 STIM_END_RESP_START
097 0 5 10 0825565672 RESP_END
098 1 4 5 0827292292 STIM_START
098 1 4 5 0830817728 STIM_END_RESP_START
098 1 4 5 0831118048 LICK
098 1 4 5 0831118540 REWARD_START
098 1 4 5 0831265008 LICK
098 1 4 5 0831641748 LICK
098 1 4 5 0831767408 LICK
098 1 4 5 0832017748 RESP_END
098 1 4 5 0831131556 REWARD_END
099 2 5 5 0833755396 STIM_START
099 2 5 5 0835354904 LICK
099 2 5 5 0835470824 LICK
099 2 5 5 0836129888 LICK
099 2 5 5 0837780860 STIM_END_RESP_START
099 2 5 5 0838042568 LICK
099 2 5 5 0838043060 REWARD_START
099 2 5 5 0838135816 LICK
099 2 5 5 0838356796 LICK
099 2 5 5 0838505092 LICK
099 2 5 5 0838651484 LICK
099 2 5 5 0838980908 RESP_END
099 2 5 5 0838056068 REWARD_END
100 0 5 10 0840990540 STIM_START
100 0 5 10 0841953244 LICK
100 0 5 10 0842105084 LICK
100 0 5 10 0842963336 LICK
100 0 5 10 0843451340 LICK
100 0 5 10 0843597320 LICK
100 0 5 10 0844028000 LICK
100 0 5 10 0844224372 LICK
100 0 5 10 0844851508 LICK
100 0 5 10 0845016020 STIM_END_RESP_START
100 0 5 10 0846216056 RESP_END
101 0 3 4 0847934648 STIM_START
101 0 3 4 0848455236 LICK
101 0 3 4 0849760080 LICK
101 0 3 4 0849899940 LICK
101 0 3 4 0850040140 LICK
101 0 3 4 0850685416 LICK
101 0 3 4 0851210032 STIM_END_RESP_START
101 0 3 4 0852410068 RESP_END
102 2 4 3 0854128652 STIM_START
102 2 4 3 0857136576 LICK
102 2 4 3 0857277880 LICK
102 2 4 3 0857654040 STIM_END_RESP_START
102 2 4 3 0857750232 LICK
102 2 4 3 0857750724 REWARD_START
102 2 4 3 0857916900 LICK
102 2 4 3 0858296744 LICK
102 2 4 3 0858418552 LICK
102 2 4 3 0858551120 LICK
102 2 4 3 0858854060 RESP_END
102 2 4 3 0857763740 REWARD_END
103 1 5 9 0860592668 STIM_START
103 1 5 9 0862830436 LICK
103 1 5 9 0863703208 LICK
103 1 5 9 0864618132 STIM_END_RESP_START
103 1 5 9 0864795948 LICK
103 1 5 9 0864796436 REWARD_START
103 1 5 9 0864912812 LICK
103 1 5 9 0865146524 LICK
103 1 5 9 0865282552 LICK
103 1 5 9 0865427600 LICK
103 1 5 9 0865818164 RESP_END
103 1 5 9 0864809460 REWARD_END
104 2 3 6 0867529776 STIM_START
104 2 3 6 0868365108 LICK
104 2 3 6 0870805164 STIM_END_RESP_START
104 2 3 6 0872005200 RESP_END
105 0 5 2 0873749780 STIM_START
105 0 5 2 0876844768 LICK
105 0 5 2 0876987096 LICK
105 0 5 2 0877775240 STIM_END_RESP_START
105 0 5 2 0878975276 RESP_END
106 0 2 5 0880688852 STIM_START
106 0 2 5 0883814204 STIM_END_RESP_START
106 0 2 5 0885014244 RESP_END
107 2 4 9 0886734880 STIM_START
107 2 4 9 0890260272 STIM_END_RESP_START
107 2 4 9 0891460308 RESP_END
108 1 2 9 0893176904 STIM_START
108 1 2 9 0893636116 LICK
108 1 2 9 0893779184 LICK
108 1 2 9 0894110236 LICK
108 1 2 9 0894512444 LICK
108 1 2 9 0894795176 LICK
108 1 2 9 0895210248 LICK
108 1 2 9 0895445712 LICK
108 1 2 9 0895999480 LICK
108 1 2 9 0896181740 LICK
108 1 2 9 0896302284 STIM_END_RESP_START
108 1 2 9 0896470764 LICK
108 1 2 9 0896471256 REWARD_START
108 1 2 9 0896619404 LICK
108 1 2 9 0896860000 LICK
108 1 2 9 0896994860 LICK
108 1 2 9 0897133544 LICK
108 1 2 9 0897502304 RESP_END
108 1 2 9 0896484272 REWARD_END
109 0 4 7 0899231880 STIM_START
109 0 4 7 0902757308 STIM_END_RESP_START
109 0 4 7 0903957348 RESP_END
110 0 3 2 0905667912 STIM_START
110 0 3 2 0908943312 STIM_END_RESP_START
110 0 3 2 0910143352 RESP_END
111 1 4 3 0911872908 STIM_START
111 1 4 3 0914862392 LICK
111 1 4 3 0915241528 LICK
111 1 4 3 0915398304 STIM_END_RESP_START
111 1 4 3 0915413228 LICK
111 1 4 3 0915413716 REWARD_START
111 1 4 3 0915573920 LICK
111 1 4 3 0915721852 LICK
111 1 4 3 0915822584 LICK
111 1 4 3 0915961308 LICK
111 1 4 3 0916101924 LICK
111 1 4 3 0916598348 RESP_END
111 1 4 3 0915426740 REWARD_END
112 1 5 3 0918338904 STIM_START
112 1 5 3 0922133484 LICK
112 1 5 3 0922364360 STIM_END_RESP_START
112 1 5 3 0922466452 LICK
112 1 5 3 0922466940 REWARD_START
112 1 5 3 0922634112 LICK
112 1 5 3 0922775396 LICK
112 1 5 3 0922871904 LICK
112 1 5 3 0923010432 LICK
112 1 5 3 0923168452 LICK
112 1 5 3 0923564380 RESP_END
112 1 5 3 0922479960 REWARD_END
113 2 2 9 0925278040 STIM_START
113 2 2 9 0927062088 LICK
113 2 2 9 0927204576 LICK
113 2 2 9 0927356692 LICK
113 2 2 9 0927845928 LICK
113 2 2 9 0928019004 LICK
113 2 2 9 0928403428 STIM_END_RESP_START
113 2 2 9 0928447944 LICK
113 2 2 9 0928448432 REWARD_START
113 2 2 9 0928605856 LICK
113 2 2 9 0928729548 LICK
113 2 2 9 0928836336 LICK
113 2 2 9 0928981984 LICK
113 2 2 9 0929147808 LICK
113 2 2 9 0929603464 RESP_END
113 2 2 9 0928461452 REWARD_END
114 0 4 5 0931333004 STIM_START
114 0 4 5 0934174932 LICK
114 0 4 5 0934326060 LICK
114 0 4 5 0934858436 STIM_END_RESP_START
114 0 4 5 0936058472 RESP_END
115 0 4 9 0937785024 STIM_START
115 0 4 9 0938867440 LICK
115 0 4 9 0939025004 LICK
115 0 4 9 0939510760 LICK
115 0 4 9 0940186128 LICK
115 0 4 9 0940329788 LICK
115 0 4 9 0940458896 LICK
115 0 4 9 0940612324 LICK
115 0 4 9 0940954816 LICK
115 0 4 9 0941235716 LICK
115 0 4 9 0941310432 STIM_END_RESP_START
115 0 4 9 0941733368 LICK
115 0 4 9 0941733856 TIMEOUT_START
115 0 4 9 0942510452 RESP_END
115 0 4 9 0948734352 TIMEOUT_END
116 1 2 6 0950434088 STIM_START
116 1 2 6 0950999428 LICK
116 1 2 6 0951264248 LICK
116 1 2 6 0952218028 LICK
116 1 2 6 0953461320 LICK
116 1 2 6 0953559456 STIM_END_RESP_START
116 1 2 6 0953650396 LICK
116 1 2 6 0953650884 REWARD_START
116 1 2 6 0953814968 LICK
116 1 2 6 0953965096 LICK
116 1 2 6 0954100512 LICK
116 1 2 6 0954238920 LICK
116 1 2 6 0954388036 LICK
116 1 2 6 0954759488 RESP_END
116 1 2 6 0953663904 REWARD_END
117 1 4 5 0956480000 STIM_START
117 1 4 5 0956877700 LICK
117 1 4 5 0957716464 LICK
117 1 4 5 0957857768 LICK
117 1 4 5 0958301900 LICK
117 1 4 5 0958601152 LICK
117 1 4 5 0958777716 LICK
117 1 4 5 0959281920 LICK
117 1 4 5 0959453784 LICK
117 1 4 5 0959591712 LICK
117 1 4 5 0959922968 LICK
117 1 4 5 0960005420 STIM_END_RESP_START
117 1 4 5 0960138152 LICK
117 1 4 5 0960138640 REWARD_START
117 1 4 5 0960306996 LICK
117 1 4 5 0960434248 LICK
117 1 4 5 0960560148 LICK
117 1 4 5 0960737724 LICK
117 1 4 5 0960891804 LICK
117 1 4 5 0961205448 RESP_END
117 1 4 5 0960151664 REWARD_END
118 1 4 9 0962927052 STIM_START
118 1 4 9 0966452452 STIM_END_RESP_START
118 1 4 9 0966540512 LICK
118 1 4 9 0966541000 REWARD_START
118 1 4 9 0966687188 LICK
118 1 4 9 0966831820 LICK
118 1 4 9 0966956988 LICK
118 1 4 9 0967119388 LICK
118 1 4 9 0967273124 LICK
118 1 4 9 0967409772 LICK
118 1 4 9 0967652464 RESP_END
118 1 4 9 0966554020 REWARD_END
119 0 4 1 0969374100 STIM_START
119 0 4 1 0971076824 LICK
119 0 4 1 0971233760 LICK
119 0 4 1 0971785012 LICK
119 0 4 1 0972214932 LICK
119 0 4 1 0972375228 LICK
119 0 4 1 0972497300 LICK
119 0 4 1 0972775584 LICK
119 0 4 1 0972899512 STIM_END_RESP_START
119 0 4 1 0972950276 LICK
119 0 4 1 0972950768 TIMEOUT_START
119 0 4 1 0973135204 LICK
119 0 4 1 0973135688 TIMEOUT_START
119 0 4 1 0973346676 LICK
119 0 4 1 0973347168 TIMEOUT_START
119 0 4 1 0973691788 LICK
119 0 4 1 0973692280 TIMEOUT_START
119 0 4 1 0974099540 RESP_END
119 0 4 1 0980692768 TIMEOUT_END
120 0 3 5 0982413148 STIM_START
120 0 3 5 0985688520 STIM_END_RESP_START
120 0 3 5 0986888556 RESP_END
121 0 5 2 0988632124 STIM_START
121 0 5 2 0990789436 LICK
121 0 5 2 0991112716 LICK
121 0 5 2 0992657580 STIM_END_RESP_START
121 0 5 2 0993857616 RESP_END
122 1 2 4 0997492604 STIM_START
122 1 2 4 1000617960 STIM_END_RESP_START
122 1 2 4 1000877460 LICK
122 1 2 4 1000877992 REWARD_START
122 1 2 4 1001036904 LICK
122 1 2 4 1001401772 LICK
122 1 2 4 1001520064 LICK
122 1 2 4 1001657264 LICK
122 1 2 4 1001817996 RESP_END
122 1 2 4 1000891072 REWARD_END
123 1 3 4 1003540556 STIM_START
123 1 3 4 1005127996 LICK
123 1 3 4 1005257052 LICK
123 1 3 4 1005662436 LICK
123 1 3 4 1005820016 LICK
123 1 3 4 1006240404 LICK
123 1 3 4 1006397464 LICK
123 1 3 4 1006815948 STIM_END_RESP_START
123 1 3 4 1006925164 LICK
123 1 3 4 1006925696 REWARD_START
123 1 3 4 1007062216 LICK
123 1 3 4 1007286604 LICK
123 1 3 4 1007426240 LICK
123 1 3 4 1007568148 LICK
123 1 3 4 1008015964 RESP_END
123 1 3 4 1006938772 REWARD_END
124 2 2 6 1009743528 STIM_START
124 2 2 6 1012868900 STIM_END_RESP_START
124 2 2 6 1014068912 RESP_END
125 0 3 4 1015784512 STIM_START
125 0 3 4 1019059892 STIM_END_RESP_START
125 0 3 4 1020259908 RESP_END
126 1 5 7 1022002464 STIM_START
126 1 5 7 1023204464 LICK
126 1 5 7 1023329428 LICK
126 1 5 7 1023490636 LICK
126 1 5 7 1023873260 LICK
126 1 5 7 1024364296 LICK
126 1 5 7 1024885172 LICK
126 1 5 7 1025329108 LICK
126 1 5 7 1026027948 STIM_END_RESP_START
126 1 5 7 1026222608 LICK
126 1 5 7 1026223144 REWARD_START
126 1 5 7 1026343400 LICK
126 1 5 7 1026491144 LICK
126 1 5 7 1026585168 LICK
126 1 5 7 1026728904 LICK
126 1 5 7 1026874140 LICK
126 1 5 7 1027227992 RESP_END
126 1 5 7 1026236216 REWARD_END
127 0 3 8 1028941600 STIM_START
127 0 3 8 1032216984 STIM_END_RESP_START
127 0 3 8 1033416996 RESP_END
128 1 1 9 1035129608 STIM_START
128 1 1 9 1037243752 LICK
128 1 1 9 1037363628 LICK
128 1 1 9 1037509888 LICK
128 1 1 9 1037894032 LICK
128 1 1 9 1038204952 STIM_END_RESP_START
128 1 1 9 1038371468 LICK
128 1 1 9 1038372004 REWARD_START
128 1 1 9 1038518264 LICK
128 1 1 9 1038652436 LICK
128 1 1 9 1038770480 LICK
128 1 1 9 1038899804 LICK
128 1 1 9 1039051892 LICK
128 1 1 9 1039404992 RESP_END
128 1 1 9 1038385076 REWARD_END
129 1 1 1 1041132536 STIM_START
129 1 1 1 1044207884 STIM_END_RESP_START
129 1 1 1 1044447104 LICK
129 1 1 1 1044447644 REWARD_START
129 1 1 1 1044583360 LICK
129 1 1 1 1044823012 LICK
129 1 1 1 1044954796 LICK
129 1 1 1 1045085224 LICK
129 1 1 1 1045222788 LICK
129 1 1 1 1045407900 RESP_END
129 1 1 1 1044460724 REWARD_END
130 1 2 2 1047125504 STIM_START
130 1 2 2 1048654472 LICK
130 1 2 2 1048973172 LICK
130 1 2 2 1049135132 LICK
130 1 2 2 1049564424 LICK
130 1 2 2 1049809788 LICK
130 1 2 2 1050175368 LICK
130 1 2 2 1050250880 STIM_END_RESP_START
130 1 2 2 1050393952 LICK
130 1 2 2 1050394480 REWARD_START
130 1 2 2 1050518156 LICK
130 1 2 2 1050644548 LICK
130 1 2 2 1050766904 LICK
130 1 2 2 1050906104 LICK
130 1 2 2 1051039976 LICK
130 1 2 2 1051450924 RESP_END
130 1 2 2 1050407556 REWARD_END
131 0 1 4 1053174476 STIM_START
131 0 1 4 1053487284 LICK
131 0 1 4 1056249824 STIM_END_RESP_START
131 0 1 4 1057449840 RESP_END
132 1 1 6 1059168440 STIM_START
132 1 1 6 1059178164 LICK
132 1 1 6 1059311948 LICK
132 1 1 6 1059754660 LICK
132 1 1 6 1060071964 LICK
132 1 1 6 1060571960 LICK
132 1 1 6 1061200108 LICK
132 1 1 6 1061350044 LICK
132 1 1 6 1061733268 LICK
132 1 1 6 1061881452 LICK
132 1 1 6 1062086012 LICK
132 1 1 6 1062243808 STIM_END_RESP_START
132 1 1 6 1062397408 LICK
132 1 1 6 1062397944 REWARD_START
132 1 1 6 1062567488 LICK
132 1 1 6 1062672040 LICK
132 1 1 6 1062795876 LICK
132 1 1 6 1062936128 LICK
132 1 1 6 1063443856 RESP_END
132 1 1 6 1062411024 REWARD_END
133 0 4 2 1065157416 STIM_START
133 0 4 2 1067986112 LICK
133 0 4 2 1068682828 STIM_END_RESP_START
133 0 4 2 1069053316 LICK
133 0 4 2 1069053848 TIMEOUT_START
133 0 4 2 1069187768 LICK
133 0 4 2 1069188308 TIMEOUT_START
133 0 4 2 1069338352 LICK
133 0 4 2 1069338888 TIMEOUT_START
133 0 4 2 1069882848 RESP_END
133 0 4 2 1076339428 TIMEOUT_END
134 2 5 9 1078085480 STIM_START
134 2 5 9 1082110952 STIM_END_RESP_START
134 2 5 9 1083310968 RESP_END
135 2 5 6 1085055584 STIM_START
135 2 5 6 1089081056 STIM_END_RESP_START
135 2 5 6 1089345068 LICK
135 2 5 6 1089345604 REWARD_START
135 2 5 6 1089484716 LICK
135 2 5 6 1089979172 LICK
135 2 5 6 1090096448 LICK
135 2 5 6 1090281104 RESP_END
135 2 5 6 1089358672 REWARD_END
136 1 3 6 1091997692 STIM_START
136 1 3 6 1095273076 STIM_END_RESP_START
136 1 3 6 1095687888 LICK
136 1 3 6 1095688428 REWARD_START
136 1 3 6 1095889540 LICK
136 1 3 6 1096149488 LICK
136 1 3 6 1096293468 LICK
136 1 3 6 1096405960 LICK
136 1 3 6 1096473116 RESP_END
136 1 3 6 1095701496 REWARD_END
137 0 3 4 1098268652 STIM_START
137 0 3 4 1098315396 LICK
137 0 3 4 1099079296 LICK
137 0 3 4 1099579908 LICK
137 0 3 4 1100304816 LICK
137 0 3 4 1101405736 LICK
137 0 3 4 1101544056 STIM_END_RESP_START
137 0 3 4 1102744068 RESP_END
138 0 1 5 1104461660 STIM_START
138 0 1 5 1107537008 STIM_END_RESP_START
138 0 1 5 1108737060 RESP_END
139 0 1 9 1110444612 STIM_START
139 0 1 9 1113519952 STIM_END_RESP_START
139 0 1 9 1114719972 RESP_END
140 1 5 5 1116467608 STIM_START
140 1 5 5 1120493080 STIM_END_RESP_START
140 1 5 5 1120786136 LICK
140 1 5 5 1120786676 REWARD_START
140 1 5 5 1121383268 LICK
140 1 5 5 1121521564 LICK
140 1 5 5 1121693128 RESP_END
140 1 5 5 1120799752 REWARD_END
141 0 5 7 1123437808 STIM_START
141 0 5 7 1124731792 LICK
141 0 5 7 1124875628 LICK
141 0 5 7 1125314316 LICK
141 0 5 7 1125792924 LICK
141 0 5 7 1126203208 LICK
141 0 5 7 1127020448 LICK
141 0 5 7 1127463272 STIM_END_RESP_START
141 0 5 7 1127685096 LICK
141 0 5 7 1127685632 TIMEOUT_START
141 0 5 7 1127787436 LICK
141 0 5 7 1127787972 TIMEOUT_START
141 0 5 7 1127926704 LICK
141 0 5 7 1127927244 TIMEOUT_START
141 0 5 7 1128213068 LICK
141 0 5 7 1128213604 TIMEOUT_START
141 0 5 7 1128663304 RESP_END
141 0 5 7 1135214140 TIMEOUT_END
142 1 5 9 1136953880 STIM_START
142 1 5 9 1140979352 STIM_END_RESP_START
142 1 5 9 1142179364 RESP_END
143 0 2 2 1143894036 STIM_START
143 0 2 2 1147019408 STIM_END_RESP_START
143 0 2 2 1148219460 RESP_END
144 2 3 9 1149940988 STIM_START
144 2 3 9 1153216368 STIM_END_RESP_START
144 2 3 9 1153393032 LICK
144 2 3 9 1153393564 REWARD_START
144 2 3 9 1153526136 LICK
144 2 3 9 1153893676 LICK
144 2 3 9 1154156488 LICK
144 2 3 9 1154416412 RESP_END
144 2 3 9 1153406644 REWARD_END
145 0 4 6 1156147996 STIM_START
145 0 4 6 1159673408 STIM_END_RESP_START
145 0 4 6 1159943576 LICK
145 0 4 6 1159944108 TIMEOUT_START
145 0 4 6 1160445148 LICK
145 0 4 6 1160445676 TIMEOUT_START
145 0 4 6 1160873420 RESP_END
145 0 4 6 1167446224 TIMEOUT_END
146 1 3 9 1169165020 STIM_START
146 1 3 9 1172224340 LICK
146 1 3 9 1172365236 LICK
146 1 3 9 1172440396 STIM_END_RESP_START
146 1 3 9 1172553936 LICK
146 1 3 9 1172554468 REWARD_START
146 1 3 9 1172737832 LICK
146 1 3 9 1173090940 LICK
146 1 3 9 1173228540 LICK
146 1 3 9 1173640428 RESP_END
146 1 3 9 1172567544 REWARD_END
147 0 3 3 1175344052 STIM_START
147 0 3 3 1178619440 STIM_END_RESP_START
147 0 3 3 1179819456 RESP_END
148 2 5 5 1181557052 STIM_START
148 2 5 5 1185582524 STIM_END_RESP_START
148 2 5 5 1185807320 LICK
148 2 5 5 1185807856 REWARD_START
148 2 5 5 1185919300 LICK
148 2 5 5 1186286680 LICK
148 2 5 5 1186782568 RESP_END
148 2 5 5 1185820936 REWARD_END
149 1 4 7 1188512092 STIM_START
149 1 4 7 1189083836 LICK
149 1 4 7 1189243076 LICK
149 1 4 7 1189583584 LICK
149 1 4 7 1189755792 LICK
149 1 4 7 1189916376 LICK
149 1 4 7 1190311608 LICK
149 1 4 7 1190731572 LICK
149 1 4 7 1192037516 STIM_END_RESP_START
149 1 4 7 1192230736 LICK
149 1 4 7 1192231276 REWARD_START
149 1 4 7 1192334076 LICK
149 1 4 7 1192471288 LICK
149 1 4 7 1192586592 LICK
149 1 4 7 1192704648 LICK
149 1 4 7 1193237572 RESP_END
149 1 4 7 1192244356 REWARD_END
150 1 2 8 1194949128 STIM_START
150 1 2 8 1198074500 STIM_END_RESP_START
150 1 2 8 1198333500 LICK
150 1 2 8 1198334040 REWARD_START
150 1 2 8 1198464056 LICK
150 1 2 8 1198698160 LICK
150 1 2 8 1198832820 LICK
150 1 2 8 1198964820 LICK
150 1 2 8 1199274524 RESP_END
150 1 2 8 1198347112 REWARD_END
151 0 3 6 1200977168 STIM_START
151 0 3 6 1201506704 LICK
151 0 3 6 1201930376 LICK
151 0 3 6 1202096372 LICK
151 0 3 6 1202503560 LICK
151 0 3 6 1202815148 LICK
151 0 3 6 1202959304 LICK
151 0 3 6 1203113864 LICK
151 0 3 6 1203423808 LICK
151 0 3 6 1203622852 LICK
151 0 3 6 1204252544 STIM_END_RESP_START
151 0 3 6 1204345224 LICK
151 0 3 6 1204345760 TIMEOUT_START
151 0 3 6 1204763016 LICK
151 0 3 6 1204763548 TIMEOUT_START
151 0 3 6 1205351984 LICK
151 0 3 6 1205352520 TIMEOUT_START
151 0 3 6 1205452584 RESP_END
151 0 3 6 1212353060 TIMEOUT_END
152 2 3 2 1214080216 STIM_START
152 2 3 2 1214602080 LICK
152 2 3 2 1217355592 STIM_END_RESP_START
152 2 3 2 1218555608 RESP_END
153 0 3 7 1220272244 STIM_START
153 0 3 7 1223547624 STIM_END_RESP_START
153 0 3 7 1224747644 RESP_END
154 1 4 9 1226474300 STIM_START
154 1 4 9 1229999716 STIM_END_RESP_START
154 1 4 9 1230231264 LICK
154 1 4 9 1230231804 REWARD_START
154 1 4 9 1230350080 LICK
154 1 4 9 1230730608 LICK
154 1 4 9 1230832428 LICK
154 1 4 9 1230977668 LICK
154 1 4 9 1231199768 RESP_END
154 1 4 9 1230244880 REWARD_END
155 0 3 4 1232904212 STIM_START
155 0 3 4 1236179588 STIM_END_RESP_START
155 0 3 4 1237379604 RESP_END
156 2 4 4 1239105228 STIM_START
156 2 4 4 1240405312 LICK
156 2 4 4 1240550932 LICK
156 2 4 4 1241850324 LICK
156 2 4 4 1241996184 LICK
156 2 4 4 1242242404 LICK
156 2 4 4 1242465356 LICK
156 2 4 4 1242630644 STIM_END_RESP_START
156 2 4 4 1243219704 LICK
156 2 4 4 1243220240 REWARD_START
156 2 4 4 1243830664 RESP_END
156 2 4 4 1243233316 REWARD_END
157 0 3 8 1245543216 STIM_START
157 0 3 8 1248818600 STIM_END_RESP_START
157 0 3 8 1250018616 RESP_END
158 1 5 7 1251772276 STIM_START
158 1 5 7 1255797752 STIM_END_RESP_START
158 1 5 7 1256997768 RESP_END
159 1 4 8 1258723376 STIM_START
159 1 4 8 1262248780 STIM_END_RESP_START
159 1 4 8 1263448796 RESP_END
160 2 2 2 1265169444 STIM_START
160 2 2 2 1268294812 STIM_END_RESP_START
160 2 2 2 1269494828 RESP_END
161 0 3 6 1271215324 STIM_START
161 0 3 6 1274490704 STIM_END_RESP_START
161 0 3 6 1275690720 RESP_END
162 0 2 1 1277398332 STIM_START
162 0 2 1 1280523704 STIM_END_RESP_START
162 0 2 1 1281723720 RESP_END
163 0 1 9 1283424348 STIM_START
163 0 1 9 1286499728 STIM_END_RESP_START
163 0 1 9 1287699780 RESP_END
164 2 1 9 1289411244 STIM_START
164 2 1 9 1292486584 STIM_END_RESP_START
164 2 1 9 1293686596 RESP_END
165 0 2 6 1295397192 STIM_START
165 0 2 6 1298522560 STIM_END_RESP_START
165 0 2 6 1299722576 RESP_END
166 1 1 6 1301420200 STIM_START
166 1 1 6 1304495540 STIM_END_RESP_START
166 1 1 6 1305695556 RESP_END
167 2 3 7 1307413160 STIM_START
167 2 3 7 1310688544 STIM_END_RESP_START
167 2 3 7 1311888564 RESP_END
168 0 1 1 1313592104 STIM_START
168 0 1 1 1316667452 STIM_END_RESP_START
168 0 1 1 1317867496 RESP_END
169 0 1 2 1319576108 STIM_START
169 0 1 2 1322651488 STIM_END_RESP_START
169 0 1 2 1323851500 RESP_END
170 0 5 5 1325599116 STIM_START
170 0 5 5 1329624592 STIM_END_RESP_START
170 0 5 5 1330824608 RESP_END
171 1 3 7 1332536208 STIM_START
171 1 3 7 1335811588 STIM_END_RESP_START
171 1 3 7 1337011604 RESP_END
172 1 1 9 1338723192 STIM_START
172 1 1 9 1341798540 STIM_END_RESP_START
172 1 1 9 1342432708 LICK
172 1 1 9 1342433236 REWARD_START
172 1 1 9 1342664256 LICK
172 1 1 9 1342998560 RESP_END
172 1 1 9 1342446316 REWARD_END
173 1 1 10 1345137204 STIM_START
173 1 1 10 1346535680 LICK
173 1 1 10 1346641044 LICK
173 1 1 10 1346771204 LICK
173 1 1 10 1346939328 LICK
173 1 1 10 1347346008 LICK
173 1 1 10 1348212576 STIM_END_RESP_START
173 1 1 10 1348385440 LICK
173 1 1 10 1348385976 REWARD_START
173 1 1 10 1348495576 LICK
173 1 1 10 1348728164 LICK
173 1 1 10 1348874476 LICK
173 1 1 10 1348994532 LICK
173 1 1 10 1349412596 RESP_END
173 1 1 10 1348399048 REWARD_END
174 0 1 6 1351124172 STIM_START
174 0 1 6 1354199512 STIM_END_RESP_START
174 0 1 6 1354472164 LICK
174 0 1 6 1354472700 TIMEOUT_START
174 0 1 6 1354614624 LICK
174 0 1 6 1354615160 TIMEOUT_START
174 0 1 6 1355399532 RESP_END
174 0 1 6 1361615700 TIMEOUT_END
175 0 5 6 1363362116 STIM_START
175 0 5 6 1367387588 STIM_END_RESP_START
175 0 5 6 1368587604 RESP_END
176 1 5 9 1370333208 STIM_START
176 1 5 9 1374358680 STIM_END_RESP_START
176 1 5 9 1374643216 LICK
176 1 5 9 1374643744 REWARD_START
176 1 5 9 1374786952 LICK
176 1 5 9 1375119048 LICK
176 1 5 9 1375248460 LICK
176 1 5 9 1375376784 LICK
176 1 5 9 1375532804 LICK
176 1 5 9 1375558708 RESP_END
176 1 5 9 1374656824 REWARD_END
177 1 3 10 1377274284 STIM_START
177 1 3 10 1378887268 LICK
177 1 3 10 1379027472 LICK
177 1 3 10 1379461116 LICK
177 1 3 10 1379645836 LICK
177 1 3 10 1380401864 LICK
177 1 3 10 1380549664 STIM_END_RESP_START
177 1 3 10 1380585376 LICK
177 1 3 10 1380585916 REWARD_START
177 1 3 10 1380749804 LICK
177 1 3 10 1380886788 LICK
177 1 3 10 1381000532 LICK
177 1 3 10 1381105208 LICK
177 1 3 10 1381749684 RESP_END
177 1 3 10 1380598976 REWARD_END
178 1 1 3 1383461300 STIM_START
178 1 1 3 1386536680 STIM_END_RESP_START
178 1 1 3 1386870980 LICK
178 1 1 3 1386871512 REWARD_START
178 1 1 3 1386971520 LICK
178 1 1 3 1387215400 LICK
178 1 1 3 1387349244 LICK
178 1 1 3 1387490072 LICK
178 1 1 3 1387736712 RESP_END
178 1 1 3 1386884592 REWARD_END
179 0 3 6 1389514308 STIM_START
179 0 3 6 1392789692 STIM_END_RESP_START
179 0 3 6 1393989708 RESP_END
180 1 1 8 1395704232 STIM_START
180 1 1 8 1398779612 STIM_END_RESP_START
180 1 1 8 1399117900 LICK
180 1 1 8 1399118432 REWARD_START
180 1 1 8 1399235308 LICK
180 1 1 8 1399468284 LICK
180 1 1 8 1399606584 LICK
180 1 1 8 1399770272 LICK
180 1 1 8 1399979628 RESP_END
180 1 1 8 1399131508 REWARD_END
181 1 3 7 1401693228 STIM_START
181 1 3 7 1402270348 LICK
181 1 3 7 1402395356 LICK
181 1 3 7 1402533264 LICK
181 1 3 7 1402722876 LICK
181 1 3 7 1403000436 LICK
181 1 3 7 1403186324 LICK
181 1 3 7 1404968604 STIM_END_RESP_START
181 1 3 7 1405168880 LICK
181 1 3 7 1405169412 REWARD_START
181 1 3 7 1405278304 LICK
181 1 3 7 1405513360 LICK
181 1 3 7 1405640016 LICK
181 1 3 7 1405783864 LICK
181 1 3 7 1406168648 RESP_END
181 1 3 7 1405182488 REWARD_END
182 1 5 2 1407914236 STIM_START
182 1 5 2 1411939712 STIM_END_RESP_START
182 1 5 2 1413139728 RESP_END
183 0 3 6 1414851300 STIM_START
183 0 3 6 1416076576 LICK
183 0 3 6 1416250396 LICK
183 0 3 6 1416734872 LICK
183 0 3 6 1417582868 LICK
183 0 3 6 1418126676 STIM_END_RESP_START
183 0 3 6 1419326692 RESP_END
184 0 4 10 1421044336 STIM_START
184 0 4 10 1424569752 STIM_END_RESP_START
184 0 4 10 1425769768 RESP_END
185 0 5 5 1427508368 STIM_START
185 0 5 5 1431533840 STIM_END_RESP_START
185 0 5 5 1432733860 RESP_END
186 1 3 6 1434458460 STIM_START
186 1 3 6 1437733840 STIM_END_RESP_START
186 1 3 6 1438351636 LICK
186 1 3 6 1438352168 REWARD_START
186 1 3 6 1438496032 LICK
186 1 3 6 1438865256 LICK
186 1 3 6 1438933888 RESP_END
186 1 3 6 1438365244 REWARD_END
187 2 2 7 1440726480 STIM_START
187 2 2 7 1443851852 STIM_END_RESP_START
187 2 2 7 1445051904 RESP_END
188 2 3 3 1446777456 STIM_START
188 2 3 3 1450052844 STIM_END_RESP_START
188 2 3 3 1451252856 RESP_END
189 0 3 9 1452962468 STIM_START
189 0 3 9 1456237852 STIM_END_RESP_START
189 0 3 9 1457437864 RESP_END
190 0 3 2 1459157432 STIM_START
190 0 3 2 1462432820 STIM_END_RESP_START
190 0 3 2 1463632868 RESP_END
191 0 5 4 1465373432 STIM_START
191 0 5 4 1469398908 STIM_END_RESP_START
191 0 5 4 1470598924 RESP_END
192 2 2 5 1472303536 STIM_START
192 2 2 5 1475428908 STIM_END_RESP_START
192 2 2 5 1476628920 RESP_END
193 1 1 4 1478327476 STIM_START
193 1 1 4 1481402820 STIM_END_RESP_START
193 1 1 4 1481818468 LICK
193 1 1 4 1481819000 REWARD_START
193 1 1 4 1481957336 LICK
193 1 1 4 1482182448 LICK
193 1 1 4 1482321956 LICK
193 1 1 4 1482456184 LICK
193 1 1 4 1482602832 RESP_END
193 1 1 4 1481832076 REWARD_END
194 1 1 3 1484304472 STIM_START
194 1 1 3 1487379812 STIM_END_RESP_START
194 1 1 3 1488579828 RESP_END
195 0 2 5 1490293392 STIM_START
195 0 2 5 1493418760 STIM_END_RESP_START
195 0 2 5 1494618780 RESP_END
196 0 3 3 1496328344 STIM_START
196 0 3 3 1499603724 STIM_END_RESP_START
196 0 3 3 1500803736 RESP_END
197 1 3 2 1502518376 STIM_START
197 1 3 2 1505793756 STIM_END_RESP_START
197 1 3 2 1506035648 LICK
197 1 3 2 1506036184 REWARD_START
197 1 3 2 1506184948 LICK
197 1 3 2 1506410720 LICK
197 1 3 2 1506526476 LICK
197 1 3 2 1506670928 LICK
197 1 3 2 1506993796 RESP_END
197 1 3 2 1506049264 REWARD_END
198 0 2 8 1508709376 STIM_START
198 0 2 8 1511834752 STIM_END_RESP_START
198 0 2 8 1513034804 RESP_END
199 0 1 8 1514734272 STIM_START
199 0 1 8 1517809656 STIM_END_RESP_START
199 0 1 8 1519009672 RESP_END
200 0 1 4 1520718268 STIM_START
200 0 1 4 1521321768 LICK
200 0 1 4 1521454308 LICK
200 0 1 4 1523793632 STIM_END_RESP_START
200 0 1 4 1524993644 RESP_END
201 1 1 3 1526706208 STIM_START
201 1 1 3 1529781588 STIM_END_RESP_START
201 1 1 3 1530981604 RESP_END
202 0 2 2 1532686188 STIM_START
202 0 2 2 1535811560 STIM_END_RESP_START
202 0 2 2 1537011576 RESP_END
203 1 1 2 1538721172 STIM_START
203 1 1 2 1541796552 STIM_END_RESP_START
203 1 1 2 1542996564 RESP_END
204 1 5 6 1544746136 STIM_START
204 1 5 6 1548771608 STIM_END_RESP_START
204 1 5 6 1549971624 RESP_END
205 0 2 10 1551674224 STIM_START
205 0 2 10 1554799596 STIM_END_RESP_START
205 0 2 10 1555999616 RESP_END
206 2 2 5 1557715196 STIM_START
206 2 2 5 1560840568 STIM_END_RESP_START
206 2 2 5 1562040584 RESP_END
207 0 2 6 1563755164 STIM_START
207 0 2 6 1566880536 STIM_END_RESP_START
207 0 2 6 1568080552 RESP_END
208 0 3 1 1569788132 STIM_START
208 0 3 1 1573063512 STIM_END_RESP_START
208 0 3 1 1574263524 RESP_END
209 0 1 2 1575975120 STIM_START
209 0 1 2 1579050464 STIM_END_RESP_START
209 0 1 2 1580250480 RESP_END
210 2 3 10 1581973044 STIM_START
210 2 3 10 1585248428 STIM_END_RESP_START
210 2 3 10 1586448444 RESP_END
211 0 1 8 1588154104 STIM_START
211 0 1 8 1591229488 STIM_END_RESP_START
211 0 1 8 1592429536 RESP_END
212 1 4 7 1594160992 STIM_START
212 1 4 7 1597686408 STIM_END_RESP_START
212 1 4 7 1598104372 LICK
212 1 4 7 1598104908 REWARD_START
212 1 4 7 1598234472 LICK
212 1 4 7 1598476912 LICK
212 1 4 7 1598599780 LICK
212 1 4 7 1598886436 RESP_END
212 1 4 7 1598117972 REWARD_END
213 1 3 7 1600606068 STIM_START
213 1 3 7 1603881452 STIM_END_RESP_START
213 1 3 7 1605081464 RESP_END
214 2 4 3 1606805052 STIM_START
214 2 4 3 1610330464 STIM_END_RESP_START
214 2 4 3 1611530480 RESP_END
215 0 2 3 1613251048 STIM_START
215 0 2 3 1616376416 STIM_END_RESP_START
215 0 2 3 1617576432 RESP_END
216 0 5 9 1619312052 STIM_START
216 0 5 9 1623337528 STIM_END_RESP_START
216 0 5 9 1623928228 LICK
216 0 5 9 1623928764 TIMEOUT_START
216 0 5 9 1624537576 RESP_END
216 0 5 9 1630929312 TIMEOUT_END
217 1 2 5 1635320620 STIM_START
217 1 2 5 1638445992 STIM_END_RESP_START
217 1 2 5 1639646044 RESP_END
218 1 5 7 1641396612 STIM_START
218 1 5 7 1645422080 STIM_END_RESP_START
218 1 5 7 1645693660 LICK
218 1 5 7 1645694196 REWARD_START
218 1 5 7 1645829196 LICK
218 1 5 7 1646056428 LICK
218 1 5 7 1646186636 LICK
218 1 5 7 1646325012 LICK
218 1 5 7 1646622108 RESP_END
218 1 5 7 1645707272 REWARD_END
219 2 3 10 1648348660 STIM_START
219 2 3 10 1651624044 STIM_END_RESP_START
219 2 3 10 1652824096 RESP_END
220 0 5 4 1654567676 STIM_START
220 0 5 4 1658593152 STIM_END_RESP_START
220 0 5 4 1659793168 RESP_END
221 1 5 5 1661537768 STIM_START
221 1 5 5 1665563240 STIM_END_RESP_START
221 1 5 5 1666763256 RESP_END
222 1 3 1 1668473928 STIM_START
222 1 3 1 1671749308 STIM_END_RESP_START
222 1 3 1 1672949324 RESP_END
223 2 1 8 1674649912 STIM_START
223 2 1 8 1677725288 STIM_END_RESP_START
223 2 1 8 1678925300 RESP_END
224 0 1 4 1680633860 STIM_START
224 0 1 4 1683709200 STIM_END_RESP_START
224 0 1 4 1683802580 LICK
224 0 1 4 1683803112 TIMEOUT_START
224 0 1 4 1684909228 RESP_END
224 0 1 4 1690803660 TIMEOUT_END
225 0 3 4 1692521816 STIM_START
225 0 3 4 1695797192 STIM_END_RESP_START
225 0 3 4 1696997208 RESP_END
226 0 1 6 1698704788 STIM_START
226 0 1 6 1701780164 STIM_END_RESP_START
226 0 1 6 1702980180 RESP_END
227 1 2 6 1704698680 STIM_START
227 1 2 6 1707824052 STIM_END_RESP_START
227 1 2 6 1709024064 RESP_END
228 1 1 3 1710735720 STIM_START
228 1 1 3 1713811096 STIM_END_RESP_START
228 1 1 3 1715011112 RESP_END
