001 0 0005142388 STIM_START
001 0 0009167868 STIM_END_RESP_START
001 0 0010367908 RESP_END
002 0 0012558592 STIM_START
002 0 0014151960 LICK
002 0 0016084028 STIM_END_RESP_START
002 0 0017284072 RESP_END
003 0 0019164704 STIM_START
003 0 0022940156 STIM_END_RESP_START
003 0 0024140172 RESP_END
004 1 0026290812 STIM_START
004 1 0030316308 STIM_END_RESP_START
004 1 0030692696 LICK
004 1 0030693136 REWARD_START
004 1 0030853964 LICK
004 1 0031073648 LICK
004 1 0031260036 LICK
004 1 0031421680 LICK
004 1 0031516344 RESP_END
004 1 0030706112 REWARD_END
005 0 0033433004 STIM_START
005 0 0033944804 LICK
005 0 0036958440 STIM_END_RESP_START
005 0 0037821468 LICK
005 0 0037821904 TIMEOUT_START
005 0 0038158476 RESP_END
005 0 0044822360 TIMEOUT_END
006 0 0046685196 STIM_START
006 0 0050210596 STIM_END_RESP_START
006 0 0050792192 LICK
006 0 0050792636 TIMEOUT_START
006 0 0051410616 RESP_END
006 0 0057793080 TIMEOUT_END
007 1 0059850280 STIM_START
007 1 0063625732 STIM_END_RESP_START
007 1 0063966764 LICK
007 1 0063967204 REWARD_START
007 1 0064127396 LICK
007 1 0064291020 LICK
007 1 0064453380 LICK
007 1 0064607388 LICK
007 1 0064795708 LICK
007 1 0064825752 RESP_END
007 1 0063980180 REWARD_END
008 0 0066704468 STIM_START
008 0 0070479920 STIM_END_RESP_START
008 0 0071679968 RESP_END
009 0 0073792596 STIM_START
009 0 0077318036 STIM_END_RESP_START
009 0 0078518052 RESP_END
010 1 0080676688 STIM_START
010 1 0081245064 LICK
010 1 0083952064 STIM_END_RESP_START
010 1 0084259072 LICK
010 1 0084259512 REWARD_START
010 1 0084433604 LICK
010 1 0084750628 LICK
010 1 0084903696 LICK
010 1 0085086356 LICK
010 1 0085152100 RESP_END
010 1 0084272484 REWARD_END
011 0 0087347816 STIM_START
011 0 0090873260 STIM_END_RESP_START
011 0 0092073280 RESP_END
012 0 0093878892 STIM_START
012 0 0094376836 LICK
012 0 0094559480 LICK
012 0 0097154304 STIM_END_RESP_START
012 0 0098354320 RESP_END
013 1 0100309964 STIM_START
013 1 0103835392 STIM_END_RESP_START
013 1 0104386016 LICK
013 1 0104386500 REWARD_START
013 1 0104862920 LICK
013 1 0105035432 RESP_END
013 1 0104399524 REWARD_END
014 1 0107708152 STIM_START
014 1 0111483624 STIM_END_RESP_START
014 1 0111501176 LICK
014 1 0111501668 REWARD_START
014 1 0111850132 LICK
014 1 0112013432 LICK
014 1 0112189060 LICK
014 1 0112372428 LICK
014 1 0112683640 RESP_END
014 1 0111514688 REWARD_END
015 0 0114731308 STIM_START
015 0 0118006716 STIM_END_RESP_START
015 0 0119206748 RESP_END
016 1 0121416384 STIM_START
016 1 0121871800 LICK
016 1 0122017780 LICK
016 1 0122205572 LICK
016 1 0122416408 LICK
016 1 0122626344 LICK
016 1 0122844116 LICK
016 1 0123264760 LICK
016 1 0124691780 STIM_END_RESP_START
016 1 0124982068 LICK
016 1 0124982556 REWARD_START
016 1 0125136696 LICK
016 1 0125295148 LICK
016 1 0125466108 LICK
016 1 0125663680 LICK
016 1 0125833332 LICK
016 1 0125891804 RESP_END
016 1 0124995572 REWARD_END
017 0 0127750468 STIM_START
017 0 0131775944 STIM_END_RESP_START
017 0 0132975980 RESP_END
018 0 0134979640 STIM_START
018 0 0137893092 LICK
018 0 0138110260 LICK
018 0 0139005128 STIM_END_RESP_START
018 0 0140205160 RESP_END
019 1 0142350828 STIM_START
019 1 0145368124 LICK
019 1 0145591580 LICK
019 1 0145875140 LICK
019 1 0146126280 STIM_END_RESP_START
019 1 0146149652 LICK
019 1 0146150136 REWARD_START
019 1 0146299948 LICK
019 1 0146431516 LICK
019 1 0146580872 LICK
019 1 0146751068 LICK
019 1 0147326300 RESP_END
019 1 0146163156 REWARD_END
020 0 0149057924 STIM_START
020 0 0152833396 STIM_END_RESP_START
020 0 0153729364 LICK
020 0 0153729848 TIMEOUT_START
020 0 0154033428 RESP_END
020 0 0160730352 TIMEOUT_END
021 1 0162974216 STIM_START
021 1 0166999692 STIM_END_RESP_START
021 1 0167284276 LICK
021 1 0167284764 REWARD_START
021 1 0167409700 LICK
021 1 0167723456 LICK
021 1 0167892132 LICK
021 1 0168073188 LICK
021 1 0168199724 RESP_END
021 1 0167297780 REWARD_END
022 1 0170024372 STIM_START
022 1 0171639712 LICK
022 1 0171839868 LICK
022 1 0172375320 LICK
022 1 0173549812 STIM_END_RESP_START
022 1 0173769244 LICK
022 1 0173769728 REWARD_START
022 1 0173937192 LICK
022 1 0174111700 LICK
022 1 0174288696 LICK
022 1 0174475308 LICK
022 1 0174749856 RESP_END
022 1 0173782748 REWARD_END
023 0 0176732496 STIM_START
023 0 0179646616 LICK
023 0 0179864076 LICK
023 0 0180257940 STIM_END_RESP_START
023 0 0181457972 RESP_END
024 1 0183246532 STIM_START
024 1 0183606292 LICK
024 1 0183807800 LICK
024 1 0184476236 LICK
024 1 0186144584 LICK
024 1 0186359136 LICK
024 1 0187021996 STIM_END_RESP_START
024 1 0187373024 LICK
024 1 0187373512 REWARD_START
024 1 0187541668 LICK
024 1 0187713860 LICK
024 1 0187880372 LICK
024 1 0188083472 LICK
024 1 0188222040 RESP_END
024 1 0187386532 REWARD_END
025 0 0190446720 STIM_START
025 0 0194222152 STIM_END_RESP_START
025 0 0195422180 RESP_END
026 0 0197564864 STIM_START
026 0 0197903300 LICK
026 0 0198123508 LICK
026 0 0199644032 LICK
026 0 0200765248 LICK
026 0 0201590344 STIM_END_RESP_START
026 0 0201598260 LICK
026 0 0201598752 TIMEOUT_START
026 0 0201842700 LICK
026 0 0201843184 TIMEOUT_START
026 0 0202790364 RESP_END
026 0 0208843684 TIMEOUT_END
027 0 0210874100 STIM_START
027 0 0214149480 STIM_END_RESP_START
027 0 0215349512 RESP_END
028 1 0217249128 STIM_START
028 1 0220774552 STIM_END_RESP_START
028 1 0221175288 LICK
028 1 0221175772 REWARD_START
028 1 0221501220 LICK
028 1 0221836956 LICK
028 1 0221974580 RESP_END
028 1 0221188796 REWARD_END
029 0 0224046236 STIM_START
029 0 0225874200 LICK
029 0 0226075360 LICK
029 0 0227321644 STIM_END_RESP_START
029 0 0227509060 LICK
029 0 0227509552 TIMEOUT_START
029 0 0228113064 LICK
029 0 0228113552 TIMEOUT_START
029 0 0228521668 RESP_END
029 0 0235114060 TIMEOUT_END
030 1 0236867304 STIM_START
030 1 0240642772 STIM_END_RESP_START
030 1 0241025532 LICK
030 1 0241026016 REWARD_START
030 1 0241149584 LICK
030 1 0241324480 LICK
030 1 0241478232 LICK
030 1 0241842812 RESP_END
030 1 0241039040 REWARD_END
031 1 0243751476 STIM_START
031 1 0247526948 STIM_END_RESP_START
031 1 0247851488 LICK
031 1 0247851972 REWARD_START
031 1 0248001348 LICK
031 1 0248151224 LICK
031 1 0248334628 LICK
031 1 0248495272 LICK
031 1 0248672724 LICK
031 1 0248726992 RESP_END
031 1 0247864996 REWARD_END
032 1 0250868608 STIM_START
032 1 0254143988 STIM_END_RESP_START
032 1 0255344024 RESP_END
033 0 0257320712 STIM_START
033 0 0261346188 STIM_END_RESP_START
033 0 0262546224 RESP_END
034 0 0264702892 STIM_START
034 0 0268228316 STIM_END_RESP_START
034 0 0269428352 RESP_END
035 1 0273429360 STIM_START
035 1 0275386532 LICK
035 1 0276954788 STIM_END_RESP_START
035 1 0277159424 LICK
035 1 0277159912 REWARD_START
035 1 0277391440 LICK
035 1 0277671156 LICK
035 1 0277827532 LICK
035 1 0278031056 LICK
035 1 0278154820 RESP_END
035 1 0277172932 REWARD_END
036 0 0279953436 STIM_START
036 0 0283728908 STIM_END_RESP_START
036 0 0284928936 RESP_END
037 0 0286747524 STIM_START
037 0 0290272948 STIM_END_RESP_START
037 0 0291472984 RESP_END
038 1 0293689648 STIM_START
038 1 0297215076 STIM_END_RESP_START
038 1 0297543600 LICK
038 1 0297544088 REWARD_START
038 1 0297712796 LICK
038 1 0297900072 LICK
038 1 0298039672 LICK
038 1 0298224800 LICK
038 1 0298387864 LICK
038 1 0298415116 RESP_END
038 1 0297557112 REWARD_END
039 0 0300659840 STIM_START
039 0 0303063980 LICK
039 0 0304435284 STIM_END_RESP_START
039 0 0305143204 LICK
039 0 0305143688 TIMEOUT_START
039 0 0305309132 LICK
039 0 0305309616 TIMEOUT_START
039 0 0305554396 LICK
039 0 0305554888 TIMEOUT_START
039 0 0305635336 RESP_END
039 0 0312555392 TIMEOUT_END
040 1 0314753176 STIM_START
040 1 0315061844 LICK
040 1 0315281720 LICK
040 1 0317553508 LICK
040 1 0318278612 STIM_END_RESP_START
040 1 0318522916 LICK
040 1 0318523408 REWARD_START
040 1 0318729956 LICK
040 1 0318880944 LICK
040 1 0319078480 LICK
040 1 0319261764 LICK
040 1 0319478628 RESP_END
040 1 0318536424 REWARD_END
041 0 0321629300 STIM_START
041 0 0325154716 STIM_END_RESP_START
041 0 0326354752 RESP_END
042 0 0328311360 STIM_START
042 0 0328641460 LICK
042 0 0328830668 LICK
042 0 0332086816 STIM_END_RESP_START
042 0 0333286852 RESP_END
043 0 0335211528 STIM_START
043 0 0339237008 STIM_END_RESP_START
043 0 0340437040 RESP_END
044 1 0342637768 STIM_START
044 1 0342954908 LICK
044 1 0343134296 LICK
044 1 0345913164 STIM_END_RESP_START
044 1 0346198800 LICK
044 1 0346199292 REWARD_START
044 1 0346374952 LICK
044 1 0346561580 LICK
044 1 0346722832 LICK
044 1 0346888936 LICK
044 1 0347113208 RESP_END
044 1 0346212304 REWARD_END
045 1 0348914740 STIM_START
045 1 0352440160 STIM_END_RESP_START
045 1 0352748700 LICK
045 1 0352749184 REWARD_START
045 1 0352865312 LICK
045 1 0353022344 LICK
045 1 0353183080 LICK
045 1 0353366780 LICK
045 1 0353640204 RESP_END
045 1 0352762204 REWARD_END
046 1 0355633892 STIM_START
046 1 0359409364 STIM_END_RESP_START
046 1 0359712540 LICK
046 1 0359713028 REWARD_START
046 1 0359871204 LICK
046 1 0360051912 LICK
046 1 0360202208 LICK
046 1 0360368472 LICK
046 1 0360544108 LICK
046 1 0360609392 RESP_END
046 1 0359726044 REWARD_END
047 0 0362505012 STIM_START
047 0 0366280480 STIM_END_RESP_START
047 0 0366616748 LICK
047 0 0366617232 TIMEOUT_START
047 0 0366820304 LICK
047 0 0366820796 TIMEOUT_START
047 0 0367480496 RESP_END
047 0 0373821300 TIMEOUT_END
048 1 0375864264 STIM_START
048 1 0376825212 LICK
048 1 0377013844 LICK
048 1 0378503708 LICK
048 1 0379389700 STIM_END_RESP_START
048 1 0379616648 LICK
048 1 0379617132 REWARD_START
048 1 0379798172 LICK
048 1 0379978112 LICK
048 1 0380317756 LICK
048 1 0380460896 LICK
048 1 0380589744 RESP_END
048 1 0379630156 REWARD_END
049 1 0382341288 STIM_START
049 1 0384832848 LICK
049 1 0386366772 STIM_END_RESP_START
049 1 0386845140 LICK
049 1 0386845624 REWARD_START
049 1 0387566816 RESP_END
049 1 0386858648 REWARD_END
050 1 0389391444 STIM_START
050 1 0393166916 STIM_END_RESP_START
050 1 0394366948 RESP_END
051 0 0396149548 STIM_START
051 0 0397196596 LICK
051 0 0397530524 LICK
051 0 0397718292 LICK
051 0 0397866924 LICK
051 0 0398049972 LICK
051 0 0399674968 STIM_END_RESP_START
051 0 0399743584 LICK
051 0 0399744080 TIMEOUT_START
051 0 0400874992 RESP_END
051 0 0406744588 TIMEOUT_END
USER_EXIT