001 0 0017173936 STIM_START
001 0 0021199396 STIM_END_RESP_START
001 0 0022399412 RESP_END
002 0 0024601232 STIM_START
002 0 0028376684 STIM_END_RESP_START
002 0 0029576700 RESP_END
003 1 0031596304 STIM_START
003 1 0035121712 STIM_END_RESP_START
003 1 0035580456 LICK
003 1 0035580892 REWARD_START
003 1 0035797512 LICK
003 1 0036108944 LICK
003 1 0036278848 LICK
003 1 0036321724 RESP_END
003 1 0035593868 REWARD_END
004 1 0038223388 STIM_START
004 1 0040308520 LICK
004 1 0040584944 LICK
004 1 0041767860 LICK
004 1 0041998836 STIM_END_RESP_START
004 1 0042247612 LICK
004 1 0042248048 REWARD_START
004 1 0042456168 LICK
004 1 0042653680 LICK
004 1 0042775880 LICK
004 1 0043198864 RESP_END
004 1 0042261020 REWARD_END
005 1 0045349508 STIM_START
005 1 0048624908 STIM_END_RESP_START
005 1 0049824928 RESP_END
006 0 0053176732 STIM_START
006 0 0053926824 LICK
006 0 0054892756 LICK
006 0 0056952168 STIM_END_RESP_START
006 0 0058152184 RESP_END
007 1 0060174904 STIM_START
007 1 0064200364 STIM_END_RESP_START
007 1 0064679360 LICK
007 1 0064679800 REWARD_START
007 1 0064903672 LICK
007 1 0065207068 LICK
007 1 0065381956 LICK
007 1 0065400404 RESP_END
007 1 0064692772 REWARD_END
008 0 0067531072 STIM_START
008 0 0069406012 LICK
008 0 0069599852 LICK
008 0 0071056472 STIM_END_RESP_START
008 0 0072224032 LICK
008 0 0072224464 TIMEOUT_START
008 0 0072256516 RESP_END
008 0 0079224924 TIMEOUT_END
009 1 0081258312 STIM_START
009 1 0084533684 STIM_END_RESP_START
009 1 0085041612 LICK
009 1 0085042048 REWARD_START
009 1 0085216708 LICK
009 1 0085385924 LICK
009 1 0085571792 LICK
009 1 0085724224 LICK
009 1 0085733704 RESP_END
009 1 0085055024 REWARD_END
010 0 0088089384 STIM_START
010 0 0092114852 STIM_END_RESP_START
010 0 0093091880 LICK
010 0 0093092316 TIMEOUT_START
010 0 0093274360 LICK
010 0 0093274796 TIMEOUT_START
010 0 0093314884 RESP_END
010 0 0100275256 TIMEOUT_END
011 0 0104433036 STIM_START
011 0 0105241352 LICK
011 0 0107708424 STIM_END_RESP_START
011 0 0108908448 RESP_END
012 0 0110832080 STIM_START
012 0 0114107456 STIM_END_RESP_START
012 0 0115307484 RESP_END
013 1 0117239068 STIM_START
013 1 0120514440 STIM_END_RESP_START
013 1 0120767060 LICK
013 1 0120767552 REWARD_START
013 1 0120950356 LICK
013 1 0121290152 LICK
013 1 0121434084 LICK
013 1 0121603448 LICK
013 1 0121714472 RESP_END
013 1 0120780572 REWARD_END
014 1 0123630172 STIM_START
014 1 0127234924 LICK
014 1 0127391688 LICK
014 1 0127405628 STIM_END_RESP_START
014 1 0127906876 LICK
014 1 0127907364 REWARD_START
014 1 0128136280 LICK
014 1 0128271040 LICK
014 1 0128451964 LICK
014 1 0128605660 RESP_END
014 1 0127920368 REWARD_END
015 1 0130751296 STIM_START
015 1 0134026676 STIM_END_RESP_START
015 1 0134333856 LICK
015 1 0134334340 REWARD_START
015 1 0134546888 LICK
015 1 0134677264 LICK
015 1 0134840620 LICK
015 1 0134988976 LICK
015 1 0135226700 RESP_END
015 1 0134347364 REWARD_END
016 0 0138432532 STIM_START
016 0 0141176976 LICK
016 0 0141385544 LICK
016 0 0141717452 LICK
016 0 0142458000 STIM_END_RESP_START
016 0 0142578324 LICK
016 0 0142578816 TIMEOUT_START
016 0 0143508560 LICK
016 0 0143509044 TIMEOUT_START
016 0 0143658024 RESP_END
016 0 0150509556 TIMEOUT_END
017 0 0152855832 STIM_START
017 0 0153326012 LICK
017 0 0153570388 LICK
017 0 0153834732 LICK
017 0 0154673480 LICK
017 0 0156631288 STIM_END_RESP_START
017 0 0157831324 RESP_END
018 1 0159776956 STIM_START
018 1 0163552388 STIM_END_RESP_START
018 1 0164018872 LICK
018 1 0164019360 REWARD_START
018 1 0164214852 LICK
018 1 0164393716 LICK
018 1 0164556420 LICK
018 1 0164724784 LICK
018 1 0164752436 RESP_END
018 1 0164032372 REWARD_END
019 0 0166762060 STIM_START
019 0 0170287492 STIM_END_RESP_START
019 0 0171487528 RESP_END
020 0 0173638160 STIM_START
020 0 0177413592 STIM_END_RESP_START
020 0 0178613624 RESP_END
021 0 0180746344 STIM_START
021 0 0184771820 STIM_END_RESP_START
021 0 0185971856 RESP_END
022 1 0188095520 STIM_START
022 1 0188572724 LICK
022 1 0188837540 LICK
022 1 0191620952 STIM_END_RESP_START
022 1 0192600964 LICK
022 1 0192601456 REWARD_START
022 1 0192820980 RESP_END
022 1 0192614480 REWARD_END
023 0 0195536684 STIM_START
023 0 0199312116 STIM_END_RESP_START
023 0 0200512152 RESP_END
024 0 0202586840 STIM_START
024 0 0204914488 LICK
024 0 0206612316 STIM_END_RESP_START
024 0 0207812348 RESP_END
025 0 0209737028 STIM_START
025 0 0213262452 STIM_END_RESP_START
025 0 0214462484 RESP_END
026 1 0216435060 STIM_START
026 1 0219844140 LICK
026 1 0220210496 STIM_END_RESP_START
026 1 0220735432 LICK
026 1 0220735924 REWARD_START
026 1 0220884220 LICK
026 1 0221047420 LICK
026 1 0221196028 LICK
026 1 0221380632 LICK
026 1 0221410532 RESP_END
026 1 0220748948 REWARD_END
027 1 0223605240 STIM_START
027 1 0226582948 LICK
027 1 0227130660 STIM_END_RESP_START
027 1 0227587140 LICK
027 1 0227587628 REWARD_START
027 1 0227756596 LICK
027 1 0227918412 LICK
027 1 0228081292 LICK
027 1 0228241816 LICK
027 1 0228330692 RESP_END
027 1 0227600648 REWARD_END
028 0 0230226328 STIM_START
028 0 0233501708 STIM_END_RESP_START
028 0 0234701736 RESP_END
029 1 0236509284 STIM_START
029 1 0240284716 STIM_END_RESP_START
029 1 0240928328 LICK
029 1 0240928820 REWARD_START
029 1 0241011768 LICK
029 1 0241281432 LICK
029 1 0241446360 LICK
029 1 0241484744 RESP_END
029 1 0240941832 REWARD_END
030 0 0243938528 STIM_START
030 0 0247964012 STIM_END_RESP_START
030 0 0249164048 RESP_END
031 1 0252541876 STIM_START
031 1 0253162572 LICK
031 1 0254657080 LICK
031 1 0256317304 STIM_END_RESP_START
031 1 0257517340 RESP_END
032 0 0259515996 STIM_START
032 0 0260086812 LICK
032 0 0261332316 LICK
032 0 0263041396 STIM_END_RESP_START
032 0 0264241428 RESP_END
033 1 0266434128 STIM_START
033 1 0269709508 STIM_END_RESP_START
033 1 0270050824 LICK
033 1 0270051308 REWARD_START
033 1 0270185536 LICK
033 1 0270341528 LICK
033 1 0270527788 LICK
033 1 0270682104 LICK
033 1 0270832684 LICK
033 1 0270909528 RESP_END
033 1 0270064332 REWARD_END
034 0 0272718128 STIM_START
034 0 0275845092 LICK
034 0 0276023824 LICK
034 0 0276269192 LICK
034 0 0276493548 STIM_END_RESP_START
034 0 0277328600 LICK
034 0 0277329088 TIMEOUT_START
034 0 0277376088 LICK
034 0 0277376568 TIMEOUT_START
034 0 0277693580 RESP_END
034 0 0284377072 TIMEOUT_END
035 1 0286659392 STIM_START
035 1 0289934772 STIM_END_RESP_START
035 1 0290462864 LICK
035 1 0290463348 REWARD_START
035 1 0290764660 LICK
035 1 0290927432 LICK
035 1 0291084488 LICK
035 1 0291134812 RESP_END
035 1 0290476372 REWARD_END
036 1 0293289452 STIM_START
036 1 0296814876 STIM_END_RESP_START
036 1 0297173548 LICK
036 1 0297174036 REWARD_START
036 1 0297311688 LICK
036 1 0297466924 LICK
036 1 0297632552 LICK
036 1 0297788012 LICK
036 1 0298014908 RESP_END
036 1 0297187056 REWARD_END
037 1 0300176540 STIM_START
037 1 0304202016 STIM_END_RESP_START
037 1 0304645532 LICK
037 1 0304646016 REWARD_START
037 1 0304828428 LICK
037 1 0305013204 LICK
037 1 0305162568 LICK
037 1 0305329660 LICK
037 1 0305402056 RESP_END
037 1 0304659040 REWARD_END
038 0 0307330688 STIM_START
038 0 0311106120 STIM_END_RESP_START
038 0 0312306156 RESP_END
039 0 0314401824 STIM_START
039 0 0318427304 STIM_END_RESP_START
039 0 0319627336 RESP_END
040 0 0321689016 STIM_START
040 0 0325464448 STIM_END_RESP_START
040 0 0326664484 RESP_END
041 1 0328781136 STIM_START
041 1 0329070312 LICK
041 1 0329349412 LICK
041 1 0329600908 LICK
041 1 0330093600 LICK
041 1 0330429912 LICK
041 1 0331409596 LICK
041 1 0331915160 LICK
041 1 0332445044 LICK
041 1 0332806592 STIM_END_RESP_START
041 1 0333000232 LICK
041 1 0333000720 REWARD_START
041 1 0333226944 LICK
041 1 0333381860 LICK
041 1 0333534376 LICK
041 1 0333734268 LICK
041 1 0334006620 RESP_END
041 1 0333013736 REWARD_END
042 1 0335894280 STIM_START
042 1 0339669712 STIM_END_RESP_START
042 1 0340111928 LICK
042 1 0340112420 REWARD_START
042 1 0340273468 LICK
042 1 0340414616 LICK
042 1 0340572392 LICK
042 1 0340731896 LICK
042 1 0340869736 RESP_END
042 1 0340125436 REWARD_END
043 0 0343015432 STIM_START
043 0 0346790860 STIM_END_RESP_START
043 0 0347990896 RESP_END
044 0 0350044580 STIM_START
044 0 0354070060 STIM_END_RESP_START
044 0 0354885328 LICK
044 0 0354885820 TIMEOUT_START
044 0 0355103432 LICK
044 0 0355103920 TIMEOUT_START
044 0 0355270084 RESP_END
044 0 0362104424 TIMEOUT_END
045 1 0365034992 STIM_START
045 1 0365749372 LICK
045 1 0367358704 LICK
045 1 0368310368 STIM_END_RESP_START
045 1 0368501096 LICK
045 1 0368501580 REWARD_START
045 1 0368686112 LICK
045 1 0368855248 LICK
045 1 0368989172 LICK
045 1 0369146520 LICK
045 1 0369510420 RESP_END
045 1 0368514604 REWARD_END
046 0 0371325000 STIM_START
046 0 0375100472 STIM_END_RESP_START
046 0 0376065152 LICK
046 0 0376065640 TIMEOUT_START
046 0 0376300516 RESP_END
046 0 0383066148 TIMEOUT_END
047 1 0385056192 STIM_START
047 1 0388331568 STIM_END_RESP_START
047 1 0388640328 LICK
047 1 0388640816 REWARD_START
047 1 0388752200 LICK
047 1 0388919636 LICK
047 1 0389221628 LICK
047 1 0389359052 LICK
047 1 0389531596 RESP_END
047 1 0388653832 REWARD_END
048 0 0391753256 STIM_START
048 0 0395278684 STIM_END_RESP_START
048 0 0396478716 RESP_END
049 0 0398412332 STIM_START
049 0 0402187768 STIM_END_RESP_START
049 0 0403387800 RESP_END
050 1 0405304440 STIM_START
050 1 0407198188 LICK
050 1 0408047388 LICK
050 1 0408829844 STIM_END_RESP_START
050 1 0409169648 LICK
050 1 0409170140 REWARD_START
050 1 0409287516 LICK
050 1 0409478940 LICK
050 1 0409610548 LICK
050 1 0409766048 LICK
050 1 0410029864 RESP_END
050 1 0409183156 REWARD_END
051 1 0412187544 STIM_START
051 1 0414254852 LICK
051 1 0414475948 LICK
051 1 0415200640 LICK
051 1 0415462944 STIM_END_RESP_START
051 1 0415662040 LICK
051 1 0415662532 REWARD_START
051 1 0415873540 LICK
051 1 0416015152 LICK
051 1 0416168240 LICK
051 1 0416662964 RESP_END
051 1 0415675556 REWARD_END
052 0 0418528568 STIM_START
052 0 0422053996 STIM_END_RESP_START
052 0 0423254028 RESP_END
053 0 0425105656 STIM_START
053 0 0427045476 LICK
053 0 0427228604 LICK
053 0 0427410024 LICK
053 0 0427659768 LICK
053 0 0427803580 LICK
053 0 0428283084 LICK
053 0 0428972640 LICK
053 0 0429131104 STIM_END_RESP_START
053 0 0429732324 LICK
053 0 0429732808 TIMEOUT_START
053 0 0430331140 RESP_END
053 0 0436733312 TIMEOUT_END
054 0 0438582748 STIM_START
054 0 0439212376 LICK
054 0 0442608232 STIM_END_RESP_START
054 0 0443808268 RESP_END
055 1 0445618920 STIM_START
055 1 0449394356 STIM_END_RESP_START
055 1 0449724284 LICK
055 1 0449724776 REWARD_START
055 1 0449878828 LICK
055 1 0450033760 LICK
055 1 0450208944 LICK
055 1 0450364664 LICK
055 1 0450594392 RESP_END
055 1 0449737784 REWARD_END
056 1 0452427992 STIM_START
056 1 0456203428 STIM_END_RESP_START
056 1 0456500000 LICK
056 1 0456500492 REWARD_START
056 1 0456668348 LICK
056 1 0456847744 LICK
056 1 0456978912 LICK
056 1 0457132112 LICK
056 1 0457403468 RESP_END
056 1 0456513508 REWARD_END
057 0 0459268124 STIM_START
057 0 0462066192 LICK
057 0 0462669148 LICK
057 0 0463293588 STIM_END_RESP_START
057 0 0464493624 RESP_END
058 0 0466237248 STIM_START
058 0 0469512628 STIM_END_RESP_START
058 0 0470712664 RESP_END
USER_EXIT