001 1 5 10 0007324420 STIM_START
001 1 5 10 0009194376 LICK
001 1 5 10 0009328584 LICK
001 1 5 10 0011039848 LICK
001 1 5 10 0011349888 STIM_END_RESP_START
001 1 5 10 0011929980 LICK
001 1 5 10 0011930416 REWARD_START
001 1 5 10 0012076788 LICK
001 1 5 10 0012224656 LICK
001 1 5 10 0012549928 RESP_END
001 1 5 10 0011943388 REWARD_END
002 2 5 7 0015728788 STIM_START
002 2 5 7 0019754264 STIM_END_RESP_START
002 2 5 7 0020954280 RESP_END
003 1 2 8 0022653888 STIM_START
003 1 2 8 0025779272 STIM_END_RESP_START
003 1 2 8 0026979320 RESP_END
004 0 2 7 0028686908 STIM_START
004 0 2 7 0031812284 STIM_END_RESP_START
004 0 2 7 0033012304 RESP_END
005 1 4 3 0034749884 STIM_START
005 1 4 3 0038275304 STIM_END_RESP_START
005 1 4 3 0039475324 RESP_END
006 0 3 6 0041198892 STIM_START
006 0 3 6 0044474276 STIM_END_RESP_START
006 0 3 6 0045014120 LICK
006 0 3 6 0045014556 TIMEOUT_START
006 0 3 6 0045336616 LICK
006 0 3 6 0045337052 TIMEOUT_START
006 0 3 6 0045674320 RESP_END
006 0 3 6 0052337484 TIMEOUT_END
007 1 4 7 0054058944 STIM_START
007 1 4 7 0057584364 STIM_END_RESP_START
007 1 4 7 0058619644 LICK
007 1 4 7 0058620088 REWARD_START
007 1 4 7 0058745868 LICK
007 1 4 7 0058784412 RESP_END
007 1 4 7 0058633056 REWARD_END
008 1 3 6 0062014252 STIM_START
008 1 3 6 0063328856 LICK
008 1 3 6 0063898188 LICK
008 1 3 6 0064546112 LICK
008 1 3 6 0065289624 STIM_END_RESP_START
008 1 3 6 0065526528 LICK
008 1 3 6 0065526972 REWARD_START
008 1 3 6 0065706672 LICK
008 1 3 6 0066000428 LICK
008 1 3 6 0066339620 LICK
008 1 3 6 0066489636 RESP_END
008 1 3 6 0065539944 REWARD_END
009 1 3 6 0068195252 STIM_START
009 1 3 6 0071470644 STIM_END_RESP_START
009 1 3 6 0071810380 LICK
009 1 3 6 0071810816 REWARD_START
009 1 3 6 0071971676 LICK
009 1 3 6 0072142768 LICK
009 1 3 6 0072465056 LICK
009 1 3 6 0072620984 LICK
009 1 3 6 0072670680 RESP_END
009 1 3 6 0071823792 REWARD_END
010 0 4 1 0074518272 STIM_START
010 0 4 1 0075205140 LICK
010 0 4 1 0076057140 LICK
010 0 4 1 0076215836 LICK
010 0 4 1 0077618076 LICK
010 0 4 1 0078043692 STIM_END_RESP_START
010 0 4 1 0078678508 LICK
010 0 4 1 0078678944 TIMEOUT_START
010 0 4 1 0079243728 RESP_END
010 0 4 1 0085679388 TIMEOUT_END
011 1 2 10 0087390364 STIM_START
011 1 2 10 0090515740 STIM_END_RESP_START
011 1 2 10 0090915308 LICK
011 1 2 10 0090915748 REWARD_START
011 1 2 10 0091120828 LICK
011 1 2 10 0091270940 LICK
011 1 2 10 0091586392 LICK
011 1 2 10 0091715780 RESP_END
011 1 2 10 0090928724 REWARD_END
012 1 2 10 0093770392 STIM_START
012 1 2 10 0095728368 LICK
012 1 2 10 0095934792 LICK
012 1 2 10 0096411452 LICK
012 1 2 10 0096895748 STIM_END_RESP_START
012 1 2 10 0097031072 LICK
012 1 2 10 0097031516 REWARD_START
012 1 2 10 0097262004 LICK
012 1 2 10 0097736040 LICK
012 1 2 10 0097927268 LICK
012 1 2 10 0098071144 LICK
012 1 2 10 0098095780 RESP_END
012 1 2 10 0097044492 REWARD_END
013 0 3 9 0100165456 STIM_START
013 0 3 9 0103440828 STIM_END_RESP_START
013 0 3 9 0104640864 RESP_END
014 0 2 5 0108725784 STIM_START
014 0 2 5 0109254804 LICK
014 0 2 5 0111851168 STIM_END_RESP_START
014 0 2 5 0113051204 RESP_END
015 1 2 2 0114763756 STIM_START
015 1 2 2 0117889116 STIM_END_RESP_START
015 1 2 2 0118185964 LICK
015 1 2 2 0118186452 REWARD_START
015 1 2 2 0118323904 LICK
015 1 2 2 0118489200 LICK
015 1 2 2 0118816436 LICK
015 1 2 2 0119089132 RESP_END
015 1 2 2 0118199456 REWARD_END
016 2 4 8 0121411860 STIM_START
016 2 4 8 0124937256 STIM_END_RESP_START
016 2 4 8 0125161424 LICK
016 2 4 8 0125161912 REWARD_START
016 2 4 8 0125320760 LICK
016 2 4 8 0125491316 LICK
016 2 4 8 0125994532 LICK
016 2 4 8 0126137304 RESP_END
016 2 4 8 0125174920 REWARD_END
017 0 1 7 0129267100 STIM_START
017 0 1 7 0132342464 STIM_END_RESP_START
017 0 1 7 0133542500 RESP_END
018 1 5 9 0135286084 STIM_START
018 1 5 9 0136840308 LICK
018 1 5 9 0137021076 LICK
018 1 5 9 0137428100 LICK
018 1 5 9 0137655636 LICK
018 1 5 9 0137684284 LICK
018 1 5 9 0138003816 LICK
018 1 5 9 0138235720 LICK
018 1 5 9 0138703376 LICK
018 1 5 9 0139249376 LICK
018 1 5 9 0139311536 STIM_END_RESP_START
018 1 5 9 0139526752 LICK
018 1 5 9 0139527240 REWARD_START
018 1 5 9 0139717316 LICK
018 1 5 9 0139873704 LICK
018 1 5 9 0140221012 LICK
018 1 5 9 0140388496 LICK
018 1 5 9 0140511572 RESP_END
018 1 5 9 0139540256 REWARD_END
