001 0 0005013540 STIM_START
001 0 0005263512 LICK
001 0 0005511056 LICK
001 0 0006506992 LICK
001 0 0006703292 LICK
001 0 0006938780 LICK
001 0 0008288944 STIM_END_RESP_START
001 0 0009191320 LICK
001 0 0009191712 TIMEOUT_START
001 0 0009385628 LICK
001 0 0009386024 TIMEOUT_START
001 0 0009488968 RESP_END
001 0 0016386428 TIMEOUT_END
002 0 0020701028 STIM_START
002 0 0021047308 LICK
002 0 0021159984 LICK
002 0 0022669544 LICK
002 0 0023789100 LICK
002 0 0024726524 STIM_END_RESP_START
002 0 0025926540 RESP_END
003 0 0028172292 STIM_START
003 0 0030108528 LICK
003 0 0030466064 LICK
003 0 0031947712 STIM_END_RESP_START
003 0 0032447788 LICK
003 0 0032448224 TIMEOUT_START
003 0 0033147728 RESP_END
003 0 0039448676 TIMEOUT_END
004 1 0041668464 STIM_START
004 1 0045693924 STIM_END_RESP_START
004 1 0045980172 LICK
004 1 0045980608 REWARD_START
004 1 0046166828 LICK
004 1 0046394628 LICK
004 1 0046689104 LICK
004 1 0046822936 LICK
004 1 0046893940 RESP_END
004 1 0045993584 REWARD_END
005 1 0048858616 STIM_START
005 1 0048925240 LICK
005 1 0049917756 LICK
005 1 0050100036 LICK
005 1 0051311748 LICK
005 1 0051495232 LICK
005 1 0051760840 LICK
005 1 0052644136 LICK
005 1 0052884076 STIM_END_RESP_START
005 1 0053143196 LICK
005 1 0053143640 REWARD_START
005 1 0053293164 LICK
005 1 0053441312 LICK
005 1 0053584912 LICK
005 1 0053720740 LICK
005 1 0053897556 LICK
005 1 0054031300 LICK
005 1 0054084096 RESP_END
005 1 0053156608 REWARD_END
006 1 0056523888 STIM_START
006 1 0056931072 LICK
006 1 0057269144 LICK
006 1 0058297424 LICK
006 1 0058680848 LICK
006 1 0059260432 LICK
006 1 0060299340 STIM_END_RESP_START
006 1 0061007088 LICK
006 1 0061007528 REWARD_START
006 1 0061499372 RESP_END
006 1 0061020504 REWARD_END
007 0 0069066900 STIM_START
007 0 0069798448 LICK
007 0 0070403624 LICK
007 0 0070683288 LICK
007 0 0070787968 LICK
007 0 0071395420 LICK
007 0 0072842332 STIM_END_RESP_START
007 0 0073159020 LICK
007 0 0073159460 TIMEOUT_START
007 0 0074042352 RESP_END
007 0 0080159924 TIMEOUT_END
008 0 0084066300 STIM_START
008 0 0085105612 LICK
008 0 0085915000 LICK
008 0 0086141084 LICK
008 0 0086808652 LICK
008 0 0087550872 LICK
008 0 0087591728 STIM_END_RESP_START
008 0 0087748744 LICK
008 0 0087749180 TIMEOUT_START
008 0 0088791772 RESP_END
008 0 0094749632 TIMEOUT_END
009 1 0098458640 STIM_START
009 1 0102484100 STIM_END_RESP_START
009 1 0102698612 LICK
009 1 0102699100 REWARD_START
009 1 0103030296 LICK
009 1 0103176984 LICK
009 1 0103331936 LICK
009 1 0103456300 LICK
009 1 0103603620 LICK
009 1 0103684144 RESP_END
009 1 0102712116 REWARD_END
010 0 0105823788 STIM_START
010 0 0107024712 LICK
010 0 0107235664 LICK
010 0 0107462168 LICK
010 0 0107613304 LICK
010 0 0108378068 LICK
010 0 0108573844 LICK
010 0 0109099192 STIM_END_RESP_START
010 0 0109534132 LICK
010 0 0109534620 TIMEOUT_START
010 0 0109965004 LICK
010 0 0109965496 TIMEOUT_START
010 0 0110299240 RESP_END
010 0 0116965996 TIMEOUT_END
011 1 0120550192 STIM_START
011 1 0121507064 LICK
011 1 0121690252 LICK
011 1 0123332108 LICK
011 1 0124325632 STIM_END_RESP_START
011 1 0124521164 LICK
011 1 0124521656 REWARD_START
011 1 0124650592 LICK
011 1 0124914888 LICK
011 1 0125062316 LICK
011 1 0125197932 LICK
011 1 0125353080 LICK
011 1 0125525672 RESP_END
011 1 0124534668 REWARD_END
012 0 0127411268 STIM_START
012 0 0131186740 STIM_END_RESP_START
012 0 0131239644 LICK
012 0 0131240132 TIMEOUT_START
012 0 0131392380 LICK
012 0 0131392868 TIMEOUT_START
012 0 0132386756 RESP_END
012 0 0138393368 TIMEOUT_END
013 0 0140361384 STIM_START
013 0 0140708360 LICK
013 0 0140892860 LICK
013 0 0142319164 LICK
013 0 0142504484 LICK
013 0 0144164516 LICK
013 0 0144347320 LICK
013 0 0144386872 STIM_END_RESP_START
013 0 0145366380 LICK
013 0 0145366864 TIMEOUT_START
013 0 0145575156 LICK
013 0 0145575640 TIMEOUT_START
013 0 0145586916 RESP_END
013 0 0152576144 TIMEOUT_END
014 1 0158587340 STIM_START
014 1 0162362780 STIM_END_RESP_START
014 1 0162679288 LICK
014 1 0162679772 REWARD_START
014 1 0162879976 LICK
014 1 0163346856 LICK
014 1 0163562828 RESP_END
014 1 0162692796 REWARD_END
015 0 0166158528 STIM_START
015 0 0168057340 LICK
015 0 0168299332 LICK
015 0 0168494004 LICK
015 0 0168701704 LICK
015 0 0169459048 LICK
015 0 0170184000 STIM_END_RESP_START
015 0 0171384036 RESP_END
016 1 0173553712 STIM_START
016 1 0173997792 LICK
016 1 0175922520 LICK
016 1 0176104840 LICK
016 1 0177329156 STIM_END_RESP_START
016 1 0177626588 LICK
016 1 0177627068 REWARD_START
016 1 0177671036 LICK
016 1 0177803868 LICK
016 1 0178081260 LICK
016 1 0178260436 LICK
016 1 0178407444 LICK
016 1 0178529168 RESP_END
016 1 0177640092 REWARD_END
017 1 0180767940 STIM_START
017 1 0184043316 STIM_END_RESP_START
017 1 0184252740 LICK
017 1 0184253228 REWARD_START
017 1 0184403656 LICK
017 1 0184588796 LICK
017 1 0184753300 LICK
017 1 0185074264 LICK
017 1 0185239324 LICK
017 1 0185243336 RESP_END
017 1 0184266248 REWARD_END
018 1 0187745036 STIM_START
018 1 0191270468 STIM_END_RESP_START
018 1 0191340640 LICK
018 1 0191341124 REWARD_START
018 1 0191533144 LICK
018 1 0191817564 LICK
018 1 0191989744 LICK
018 1 0192137568 LICK
018 1 0192301136 LICK
018 1 0192470488 RESP_END
018 1 0191354148 REWARD_END
019 0 0194549148 STIM_START
019 0 0196422192 LICK
019 0 0197346808 LICK
019 0 0197504548 LICK
019 0 0197673952 LICK
019 0 0198074560 STIM_END_RESP_START
019 0 0199120716 LICK
019 0 0199121204 TIMEOUT_START
019 0 0199274584 RESP_END
019 0 0206121708 TIMEOUT_END
020 1 0210070644 STIM_START
020 1 0210477760 LICK
020 1 0211602428 LICK
020 1 0213209060 LICK
020 1 0213846072 STIM_END_RESP_START
020 1 0213990352 LICK
020 1 0213990844 REWARD_START
020 1 0214231356 LICK
020 1 0214527612 LICK
020 1 0214838860 LICK
020 1 0215046092 RESP_END
020 1 0214003864 REWARD_END
021 1 0217347828 STIM_START
021 1 0220623208 STIM_END_RESP_START
021 1 0220926352 LICK
021 1 0220926840 REWARD_START
021 1 0221079764 LICK
021 1 0221364608 LICK
021 1 0221672360 LICK
021 1 0221823240 RESP_END
021 1 0220939860 REWARD_END
022 0 0223986896 STIM_START
022 0 0227345064 LICK
022 0 0227497540 LICK
022 0 0227512304 STIM_END_RESP_START
022 0 0228220196 LICK
022 0 0228220680 TIMEOUT_START
022 0 0228712320 RESP_END
022 0 0235221188 TIMEOUT_END
023 0 0237372088 STIM_START
023 0 0237436264 LICK
023 0 0237624000 LICK
023 0 0238053560 LICK
023 0 0238256448 LICK
023 0 0239923448 LICK
023 0 0241147548 STIM_END_RESP_START
023 0 0242054788 LICK
023 0 0242055280 TIMEOUT_START
023 0 0242347588 RESP_END
023 0 0249055784 TIMEOUT_END
024 0 0251231296 STIM_START
024 0 0255256776 STIM_END_RESP_START
024 0 0256456812 RESP_END
025 1 0258509500 STIM_START
025 1 0261784880 STIM_END_RESP_START
025 1 0262106652 LICK
025 1 0262107144 REWARD_START
025 1 0262282360 LICK
025 1 0262763704 LICK
025 1 0262984896 RESP_END
025 1 0262120164 REWARD_END
026 1 0265483620 STIM_START
026 1 0266447384 LICK
026 1 0266864820 LICK
026 1 0268558804 LICK
026 1 0269391748 LICK
026 1 0269509080 STIM_END_RESP_START
026 1 0269650040 LICK
026 1 0269650524 REWARD_START
026 1 0269794716 LICK
026 1 0270131540 LICK
026 1 0270709124 RESP_END
026 1 0269663544 REWARD_END
027 1 0272958844 STIM_START
027 1 0274928500 LICK
027 1 0275144076 LICK
027 1 0276284868 LICK
027 1 0276477552 LICK
027 1 0276484252 STIM_END_RESP_START
027 1 0276705948 LICK
027 1 0276706436 REWARD_START
027 1 0276875484 LICK
027 1 0277038728 LICK
027 1 0277345276 LICK
027 1 0277678636 LICK
027 1 0277684296 RESP_END
027 1 0276719452 REWARD_END
028 0 0279983960 STIM_START
028 0 0281548396 LICK
028 0 0281963004 LICK
028 0 0283509364 STIM_END_RESP_START
028 0 0284709400 RESP_END
029 0 0286868076 STIM_START
029 0 0287477728 LICK
029 0 0289525268 LICK
029 0 0290070420 LICK
029 0 0290393484 STIM_END_RESP_START
029 0 0291411128 LICK
029 0 0291411612 TIMEOUT_START
029 0 0291593492 RESP_END
029 0 0298412120 TIMEOUT_END
030 1 0300373252 STIM_START
030 1 0304398728 STIM_END_RESP_START
030 1 0304972460 LICK
030 1 0304972952 REWARD_START
030 1 0305598776 RESP_END
030 1 0304985968 REWARD_END
031 0 0308907644 STIM_START
031 0 0310870816 LICK
031 0 0311043284 LICK
031 0 0311626344 LICK
031 0 0311792976 LICK
031 0 0312350376 LICK
031 0 0312933108 STIM_END_RESP_START
031 0 0314133144 RESP_END
032 0 0317192944 STIM_START
032 0 0317661312 LICK
032 0 0318895952 LICK
032 0 0319121680 LICK
032 0 0320345212 LICK
032 0 0320496592 LICK
032 0 0321218412 STIM_END_RESP_START
032 0 0322418444 RESP_END
033 0 0324261136 STIM_START
033 0 0324634752 LICK
033 0 0324854760 LICK
033 0 0325309820 LICK
033 0 0325545148 LICK
033 0 0325752096 LICK
033 0 0325940840 LICK
033 0 0326157768 LICK
033 0 0326881524 LICK
033 0 0327913376 LICK
033 0 0328286592 STIM_END_RESP_START
033 0 0329486628 RESP_END
034 1 0331217256 STIM_START
034 1 0333970732 LICK
034 1 0334992696 STIM_END_RESP_START
034 1 0335307304 LICK
034 1 0335307796 REWARD_START
034 1 0335474996 LICK
034 1 0335918744 LICK
034 1 0336073348 LICK
034 1 0336192716 RESP_END
034 1 0335320816 REWARD_END
035 1 0338678400 STIM_START
035 1 0342703880 STIM_END_RESP_START
035 1 0342990320 LICK
035 1 0342990808 REWARD_START
035 1 0343140768 LICK
035 1 0343420220 LICK
035 1 0343581624 LICK
035 1 0343767968 LICK
035 1 0343903920 RESP_END
035 1 0343003828 REWARD_END
036 0 0345855592 STIM_START
036 0 0349381020 STIM_END_RESP_START
036 0 0350581052 RESP_END
037 0 0352346676 STIM_START
037 0 0352666352 LICK
037 0 0352796140 LICK
037 0 0353365672 LICK
037 0 0356122124 STIM_END_RESP_START
037 0 0357322156 RESP_END
038 1 0359143740 STIM_START
038 1 0362669164 STIM_END_RESP_START
038 1 0363014960 LICK
038 1 0363015452 REWARD_START
038 1 0363168436 LICK
038 1 0363445464 LICK
038 1 0363869204 RESP_END
038 1 0363028468 REWARD_END
039 1 0366085868 STIM_START
039 1 0368597120 LICK
039 1 0368785428 LICK
039 1 0368997176 LICK
039 1 0369798136 LICK
039 1 0369861332 STIM_END_RESP_START
039 1 0370076200 LICK
039 1 0370076692 REWARD_START
039 1 0370271700 LICK
039 1 0370425612 LICK
039 1 0370741516 LICK
039 1 0371061344 RESP_END
039 1 0370089708 REWARD_END
040 0 0373243024 STIM_START
040 0 0375887068 LICK
040 0 0376091812 LICK
040 0 0376249188 LICK
040 0 0377018472 STIM_END_RESP_START
040 0 0377689516 LICK
040 0 0377690000 TIMEOUT_START
040 0 0378218524 RESP_END
040 0 0384690504 TIMEOUT_END
041 1 0386829248 STIM_START
041 1 0387700960 LICK
041 1 0387898688 LICK
041 1 0390854732 STIM_END_RESP_START
041 1 0391097628 LICK
041 1 0391098112 REWARD_START
041 1 0391242252 LICK
041 1 0391401880 LICK
041 1 0391726296 LICK
041 1 0392054760 RESP_END
041 1 0391111136 REWARD_END
042 1 0394342416 STIM_START
042 1 0398313180 LICK
042 1 0398367868 STIM_END_RESP_START
042 1 0398497104 LICK
042 1 0398497592 REWARD_START
042 1 0398645152 LICK
042 1 0398817796 LICK
042 1 0399103836 LICK
042 1 0399278172 LICK
042 1 0399446644 LICK
042 1 0399567916 RESP_END
042 1 0398510612 REWARD_END
043 1 0407896628 STIM_START
043 1 0410955188 LICK
043 1 0411131496 LICK
043 1 0411922084 STIM_END_RESP_START
043 1 0412142492 LICK
043 1 0412142984 REWARD_START
043 1 0412299924 LICK
043 1 0412465824 LICK
043 1 0412782936 LICK
043 1 0413092668 LICK
043 1 0413122108 RESP_END
043 1 0412156008 REWARD_END
044 0 0415153780 STIM_START
044 0 0417906744 LICK
044 0 0418679184 STIM_END_RESP_START
044 0 0419879220 RESP_END
045 0 0422601964 STIM_START
045 0 0425891716 LICK
045 0 0426127388 STIM_END_RESP_START
045 0 0427327416 RESP_END
046 0 0431076284 STIM_START
046 0 0431977860 LICK
046 0 0434351680 STIM_END_RESP_START
046 0 0435551712 RESP_END
047 1 0437476372 STIM_START
047 1 0437923268 LICK
047 1 0438296912 LICK
047 1 0441001780 STIM_END_RESP_START
047 1 0441312028 LICK
047 1 0441312520 REWARD_START
047 1 0441439536 LICK
047 1 0441606740 LICK
047 1 0441907264 LICK
047 1 0442201812 RESP_END
047 1 0441325536 REWARD_END
048 0 0444525496 STIM_START
048 0 0448050920 STIM_END_RESP_START
048 0 0448155596 LICK
048 0 0448156088 TIMEOUT_START
048 0 0448353400 LICK
048 0 0448353884 TIMEOUT_START
048 0 0448835984 LICK
048 0 0448836468 TIMEOUT_START
048 0 0449250948 RESP_END
048 0 0455836984 TIMEOUT_END
049 0 0457907656 STIM_START
049 0 0460911300 LICK
049 0 0461051940 LICK
049 0 0461433088 STIM_END_RESP_START
049 0 0462633124 RESP_END
050 1 0464756780 STIM_START
050 1 0468782256 STIM_END_RESP_START
050 1 0469136080 LICK
050 1 0469136568 REWARD_START
050 1 0469982308 RESP_END
050 1 0469149588 REWARD_END
USER_EXIT