001 0 3 8 0007061580 STIM_START
001 0 3 8 0010336988 STIM_END_RESP_START
001 0 3 8 0010883680 LICK
001 0 3 8 0010884120 TIMEOUT_START
001 0 3 8 0011086408 LICK
001 0 3 8 0011086840 TIMEOUT_START
001 0 3 8 0011537016 RESP_END
001 0 3 8 0018087280 TIMEOUT_END
002 1 1 7 0019821680 STIM_START
002 1 1 7 0022897028 STIM_END_RESP_START
002 1 1 7 0024097044 RESP_END
003 2 1 10 0025795660 STIM_START
003 2 1 10 0028871048 STIM_END_RESP_START
003 2 1 10 0029644100 LICK
003 2 1 10 0029644536 REWARD_START
003 2 1 10 0030071068 RESP_END
003 2 1 10 0029657512 REWARD_END
004 2 4 3 0032367700 STIM_START
004 2 4 3 0032875188 LICK
004 2 4 3 0033011396 LICK
004 2 4 3 0033198444 LICK
004 2 4 3 0033344448 LICK
004 2 4 3 0033500932 LICK
004 2 4 3 0033591456 LICK
004 2 4 3 0033732764 LICK
004 2 4 3 0035893132 STIM_END_RESP_START
004 2 4 3 0036099396 LICK
004 2 4 3 0036099832 REWARD_START
004 2 4 3 0036302700 LICK
004 2 4 3 0036584604 LICK
004 2 4 3 0036731932 LICK
004 2 4 3 0036895040 LICK
004 2 4 3 0037041992 LICK
004 2 4 3 0037093172 RESP_END
004 2 4 3 0036112804 REWARD_END
005 0 4 5 0045708832 STIM_START
005 0 4 5 0045915164 LICK
005 0 4 5 0046090424 LICK
005 0 4 5 0046536000 LICK
005 0 4 5 0046925752 LICK
005 0 4 5 0047569432 LICK
005 0 4 5 0048400612 LICK
005 0 4 5 0048623988 LICK
005 0 4 5 0048883924 LICK
005 0 4 5 0049234260 STIM_END_RESP_START
005 0 4 5 0050434280 RESP_END
006 0 2 4 0052146928 STIM_START
006 0 2 4 0055272304 STIM_END_RESP_START
006 0 2 4 0056472324 RESP_END
007 0 4 1 0058202844 STIM_START
007 0 4 1 0061728264 STIM_END_RESP_START
007 0 4 1 0062928280 RESP_END
008 2 3 5 0064631952 STIM_START
008 2 3 5 0065745708 LICK
008 2 3 5 0065976804 LICK
008 2 3 5 0067030028 LICK
008 2 3 5 0067907356 STIM_END_RESP_START
008 2 3 5 0068191292 LICK
008 2 3 5 0068191728 REWARD_START
008 2 3 5 0068397432 LICK
008 2 3 5 0068871520 LICK
008 2 3 5 0068998448 LICK
008 2 3 5 0069107380 RESP_END
008 2 3 5 0068204704 REWARD_END
009 1 2 1 0071045000 STIM_START
009 1 2 1 0074170384 STIM_END_RESP_START
009 1 2 1 0074419376 LICK
009 1 2 1 0074419812 REWARD_START
009 1 2 1 0074572152 LICK
009 1 2 1 0074809204 LICK
009 1 2 1 0074940556 LICK
009 1 2 1 0075086200 LICK
009 1 2 1 0075370420 RESP_END
009 1 2 1 0074432784 REWARD_END
010 1 4 8 0077120932 STIM_START
010 1 4 8 0080130160 LICK
010 1 4 8 0080646360 STIM_END_RESP_START
010 1 4 8 0080883904 LICK
010 1 4 8 0080884344 REWARD_START
010 1 4 8 0081006920 LICK
010 1 4 8 0081253952 LICK
010 1 4 8 0081399388 LICK
010 1 4 8 0081545392 LICK
010 1 4 8 0081684204 LICK
010 1 4 8 0081836976 LICK
010 1 4 8 0081846384 RESP_END
010 1 4 8 0080897320 REWARD_END
011 0 1 2 0083550036 STIM_START
011 0 1 2 0084984304 LICK
011 0 1 2 0085693928 LICK
011 0 1 2 0086120928 LICK
011 0 1 2 0086391588 LICK
011 0 1 2 0086625396 STIM_END_RESP_START
011 0 1 2 0087154532 LICK
011 0 1 2 0087154976 TIMEOUT_START
011 0 1 2 0087594576 LICK
011 0 1 2 0087595016 TIMEOUT_START
011 0 1 2 0087825428 RESP_END
011 0 1 2 0094595452 TIMEOUT_END
012 0 1 1 0098115296 STIM_START
012 0 1 1 0098885092 LICK
012 0 1 1 0099977132 LICK
012 0 1 1 0101190648 STIM_END_RESP_START
012 0 1 1 0101410048 LICK
012 0 1 1 0101410532 TIMEOUT_START
012 0 1 1 0102318900 LICK
012 0 1 1 0102319392 TIMEOUT_START
012 0 1 1 0102390692 RESP_END
012 0 1 1 0109319876 TIMEOUT_END
013 0 4 5 0111049412 STIM_START
013 0 4 5 0113599788 LICK
013 0 4 5 0113822992 LICK
013 0 4 5 0114231392 LICK
013 0 4 5 0114563604 LICK
013 0 4 5 0114574816 STIM_END_RESP_START
013 0 4 5 0115408652 LICK
013 0 4 5 0115409140 TIMEOUT_START
013 0 4 5 0115774836 RESP_END
013 0 4 5 0122409620 TIMEOUT_END
014 1 3 8 0124125588 STIM_START
014 1 3 8 0124501888 LICK
014 1 3 8 0127400988 STIM_END_RESP_START
014 1 3 8 0128601016 RESP_END
015 0 4 2 0130326580 STIM_START
015 0 4 2 0133852008 STIM_END_RESP_START
015 0 4 2 0134200852 LICK
015 0 4 2 0134201332 TIMEOUT_START
015 0 4 2 0135052024 RESP_END
015 0 4 2 0141201820 TIMEOUT_END
016 1 1 2 0152013980 STIM_START
016 1 1 2 0152672016 LICK
016 1 1 2 0152876404 LICK
016 1 1 2 0153394284 LICK
016 1 1 2 0154340892 LICK
016 1 1 2 0154576056 LICK
016 1 1 2 0154771324 LICK
016 1 1 2 0155029536 LICK
016 1 1 2 0155089348 STIM_END_RESP_START
016 1 1 2 0155335136 LICK
016 1 1 2 0155335620 REWARD_START
016 1 1 2 0155668636 LICK
016 1 1 2 0156056040 LICK
016 1 1 2 0156196752 LICK
016 1 1 2 0156289380 RESP_END
016 1 1 2 0155348644 REWARD_END
017 1 1 1 0158086944 STIM_START
017 1 1 1 0158474740 LICK
017 1 1 1 0158669196 LICK
017 1 1 1 0159408312 LICK
017 1 1 1 0159963216 LICK
017 1 1 1 0160181800 LICK
017 1 1 1 0160351948 LICK
017 1 1 1 0160598420 LICK
017 1 1 1 0161160432 LICK
017 1 1 1 0161162328 STIM_END_RESP_START
017 1 1 1 0161949592 LICK
017 1 1 1 0161950084 REWARD_START
017 1 1 1 0162145360 LICK
017 1 1 1 0162362352 RESP_END
017 1 1 1 0161963088 REWARD_END
018 2 1 2 0164736052 STIM_START
018 2 1 2 0165655760 LICK
018 2 1 2 0165871304 LICK
018 2 1 2 0166498512 LICK
018 2 1 2 0167811412 STIM_END_RESP_START
018 2 1 2 0167985776 LICK
018 2 1 2 0167986264 REWARD_START
018 2 1 2 0168181536 LICK
018 2 1 2 0168523924 LICK
018 2 1 2 0168662808 LICK
018 2 1 2 0168831000 LICK
018 2 1 2 0168987736 LICK
018 2 1 2 0169011440 RESP_END
018 2 1 2 0167999276 REWARD_END
019 0 2 4 0177897180 STIM_START
019 0 2 4 0180429320 LICK
019 0 2 4 0181022548 STIM_END_RESP_START
019 0 2 4 0182222584 RESP_END
020 0 2 3 0183932084 STIM_START
020 0 2 3 0185744824 LICK
020 0 2 3 0187057460 STIM_END_RESP_START
020 0 2 3 0187107608 LICK
020 0 2 3 0187108092 TIMEOUT_START
020 0 2 3 0188257504 RESP_END
020 0 2 3 0194108584 TIMEOUT_END
021 1 4 9 0195836012 STIM_START
021 1 4 9 0198852096 LICK
021 1 4 9 0199361424 STIM_END_RESP_START
021 1 4 9 0199621264 LICK
021 1 4 9 0199621756 REWARD_START
021 1 4 9 0199788880 LICK
021 1 4 9 0200561436 RESP_END
021 1 4 9 0199634772 REWARD_END
022 2 1 6 0202265080 STIM_START
022 2 1 6 0205340444 STIM_END_RESP_START
022 2 1 6 0206540476 RESP_END
023 0 1 3 0208247080 STIM_START
023 0 1 3 0211322440 STIM_END_RESP_START
023 0 1 3 0212522476 RESP_END
024 1 4 10 0214255024 STIM_START
024 1 4 10 0217780460 STIM_END_RESP_START
024 1 4 10 0217932428 LICK
024 1 4 10 0217932916 REWARD_START
024 1 4 10 0218093700 LICK
024 1 4 10 0218980484 RESP_END
024 1 4 10 0217945928 REWARD_END
025 1 2 6 0220691068 STIM_START
025 1 2 6 0221210660 LICK
025 1 2 6 0221350028 LICK
025 1 2 6 0221570228 LICK
025 1 2 6 0223475868 LICK
025 1 2 6 0223696364 LICK
025 1 2 6 0223816452 STIM_END_RESP_START
025 1 2 6 0224422200 LICK
025 1 2 6 0224422684 REWARD_START
025 1 2 6 0224618024 LICK
025 1 2 6 0225016492 RESP_END
025 1 2 6 0224435704 REWARD_END
026 0 4 2 0227316152 STIM_START
026 0 4 2 0230841548 STIM_END_RESP_START
026 0 4 2 0232041584 RESP_END
027 2 1 10 0236038572 STIM_START
027 2 1 10 0236362984 LICK
027 2 1 10 0236537156 LICK
027 2 1 10 0236708448 LICK
027 2 1 10 0236953236 LICK
027 2 1 10 0237219416 LICK
027 2 1 10 0238539656 LICK
027 2 1 10 0239113928 STIM_END_RESP_START
027 2 1 10 0240313964 RESP_END
028 2 2 3 0242026524 STIM_START
028 2 2 3 0245151880 STIM_END_RESP_START
028 2 2 3 0246351916 RESP_END
029 1 4 1 0248081512 STIM_START
029 1 4 1 0251606944 STIM_END_RESP_START
029 1 4 1 0251877848 LICK
029 1 4 1 0251878332 REWARD_START
029 1 4 1 0252052320 LICK
029 1 4 1 0252806976 RESP_END
029 1 4 1 0251891356 REWARD_END
030 0 5 5 0255030564 STIM_START
030 0 5 5 0259056024 STIM_END_RESP_START
030 0 5 5 0259576636 LICK
030 0 5 5 0259577124 TIMEOUT_START
030 0 5 5 0260256048 RESP_END
030 0 5 5 0266577612 TIMEOUT_END
031 0 4 5 0268302776 STIM_START
031 0 4 5 0271828208 STIM_END_RESP_START
031 0 4 5 0273028248 RESP_END
032 2 2 2 0274741828 STIM_START
032 2 2 2 0277867184 STIM_END_RESP_START
032 2 2 2 0279067220 RESP_END
033 1 4 2 0280796796 STIM_START
033 1 4 2 0284322232 STIM_END_RESP_START
033 1 4 2 0284845240 LICK
033 1 4 2 0284845728 REWARD_START
033 1 4 2 0285234936 LICK
033 1 4 2 0285522272 RESP_END
033 1 4 2 0284858748 REWARD_END
034 1 2 9 0287235852 STIM_START
034 1 2 9 0290361204 STIM_END_RESP_START
034 1 2 9 0290841380 LICK
034 1 2 9 0290841872 REWARD_START
034 1 2 9 0290969424 LICK
034 1 2 9 0291561240 RESP_END
034 1 2 9 0290854888 REWARD_END
035 0 2 7 0293447828 STIM_START
035 0 2 7 0296573184 STIM_END_RESP_START
035 0 2 7 0297773220 RESP_END
036 0 5 6 0299521800 STIM_START
036 0 5 6 0303547296 STIM_END_RESP_START
036 0 5 6 0304747332 RESP_END
037 1 2 6 0306458964 STIM_START
037 1 2 6 0309584320 STIM_END_RESP_START
037 1 2 6 0310109152 LICK
037 1 2 6 0310109644 REWARD_START
037 1 2 6 0310312644 LICK
037 1 2 6 0310741652 LICK
037 1 2 6 0310784344 RESP_END
037 1 2 6 0310122668 REWARD_END
038 0 3 3 0313090028 STIM_START
038 0 3 3 0314711728 LICK
038 0 3 3 0315465908 LICK
038 0 3 3 0315650256 LICK
038 0 3 3 0315853736 LICK
038 0 3 3 0316068348 LICK
038 0 3 3 0316365416 STIM_END_RESP_START
038 0 3 3 0316925524 LICK
038 0 3 3 0316926016 TIMEOUT_START
038 0 3 3 0317565444 RESP_END
038 0 3 3 0323926500 TIMEOUT_END
039 1 2 5 0325632028 STIM_START
039 1 2 5 0328010204 LICK
039 1 2 5 0328757400 STIM_END_RESP_START
039 1 2 5 0329066268 LICK
039 1 2 5 0329066756 REWARD_START
039 1 2 5 0329108872 LICK
039 1 2 5 0329426900 LICK
039 1 2 5 0329875560 LICK
039 1 2 5 0329957436 RESP_END
039 1 2 5 0329079772 REWARD_END
040 1 4 6 0331924032 STIM_START
040 1 4 6 0333975132 LICK
040 1 4 6 0335008140 LICK
040 1 4 6 0335449440 STIM_END_RESP_START
040 1 4 6 0335996728 LICK
040 1 4 6 0335997220 REWARD_START
040 1 4 6 0336649476 RESP_END
040 1 4 6 0336010236 REWARD_END
041 0 3 5 0338374068 STIM_START
041 0 3 5 0338401720 LICK
041 0 3 5 0338545012 LICK
041 0 3 5 0339172424 LICK
041 0 3 5 0340040924 LICK
041 0 3 5 0340791912 LICK
041 0 3 5 0341649440 STIM_END_RESP_START
041 0 3 5 0341769016 LICK
041 0 3 5 0341769504 TIMEOUT_START
041 0 3 5 0342403136 LICK
041 0 3 5 0342403620 TIMEOUT_START
041 0 3 5 0342849456 RESP_END
041 0 3 5 0349404100 TIMEOUT_END
042 0 1 2 0351113080 STIM_START
042 0 1 2 0352193204 LICK
042 0 1 2 0352306400 LICK
042 0 1 2 0353468912 LICK
042 0 1 2 0354014788 LICK
042 0 1 2 0354188436 STIM_END_RESP_START
042 0 1 2 0354448068 LICK
042 0 1 2 0354448556 TIMEOUT_START
042 0 1 2 0354592788 LICK
042 0 1 2 0354593272 TIMEOUT_START
042 0 1 2 0354746196 LICK
042 0 1 2 0354746684 TIMEOUT_START
042 0 1 2 0355388484 RESP_END
042 0 1 2 0361747172 TIMEOUT_END
043 1 2 3 0364694356 STIM_START
043 1 2 3 0365437288 LICK
043 1 2 3 0365906512 LICK
043 1 2 3 0367819732 STIM_END_RESP_START
043 1 2 3 0368775488 LICK
043 1 2 3 0368775972 REWARD_START
043 1 2 3 0368977416 LICK
043 1 2 3 0369019748 RESP_END
043 1 2 3 0368788992 REWARD_END
044 1 5 7 0373841772 STIM_START
044 1 5 7 0375882880 LICK
044 1 5 7 0377281796 LICK
044 1 5 7 0377867228 STIM_END_RESP_START
044 1 5 7 0378296220 LICK
044 1 5 7 0378296712 REWARD_START
044 1 5 7 0378715076 LICK
044 1 5 7 0378842844 LICK
044 1 5 7 0379067272 RESP_END
044 1 5 7 0378309732 REWARD_END
045 0 3 10 0382397184 STIM_START
045 0 3 10 0384801284 LICK
045 0 3 10 0385061036 LICK
045 0 3 10 0385198872 LICK
045 0 3 10 0385349628 LICK
045 0 3 10 0385514580 LICK
045 0 3 10 0385672572 STIM_END_RESP_START
045 0 3 10 0386268396 LICK
045 0 3 10 0386268880 TIMEOUT_START
045 0 3 10 0386872608 RESP_END
045 0 3 10 0393269368 TIMEOUT_END
046 2 4 3 0394997188 STIM_START
046 2 4 3 0397348152 LICK
046 2 4 3 0398522600 STIM_END_RESP_START
046 2 4 3 0399722636 RESP_END
047 1 4 8 0401457244 STIM_START
047 1 4 8 0404982676 STIM_END_RESP_START
047 1 4 8 0405421096 LICK
047 1 4 8 0405421584 REWARD_START
047 1 4 8 0406182720 RESP_END
047 1 4 8 0405434592 REWARD_END
048 1 1 8 0407895268 STIM_START
048 1 1 8 0410970632 STIM_END_RESP_START
048 1 1 8 0411373444 LICK
048 1 1 8 0411373932 REWARD_START
048 1 1 8 0411909108 LICK
048 1 1 8 0412170676 RESP_END
048 1 1 8 0411386956 REWARD_END
049 0 3 7 0415689492 STIM_START
049 0 3 7 0415795564 LICK
049 0 3 7 0416363300 LICK
049 0 3 7 0417953696 LICK
049 0 3 7 0418071556 LICK
049 0 3 7 0418964868 STIM_END_RESP_START
049 0 3 7 0419730040 LICK
049 0 3 7 0419730528 TIMEOUT_START
049 0 3 7 0420164900 RESP_END
049 0 3 7 0426731012 TIMEOUT_END
050 1 1 3 0428442604 STIM_START
050 1 1 3 0431517972 STIM_END_RESP_START
050 1 1 3 0431579924 LICK
050 1 1 3 0431580416 REWARD_START
050 1 1 3 0431917252 LICK
050 1 1 3 0432088832 LICK
050 1 1 3 0432422180 LICK
050 1 1 3 0432613416 LICK
050 1 1 3 0432718004 RESP_END
050 1 1 3 0431593432 REWARD_END
051 2 1 9 0434483576 STIM_START
051 2 1 9 0437558940 STIM_END_RESP_START
051 2 1 9 0438758976 RESP_END
052 0 4 2 0440482536 STIM_START
052 0 4 2 0440521424 LICK
052 0 4 2 0440718612 LICK
052 0 4 2 0441489688 LICK
052 0 4 2 0441992060 LICK
052 0 4 2 0444007964 STIM_END_RESP_START
052 0 4 2 0445208000 RESP_END
053 1 3 9 0446932508 STIM_START
053 1 3 9 0450207912 STIM_END_RESP_START
053 1 3 9 0450525912 LICK
053 1 3 9 0450526404 REWARD_START
053 1 3 9 0450745160 LICK
053 1 3 9 0451230036 LICK
053 1 3 9 0451407948 RESP_END
053 1 3 9 0450539424 REWARD_END
054 1 1 8 0453902696 STIM_START
054 1 1 8 0456978060 STIM_END_RESP_START
054 1 1 8 0457308844 LICK
054 1 1 8 0457309332 REWARD_START
054 1 1 8 0457494780 LICK
054 1 1 8 0457774420 LICK
054 1 1 8 0457972924 LICK
054 1 1 8 0458104536 LICK
054 1 1 8 0458178092 RESP_END
054 1 1 8 0457322352 REWARD_END
055 1 3 10 0459994676 STIM_START
055 1 3 10 0462409740 LICK
055 1 3 10 0462579472 LICK
055 1 3 10 0463081796 LICK
055 1 3 10 0463258280 LICK
055 1 3 10 0463270056 STIM_END_RESP_START
055 1 3 10 0463507108 LICK
055 1 3 10 0463507600 REWARD_START
055 1 3 10 0463682860 LICK
055 1 3 10 0463843888 LICK
055 1 3 10 0464183804 LICK
055 1 3 10 0464332048 LICK
055 1 3 10 0464470076 RESP_END
055 1 3 10 0463520612 REWARD_END
056 0 1 7 0466397688 STIM_START
056 0 1 7 0469473052 STIM_END_RESP_START
056 0 1 7 0469650356 LICK
056 0 1 7 0469650848 TIMEOUT_START
056 0 1 7 0469851928 LICK
056 0 1 7 0469852424 TIMEOUT_START
056 0 1 7 0470437008 LICK
056 0 1 7 0470437496 TIMEOUT_START
056 0 1 7 0470673080 RESP_END
056 0 1 7 0477437984 TIMEOUT_END
057 1 4 9 0481316096 STIM_START
057 1 4 9 0484841532 STIM_END_RESP_START
057 1 4 9 0485139876 LICK
057 1 4 9 0485140364 REWARD_START
057 1 4 9 0485329292 LICK
057 1 4 9 0485883104 LICK
057 1 4 9 0486035420 LICK
057 1 4 9 0486041548 RESP_END
057 1 4 9 0485153384 REWARD_END
058 1 3 2 0488420252 STIM_START
058 1 3 2 0490564724 LICK
058 1 3 2 0490770868 LICK
058 1 3 2 0490946264 LICK
058 1 3 2 0491109288 LICK
058 1 3 2 0491493484 LICK
058 1 3 2 0491695628 STIM_END_RESP_START
058 1 3 2 0491780888 LICK
058 1 3 2 0491781376 REWARD_START
058 1 3 2 0492009312 LICK
058 1 3 2 0492143116 LICK
058 1 3 2 0492302052 LICK
058 1 3 2 0492469300 LICK
058 1 3 2 0492640920 LICK
058 1 3 2 0492797592 LICK
058 1 3 2 0492895644 RESP_END
058 1 3 2 0491794392 REWARD_END
059 1 3 4 0495276328 STIM_START
059 1 3 4 0497153812 LICK
059 1 3 4 0497327604 LICK
059 1 3 4 0498116580 LICK
059 1 3 4 0498328412 LICK
059 1 3 4 0498551696 STIM_END_RESP_START
059 1 3 4 0498769436 LICK
059 1 3 4 0498769928 REWARD_START
059 1 3 4 0498982888 LICK
059 1 3 4 0499274124 LICK
059 1 3 4 0499615360 LICK
059 1 3 4 0499751716 RESP_END
059 1 3 4 0498782944 REWARD_END
060 0 3 4 0501711376 STIM_START
060 0 3 4 0504986744 STIM_END_RESP_START
060 0 3 4 0506186780 RESP_END
061 0 2 2 0508870532 STIM_START
061 0 2 2 0509214732 LICK
061 0 2 2 0509386712 LICK
061 0 2 2 0509579192 LICK
061 0 2 2 0509790820 LICK
061 0 2 2 0510654652 LICK
061 0 2 2 0511208896 LICK
061 0 2 2 0511462388 LICK
061 0 2 2 0511995880 STIM_END_RESP_START
061 0 2 2 0513195924 RESP_END
062 1 5 1 0514951508 STIM_START
062 1 5 1 0518497592 LICK
062 1 5 1 0518976988 STIM_END_RESP_START
062 1 5 1 0519094508 LICK
062 1 5 1 0519094996 REWARD_START
062 1 5 1 0519759180 LICK
062 1 5 1 0520177032 RESP_END
062 1 5 1 0519108016 REWARD_END
063 1 5 7 0523751900 STIM_START
063 1 5 7 0524461812 LICK
063 1 5 7 0525623768 LICK
063 1 5 7 0527017340 LICK
063 1 5 7 0527079608 LICK
063 1 5 7 0527762544 LICK
063 1 5 7 0527777372 STIM_END_RESP_START
063 1 5 7 0528368416 LICK
063 1 5 7 0528368908 REWARD_START
063 1 5 7 0528589008 LICK
063 1 5 7 0528977420 RESP_END
063 1 5 7 0528381920 REWARD_END
064 1 5 2 0531666164 STIM_START
064 1 5 2 0533012776 LICK
064 1 5 2 0533288948 LICK
064 1 5 2 0533663088 LICK
064 1 5 2 0534586608 LICK
064 1 5 2 0535691612 STIM_END_RESP_START
064 1 5 2 0536016980 LICK
064 1 5 2 0536017464 REWARD_START
064 1 5 2 0536252636 LICK
064 1 5 2 0536822536 LICK
064 1 5 2 0536891632 RESP_END
064 1 5 2 0536030484 REWARD_END
065 0 3 8 0539131456 STIM_START
065 0 3 8 0540649588 LICK
065 0 3 8 0540844896 LICK
065 0 3 8 0541179864 LICK
065 0 3 8 0541375476 LICK
065 0 3 8 0541620464 LICK
065 0 3 8 0542060148 LICK
065 0 3 8 0542288816 LICK
065 0 3 8 0542406832 STIM_END_RESP_START
065 0 3 8 0543606868 RESP_END
066 0 2 5 0546229540 STIM_START
066 0 2 5 0546549248 LICK
066 0 2 5 0546707544 LICK
066 0 2 5 0546929448 LICK
066 0 2 5 0547132052 LICK
066 0 2 5 0549354936 STIM_END_RESP_START
066 0 2 5 0550554972 RESP_END
067 0 2 8 0552269492 STIM_START
067 0 2 8 0555394848 STIM_END_RESP_START
067 0 2 8 0556594884 RESP_END
068 2 4 1 0558314516 STIM_START
068 2 4 1 0561839912 STIM_END_RESP_START
068 2 4 1 0563039948 RESP_END
069 1 4 7 0564766584 STIM_START
069 1 4 7 0568291984 STIM_END_RESP_START
069 1 4 7 0568581236 LICK
069 1 4 7 0568581720 REWARD_START
069 1 4 7 0569492012 RESP_END
069 1 4 7 0568594740 REWARD_END
070 0 3 7 0571214560 STIM_START
070 0 3 7 0571556748 LICK
070 0 3 7 0572071664 LICK
070 0 3 7 0572857780 LICK
070 0 3 7 0574110032 LICK
070 0 3 7 0574285140 LICK
070 0 3 7 0574489964 STIM_END_RESP_START
070 0 3 7 0574540080 LICK
070 0 3 7 0574540564 TIMEOUT_START
070 0 3 7 0574736588 LICK
070 0 3 7 0574737076 TIMEOUT_START
070 0 3 7 0574975660 LICK
070 0 3 7 0574976152 TIMEOUT_START
070 0 3 7 0575648276 LICK
070 0 3 7 0575648764 TIMEOUT_START
070 0 3 7 0575689984 RESP_END
070 0 3 7 0582649256 TIMEOUT_END
071 0 5 4 0584397724 STIM_START
071 0 5 4 0586595024 LICK
071 0 5 4 0588423224 STIM_END_RESP_START
071 0 5 4 0589623252 RESP_END
072 0 5 4 0591367812 STIM_START
072 0 5 4 0592373792 LICK
072 0 5 4 0595393288 STIM_END_RESP_START
072 0 5 4 0596593328 RESP_END
073 2 5 8 0598344972 STIM_START
073 2 5 8 0602370432 STIM_END_RESP_START
073 2 5 8 0603570468 RESP_END
074 1 3 7 0605281076 STIM_START
074 1 3 7 0606928584 LICK
074 1 3 7 0608243628 LICK
074 1 3 7 0608556460 STIM_END_RESP_START
074 1 3 7 0609619096 LICK
074 1 3 7 0609619580 REWARD_START
074 1 3 7 0609756508 RESP_END
074 1 3 7 0609632600 REWARD_END
075 0 5 1 0611556108 STIM_START
075 0 5 1 0612259636 LICK
075 0 5 1 0612500284 LICK
075 0 5 1 0612695212 LICK
075 0 5 1 0612842996 LICK
075 0 5 1 0613011464 LICK
075 0 5 1 0613829292 LICK
075 0 5 1 0614078524 LICK
075 0 5 1 0614751880 LICK
075 0 5 1 0615581592 STIM_END_RESP_START
075 0 5 1 0616074168 LICK
075 0 5 1 0616074656 TIMEOUT_START
075 0 5 1 0616781624 RESP_END
075 0 5 1 0623075144 TIMEOUT_END
076 1 2 7 0624787212 STIM_START
076 1 2 7 0625614876 LICK
076 1 2 7 0626608524 LICK
076 1 2 7 0627537636 LICK
076 1 2 7 0627912568 STIM_END_RESP_START
076 1 2 7 0628172396 LICK
076 1 2 7 0628172888 REWARD_START
076 1 2 7 0628367836 LICK
076 1 2 7 0628695688 LICK
076 1 2 7 0629061404 LICK
076 1 2 7 0629112608 RESP_END
076 1 2 7 0628185904 REWARD_END
077 0 2 10 0631104204 STIM_START
077 0 2 10 0634229600 STIM_END_RESP_START
077 0 2 10 0635429636 RESP_END
078 0 4 7 0637156244 STIM_START
078 0 4 7 0640681644 STIM_END_RESP_START
078 0 4 7 0641881676 RESP_END
079 1 1 4 0643586256 STIM_START
079 1 1 4 0644257888 LICK
079 1 1 4 0644467748 LICK
079 1 1 4 0644861404 LICK
079 1 1 4 0645073336 LICK
079 1 1 4 0646187428 LICK
079 1 1 4 0646661608 STIM_END_RESP_START
079 1 1 4 0646945996 LICK
079 1 1 4 0646946480 REWARD_START
079 1 1 4 0647110760 LICK
079 1 1 4 0647433756 LICK
079 1 1 4 0647761768 LICK
079 1 1 4 0647861632 RESP_END
079 1 1 4 0646959504 REWARD_END
080 0 3 1 0650341328 STIM_START
080 0 3 1 0653616736 STIM_END_RESP_START
080 0 3 1 0654816776 RESP_END
081 1 4 2 0656537320 STIM_START
081 1 4 2 0660062756 STIM_END_RESP_START
081 1 4 2 0660345480 LICK
081 1 4 2 0660345972 REWARD_START
081 1 4 2 0660488504 LICK
081 1 4 2 0661033048 LICK
081 1 4 2 0661175344 LICK
081 1 4 2 0661262804 RESP_END
081 1 4 2 0660358988 REWARD_END
082 0 5 4 0663416440 STIM_START
082 0 5 4 0667441896 STIM_END_RESP_START
082 0 5 4 0668641936 RESP_END
083 2 3 8 0670363600 STIM_START
083 2 3 8 0672429312 LICK
083 2 3 8 0673638972 STIM_END_RESP_START
083 2 3 8 0674839008 RESP_END
084 1 5 2 0676588584 STIM_START
084 1 5 2 0680614040 STIM_END_RESP_START
084 1 5 2 0680893508 LICK
084 1 5 2 0680893992 REWARD_START
084 1 5 2 0681475724 LICK
084 1 5 2 0681814064 RESP_END
084 1 5 2 0680907016 REWARD_END
085 1 5 3 0684819924 STIM_START
085 1 5 3 0688845380 STIM_END_RESP_START
085 1 5 3 0689261380 LICK
085 1 5 3 0689261868 REWARD_START
085 1 5 3 0689390960 LICK
085 1 5 3 0689716284 LICK
085 1 5 3 0690045392 RESP_END
085 1 5 3 0689274892 REWARD_END
086 0 2 3 0692152092 STIM_START
086 0 2 3 0695277448 STIM_END_RESP_START
086 0 2 3 0696477484 RESP_END
087 0 4 1 0698198000 STIM_START
087 0 4 1 0698558268 LICK
087 0 4 1 0698735188 LICK
087 0 4 1 0698895804 LICK
087 0 4 1 0699167012 LICK
087 0 4 1 0699932076 LICK
087 0 4 1 0700719824 LICK
087 0 4 1 0701723428 STIM_END_RESP_START
087 0 4 1 0702337564 LICK
087 0 4 1 0702338056 TIMEOUT_START
087 0 4 1 0702923464 RESP_END
087 0 4 1 0709338544 TIMEOUT_END
088 0 1 2 0711037136 STIM_START
088 0 1 2 0713194052 LICK
088 0 1 2 0714112488 STIM_END_RESP_START
088 0 1 2 0715312524 RESP_END
089 1 2 8 0717010112 STIM_START
089 1 2 8 0720135464 STIM_END_RESP_START
089 1 2 8 0720757012 LICK
089 1 2 8 0720757500 REWARD_START
089 1 2 8 0721335504 RESP_END
089 1 2 8 0720770524 REWARD_END
090 2 2 7 0725328368 STIM_START
090 2 2 7 0726035740 LICK
090 2 2 7 0727963644 LICK
090 2 2 7 0728452840 LICK
090 2 2 7 0728453756 STIM_END_RESP_START
090 2 2 7 0729230264 LICK
090 2 2 7 0729230756 REWARD_START
090 2 2 7 0729496120 LICK
090 2 2 7 0729645776 LICK
090 2 2 7 0729653792 RESP_END
090 2 2 7 0729243764 REWARD_END
091 0 1 7 0733263684 STIM_START
091 0 1 7 0736339064 STIM_END_RESP_START
091 0 1 7 0737539104 RESP_END
092 0 5 10 0739278656 STIM_START
092 0 5 10 0743304156 STIM_END_RESP_START
092 0 5 10 0744504192 RESP_END
093 0 5 8 0746254796 STIM_START
093 0 5 8 0750280252 STIM_END_RESP_START
093 0 5 8 0751480292 RESP_END
094 2 4 4 0753208912 STIM_START
094 2 4 4 0756734312 STIM_END_RESP_START
094 2 4 4 0757048872 LICK
094 2 4 4 0757049364 REWARD_START
094 2 4 4 0757265220 LICK
094 2 4 4 0757789772 LICK
094 2 4 4 0757934344 RESP_END
094 2 4 4 0757062384 REWARD_END
095 0 2 6 0759645988 STIM_START
095 0 2 6 0759946328 LICK
095 0 2 6 0760138300 LICK
095 0 2 6 0760759924 LICK
095 0 2 6 0761120820 LICK
095 0 2 6 0761787948 LICK
095 0 2 6 0762771356 STIM_END_RESP_START
095 0 2 6 0762888996 LICK
095 0 2 6 0762889484 TIMEOUT_START
095 0 2 6 0763971400 RESP_END
095 0 2 6 0769889972 TIMEOUT_END
096 0 3 3 0771603876 STIM_START
096 0 3 3 0774813924 LICK
096 0 3 3 0774879272 STIM_END_RESP_START
096 0 3 3 0776079304 RESP_END
097 0 5 3 0777828924 STIM_START
097 0 5 3 0781854384 STIM_END_RESP_START
097 0 5 3 0783054424 RESP_END
098 2 1 10 0784761996 STIM_START
098 2 1 10 0786962348 LICK
098 2 1 10 0787173056 LICK
098 2 1 10 0787371148 LICK
098 2 1 10 0787617436 LICK
098 2 1 10 0787837344 STIM_END_RESP_START
098 2 1 10 0789037384 RESP_END
099 0 5 1 0791023012 STIM_START
099 0 5 1 0795048472 STIM_END_RESP_START
099 0 5 1 0796248508 RESP_END
100 0 1 10 0797962096 STIM_START
100 0 1 10 0801037468 STIM_END_RESP_START
100 0 1 10 0802237504 RESP_END
101 0 1 10 0803946084 STIM_START
101 0 1 10 0807021444 STIM_END_RESP_START
101 0 1 10 0808221484 RESP_END
102 2 4 7 0809952012 STIM_START
102 2 4 7 0813477408 STIM_END_RESP_START
102 2 4 7 0814677448 RESP_END
103 1 5 6 0816421128 STIM_START
103 1 5 6 0820446588 STIM_END_RESP_START
103 1 5 6 0820983072 LICK
103 1 5 6 0820983556 REWARD_START
103 1 5 6 0821646624 RESP_END
103 1 5 6 0820996576 REWARD_END
104 0 4 9 0823359216 STIM_START
104 0 4 9 0826884616 STIM_END_RESP_START
104 0 4 9 0828084652 RESP_END
105 0 2 2 0829798260 STIM_START
105 0 2 2 0832923616 STIM_END_RESP_START
105 0 2 2 0834123656 RESP_END
106 0 1 2 0835836180 STIM_START
106 0 1 2 0838911544 STIM_END_RESP_START
106 0 1 2 0840111584 RESP_END
107 2 4 2 0841839164 STIM_START
107 2 4 2 0845364600 STIM_END_RESP_START
107 2 4 2 0846564636 RESP_END
108 0 3 4 0848273236 STIM_START
108 0 3 4 0851548604 STIM_END_RESP_START
108 0 3 4 0852748640 RESP_END
