001 0 0025961592 STIM_START
001 0 0029737044 STIM_END_RESP_START
001 0 0030937096 RESP_END
002 1 0033163716 STIM_START
002 1 0036689124 STIM_END_RESP_START
002 1 0037889140 RESP_END
003 1 0040148856 STIM_START
003 1 0044174316 STIM_END_RESP_START
003 1 0045374332 RESP_END
004 0 0047585044 STIM_START
004 0 0049112900 LICK
004 0 0049218516 LICK
004 0 0049290384 LICK
004 0 0049393108 LICK
004 0 0049596480 LICK
004 0 0049945976 LICK
004 0 0050397028 LICK
004 0 0050597256 LICK
004 0 0050795672 LICK
004 0 0050977432 LICK
004 0 0051360480 STIM_END_RESP_START
004 0 0051470900 LICK
004 0 0051471336 TIMEOUT_START
004 0 0051633728 LICK
004 0 0051634164 TIMEOUT_START
004 0 0052560504 RESP_END
004 0 0058634624 TIMEOUT_END
005 1 0067678228 STIM_START
005 1 0068089360 LICK
005 1 0068769720 LICK
005 1 0068969940 LICK
005 1 0069145572 LICK
005 1 0069413112 LICK
005 1 0069569488 LICK
005 1 0069763200 LICK
005 1 0069883956 LICK
005 1 0070273108 LICK
005 1 0070449080 LICK
005 1 0071148044 LICK
005 1 0071695004 LICK
005 1 0071703692 STIM_END_RESP_START
005 1 0071829704 LICK
005 1 0071830144 REWARD_START
005 1 0071980960 LICK
005 1 0072348488 LICK
005 1 0072492732 LICK
005 1 0072626592 LICK
005 1 0072750240 LICK
005 1 0072869692 LICK
005 1 0072903720 RESP_END
005 1 0071843120 REWARD_END
006 0 0075682496 STIM_START
006 0 0076450148 LICK
006 0 0076619360 LICK
006 0 0077148784 LICK
006 0 0077312624 LICK
006 0 0077469772 LICK
006 0 0077634916 LICK
006 0 0078331348 LICK
006 0 0078537484 LICK
006 0 0079064356 LICK
006 0 0079257696 LICK
006 0 0079446984 LICK
006 0 0079457944 STIM_END_RESP_START
006 0 0079680032 LICK
006 0 0079680464 TIMEOUT_START
006 0 0080657960 RESP_END
006 0 0086680928 TIMEOUT_END
007 0 0088694624 STIM_START
007 0 0088797084 LICK
007 0 0089007168 LICK
007 0 0089307548 LICK
007 0 0089529100 LICK
007 0 0089711596 LICK
007 0 0089874820 LICK
007 0 0091086716 LICK
007 0 0091274612 LICK
007 0 0091570864 LICK
007 0 0091696352 LICK
007 0 0091970016 STIM_END_RESP_START
007 0 0092351396 LICK
007 0 0092351840 TIMEOUT_START
007 0 0093170048 RESP_END
007 0 0099352296 TIMEOUT_END
008 0 0101339668 STIM_START
008 0 0101375076 LICK
008 0 0102440592 LICK
008 0 0102626544 LICK
008 0 0103531896 LICK
008 0 0103963564 LICK
008 0 0104291076 LICK
008 0 0104507024 LICK
008 0 0104615064 STIM_END_RESP_START
008 0 0104648376 LICK
008 0 0104648864 TIMEOUT_START
008 0 0104753760 LICK
008 0 0104754252 TIMEOUT_START
008 0 0104984180 LICK
008 0 0104984668 TIMEOUT_START
008 0 0105172388 LICK
008 0 0105172868 TIMEOUT_START
008 0 0105414004 LICK
008 0 0105414488 TIMEOUT_START
008 0 0105679100 LICK
008 0 0105679584 TIMEOUT_START
008 0 0105815104 RESP_END
008 0 0112680084 TIMEOUT_END
009 1 0117859272 STIM_START
009 1 0119481104 LICK
009 1 0119630124 LICK
009 1 0120478716 LICK
009 1 0120654624 LICK
009 1 0120824184 LICK
009 1 0121840236 LICK
009 1 0121884728 STIM_END_RESP_START
009 1 0121996868 LICK
009 1 0121997360 REWARD_START
009 1 0122125884 LICK
009 1 0122541392 LICK
009 1 0122659892 LICK
009 1 0122799888 LICK
009 1 0122930644 LICK
009 1 0123072804 LICK
009 1 0123084740 RESP_END
009 1 0122010376 REWARD_END
010 0 0127721872 STIM_START
010 0 0128102660 LICK
010 0 0128272720 LICK
010 0 0128872160 LICK
010 0 0130149264 LICK
010 0 0130328124 LICK
010 0 0130649488 LICK
010 0 0130824700 LICK
010 0 0131126800 LICK
010 0 0131737348 LICK
010 0 0131747336 STIM_END_RESP_START
010 0 0131989956 LICK
010 0 0131990440 TIMEOUT_START
010 0 0132162632 LICK
010 0 0132163116 TIMEOUT_START
010 0 0132330552 LICK
010 0 0132331032 TIMEOUT_START
010 0 0132624808 LICK
010 0 0132625292 TIMEOUT_START
010 0 0132822240 LICK
010 0 0132822720 TIMEOUT_START
010 0 0132947356 RESP_END
010 0 0139823228 TIMEOUT_END
011 0 0141830072 STIM_START
011 0 0142086988 LICK
011 0 0142236216 LICK
011 0 0142627008 LICK
011 0 0142840200 LICK
011 0 0143850588 LICK
011 0 0144572056 LICK
011 0 0144757488 LICK
011 0 0145605532 STIM_END_RESP_START
011 0 0146059892 LICK
011 0 0146060384 TIMEOUT_START
011 0 0146302052 LICK
011 0 0146302536 TIMEOUT_START
011 0 0146805568 RESP_END
011 0 0153303052 TIMEOUT_END
012 1 0156460456 STIM_START
012 1 0158668676 LICK
012 1 0159735852 STIM_END_RESP_START
012 1 0159908636 LICK
012 1 0159909128 REWARD_START
012 1 0160058400 LICK
012 1 0160230516 LICK
012 1 0160413744 LICK
012 1 0160935896 RESP_END
012 1 0159922144 REWARD_END
013 1 0163158504 STIM_START
013 1 0165500884 LICK
013 1 0165688280 LICK
013 1 0165905704 LICK
013 1 0166089632 LICK
013 1 0166272992 LICK
013 1 0166390476 LICK
013 1 0166733556 LICK
013 1 0167129968 LICK
013 1 0167183988 STIM_END_RESP_START
013 1 0167277664 LICK
013 1 0167278148 REWARD_START
013 1 0167420948 LICK
013 1 0167799644 LICK
013 1 0167933760 LICK
013 1 0168057056 LICK
013 1 0168189320 LICK
013 1 0168343928 LICK
013 1 0168384036 RESP_END
013 1 0167291168 REWARD_END
014 1 0170658728 STIM_START
014 1 0172043424 LICK
014 1 0172220324 LICK
014 1 0172598720 LICK
014 1 0172795032 LICK
014 1 0172977576 LICK
014 1 0173154004 LICK
014 1 0173344652 LICK
014 1 0173511344 LICK
014 1 0173728424 LICK
014 1 0173955752 LICK
014 1 0174154368 LICK
014 1 0174434172 STIM_END_RESP_START
014 1 0174576680 LICK
014 1 0174577160 REWARD_START
014 1 0174754996 LICK
014 1 0175130960 LICK
014 1 0175417784 LICK
014 1 0175551392 LICK
014 1 0175634212 RESP_END
014 1 0174590184 REWARD_END
015 0 0178000856 STIM_START
015 0 0181507596 LICK
015 0 0181710040 LICK
015 0 0181776300 STIM_END_RESP_START
015 0 0181904492 LICK
015 0 0181904976 TIMEOUT_START
015 0 0182416448 LICK
015 0 0182416932 TIMEOUT_START
015 0 0182869620 LICK
015 0 0182870112 TIMEOUT_START
015 0 0182976344 RESP_END
015 0 0189870604 TIMEOUT_END
016 1 0192276208 STIM_START
016 1 0193984748 LICK
016 1 0194343712 LICK
016 1 0194546052 LICK
016 1 0194961392 LICK
016 1 0195441860 LICK
016 1 0195591340 LICK
016 1 0195794584 LICK
016 1 0196056044 LICK
016 1 0196301692 STIM_END_RESP_START
016 1 0196305932 LICK
016 1 0196306416 REWARD_START
016 1 0196453664 LICK
016 1 0196804320 LICK
016 1 0197068208 LICK
016 1 0197207248 LICK
016 1 0197336748 LICK
016 1 0197469696 LICK
016 1 0197501712 RESP_END
016 1 0196319432 REWARD_END
017 1 0199827352 STIM_START
017 1 0203102732 STIM_END_RESP_START
017 1 0203352824 LICK
017 1 0203353312 REWARD_START
017 1 0203493648 LICK
017 1 0203752168 LICK
017 1 0204017004 LICK
017 1 0204155924 LICK
017 1 0204302764 RESP_END
017 1 0203366332 REWARD_END
018 0 0206723524 STIM_START
018 0 0207930956 LICK
018 0 0208070764 LICK
018 0 0208445164 LICK
018 0 0209386284 LICK
018 0 0209567144 LICK
018 0 0209764044 LICK
018 0 0209936664 LICK
018 0 0210122204 LICK
018 0 0210248928 STIM_END_RESP_START
018 0 0210401248 LICK
018 0 0210401740 TIMEOUT_START
018 0 0210580004 LICK
018 0 0210580492 TIMEOUT_START
018 0 0211124208 LICK
018 0 0211124696 TIMEOUT_START
018 0 0211283524 LICK
018 0 0211284012 TIMEOUT_START
018 0 0211448940 RESP_END
018 0 0218284516 TIMEOUT_END
019 1 0220036624 STIM_START
019 1 0221124044 LICK
019 1 0221579916 LICK
019 1 0221873056 LICK
019 1 0222075604 LICK
019 1 0222880856 LICK
019 1 0223043200 LICK
019 1 0223205632 LICK
019 1 0223312008 STIM_END_RESP_START
019 1 0223403028 LICK
019 1 0223403512 REWARD_START
019 1 0223557388 LICK
019 1 0223688724 LICK
019 1 0223839936 LICK
019 1 0224056604 LICK
019 1 0224190664 LICK
019 1 0224326520 LICK
019 1 0224479832 LICK
019 1 0224512052 RESP_END
019 1 0223416536 REWARD_END
020 1 0226997692 STIM_START
020 1 0229502524 LICK
020 1 0229651592 LICK
020 1 0229821172 LICK
020 1 0230011176 LICK
020 1 0230206264 LICK
020 1 0230273088 STIM_END_RESP_START
020 1 0230431096 LICK
020 1 0230431580 REWARD_START
020 1 0230560224 LICK
020 1 0230708828 LICK
020 1 0230936532 LICK
020 1 0231078160 LICK
020 1 0231195572 LICK
020 1 0231332332 LICK
020 1 0231465244 LICK
020 1 0231473124 RESP_END
020 1 0230444600 REWARD_END
021 0 0236976336 STIM_START
021 0 0239961120 LICK
021 0 0240149160 LICK
021 0 0240989660 LICK
021 0 0241001812 STIM_END_RESP_START
021 0 0241186436 LICK
021 0 0241186924 TIMEOUT_START
021 0 0241349788 LICK
021 0 0241350268 TIMEOUT_START
021 0 0241533272 LICK
021 0 0241533756 TIMEOUT_START
021 0 0241746344 LICK
021 0 0241746824 TIMEOUT_START
021 0 0241922448 LICK
021 0 0241922928 TIMEOUT_START
021 0 0242080020 LICK
021 0 0242080500 TIMEOUT_START
021 0 0242201828 RESP_END
021 0 0249081016 TIMEOUT_END
022 0 0251128636 STIM_START
022 0 0252662724 LICK
022 0 0254404028 STIM_END_RESP_START
022 0 0255017444 LICK
022 0 0255017928 TIMEOUT_START
022 0 0255208496 LICK
022 0 0255208980 TIMEOUT_START
022 0 0255550428 LICK
022 0 0255550920 TIMEOUT_START
022 0 0255604056 RESP_END
022 0 0262551428 TIMEOUT_END
023 1 0264695784 STIM_START
023 1 0266809056 LICK
023 1 0266964040 LICK
023 1 0267177392 LICK
023 1 0267402952 LICK
023 1 0267599916 LICK
023 1 0267733004 LICK
023 1 0267943564 LICK
023 1 0267971156 STIM_END_RESP_START
023 1 0268122948 LICK
023 1 0268123440 REWARD_START
023 1 0268276800 LICK
023 1 0268637164 LICK
023 1 0268911136 LICK
023 1 0269035176 LICK
023 1 0269171192 RESP_END
023 1 0268136464 REWARD_END
024 1 0271677920 STIM_START
024 1 0274558916 LICK
024 1 0275044616 LICK
024 1 0275231828 LICK
024 1 0275397716 LICK
024 1 0275566080 LICK
024 1 0275703380 STIM_END_RESP_START
024 1 0275752192 LICK
024 1 0275752676 REWARD_START
024 1 0275943124 LICK
024 1 0276159912 LICK
024 1 0276280244 LICK
024 1 0276412048 LICK
024 1 0276529120 LICK
024 1 0276692280 LICK
024 1 0276903392 RESP_END
024 1 0275765700 REWARD_END
025 1 0279086100 STIM_START
025 1 0282212752 LICK
025 1 0282376852 LICK
025 1 0282611492 STIM_END_RESP_START
025 1 0282642436 LICK
025 1 0282642920 REWARD_START
025 1 0282808528 LICK
025 1 0282938140 LICK
025 1 0283135100 LICK
025 1 0283367900 LICK
025 1 0283532060 LICK
025 1 0283811508 RESP_END
025 1 0282655944 REWARD_END
026 0 0286763312 STIM_START
026 0 0289266188 LICK
026 0 0289420800 LICK
026 0 0289796904 LICK
026 0 0289978320 LICK
026 0 0290142204 LICK
026 0 0290271984 LICK
026 0 0290498624 LICK
026 0 0290538752 STIM_END_RESP_START
026 0 0290667320 LICK
026 0 0290667808 TIMEOUT_START
026 0 0290860772 LICK
026 0 0290861264 TIMEOUT_START
026 0 0291027508 LICK
026 0 0291027996 TIMEOUT_START
026 0 0291210564 LICK
026 0 0291211048 TIMEOUT_START
026 0 0291362112 LICK
026 0 0291362596 TIMEOUT_START
026 0 0291502592 LICK
026 0 0291503076 TIMEOUT_START
026 0 0291651376 LICK
026 0 0291651864 TIMEOUT_START
026 0 0291738784 RESP_END
026 0 0298652368 TIMEOUT_END
027 1 0303341960 STIM_START
027 1 0307117392 STIM_END_RESP_START
027 1 0307513624 LICK
027 1 0307514108 REWARD_START
027 1 0307675360 LICK
027 1 0308317420 RESP_END
027 1 0307527132 REWARD_END
028 0 0310604084 STIM_START
028 0 0313218156 LICK
028 0 0313897540 LICK
028 0 0314175520 LICK
028 0 0314350888 LICK
028 0 0314379516 STIM_END_RESP_START
028 0 0314641192 LICK
028 0 0314641680 TIMEOUT_START
028 0 0314851556 LICK
028 0 0314852040 TIMEOUT_START
028 0 0315023036 LICK
028 0 0315023524 TIMEOUT_START
028 0 0315175828 LICK
028 0 0315176320 TIMEOUT_START
028 0 0315542876 LICK
028 0 0315543360 TIMEOUT_START
028 0 0315579528 RESP_END
028 0 0322543872 TIMEOUT_END
029 0 0324694384 STIM_START
029 0 0328219812 STIM_END_RESP_START
029 0 0329419844 RESP_END
030 0 0331362464 STIM_START
030 0 0335387940 STIM_END_RESP_START
030 0 0336587976 RESP_END
031 1 0338403584 STIM_START
031 1 0341929008 STIM_END_RESP_START
031 1 0343129036 RESP_END
032 0 0344960644 STIM_START
032 0 0347596656 LICK
032 0 0347656624 LICK
032 0 0347766416 LICK
032 0 0347962120 LICK
032 0 0348233140 LICK
032 0 0348736072 STIM_END_RESP_START
032 0 0349141512 LICK
032 0 0349141996 TIMEOUT_START
032 0 0349912268 LICK
032 0 0349912752 TIMEOUT_START
032 0 0349936116 RESP_END
032 0 0356913264 TIMEOUT_END
033 1 0358733848 STIM_START
033 1 0362259276 STIM_END_RESP_START
033 1 0362482868 LICK
033 1 0362483352 REWARD_START
033 1 0362638652 LICK
033 1 0362815764 LICK
033 1 0363024676 LICK
033 1 0363249624 LICK
033 1 0363459312 RESP_END
033 1 0362496376 REWARD_END
034 1 0365840992 STIM_START
034 1 0367631792 LICK
034 1 0367805120 LICK
034 1 0368771600 LICK
034 1 0368911036 LICK
034 1 0369116372 STIM_END_RESP_START
034 1 0369224328 LICK
034 1 0369224820 REWARD_START
034 1 0369346768 LICK
034 1 0369967968 LICK
034 1 0370316396 RESP_END
034 1 0369237836 REWARD_END
035 1 0372601104 STIM_START
035 1 0373693212 LICK
035 1 0373842756 LICK
035 1 0374064824 LICK
035 1 0374546468 LICK
035 1 0374725556 LICK
035 1 0375288056 LICK
035 1 0375623240 LICK
035 1 0375777484 LICK
035 1 0376126500 STIM_END_RESP_START
035 1 0376136312 LICK
035 1 0376136804 REWARD_START
035 1 0376288528 LICK
035 1 0376775600 LICK
035 1 0377008320 LICK
035 1 0377146436 LICK
035 1 0377326540 RESP_END
035 1 0376149828 REWARD_END
036 0 0379679176 STIM_START
036 0 0381582440 LICK
036 0 0381721476 LICK
036 0 0381909424 LICK
036 0 0382053344 LICK
036 0 0382268680 LICK
036 0 0382438240 LICK
036 0 0382566788 LICK
036 0 0382768320 LICK
036 0 0383048128 LICK
036 0 0383204584 STIM_END_RESP_START
036 0 0383230432 LICK
036 0 0383230916 TIMEOUT_START
036 0 0383385940 LICK
036 0 0383386424 TIMEOUT_START
036 0 0383685472 LICK
036 0 0383685964 TIMEOUT_START
036 0 0383833512 LICK
036 0 0383834000 TIMEOUT_START
036 0 0384033188 LICK
036 0 0384033672 TIMEOUT_START
036 0 0384228688 LICK
036 0 0384229168 TIMEOUT_START
036 0 0384404600 RESP_END
036 0 0391229680 TIMEOUT_END
037 1 0392978368 STIM_START
037 1 0394050288 LICK
037 1 0394231280 LICK
037 1 0394967844 LICK
037 1 0395114016 LICK
037 1 0395275532 LICK
037 1 0395447248 LICK
037 1 0395592428 LICK
037 1 0395835124 LICK
037 1 0396079064 LICK
037 1 0396259156 LICK
037 1 0396503780 STIM_END_RESP_START
037 1 0396608504 LICK
037 1 0396608996 REWARD_START
037 1 0396763976 LICK
037 1 0397024432 LICK
037 1 0397160176 LICK
037 1 0397270652 LICK
037 1 0397397792 LICK
037 1 0397537308 LICK
037 1 0397703816 RESP_END
037 1 0396622000 REWARD_END
038 1 0399677420 STIM_START
038 1 0401490808 LICK
038 1 0402014056 LICK
038 1 0402181656 LICK
038 1 0402374136 LICK
038 1 0402741680 LICK
038 1 0402952788 STIM_END_RESP_START
038 1 0402965112 LICK
038 1 0402965604 REWARD_START
038 1 0403095680 LICK
038 1 0403234308 LICK
038 1 0403479192 LICK
038 1 0403580964 LICK
038 1 0403716632 LICK
038 1 0403863696 LICK
038 1 0404007808 LICK
038 1 0404152808 RESP_END
038 1 0402978620 REWARD_END
039 0 0406356496 STIM_START
039 0 0408771888 LICK
039 0 0409305344 LICK
039 0 0409502276 LICK
039 0 0409675932 LICK
039 0 0409854788 LICK
039 0 0410190540 LICK
039 0 0410365620 LICK
039 0 0410381976 STIM_END_RESP_START
039 0 0410541744 LICK
039 0 0410542236 TIMEOUT_START
039 0 0410678828 LICK
039 0 0410679320 TIMEOUT_START
039 0 0410818872 LICK
039 0 0410819356 TIMEOUT_START
039 0 0411029684 LICK
039 0 0411030168 TIMEOUT_START
039 0 0411210892 LICK
039 0 0411211376 TIMEOUT_START
039 0 0411372796 LICK
039 0 0411373280 TIMEOUT_START
039 0 0411582008 RESP_END
039 0 0418373780 TIMEOUT_END
040 0 0420523772 STIM_START
040 0 0420749464 LICK
040 0 0420948332 LICK
040 0 0421114252 LICK
040 0 0421318396 LICK
040 0 0421568800 LICK
040 0 0421770008 LICK
040 0 0422011880 LICK
040 0 0422205172 LICK
040 0 0422522676 LICK
040 0 0422760620 LICK
040 0 0423127364 LICK
040 0 0423291448 LICK
040 0 0423505364 LICK
040 0 0423758572 LICK
040 0 0423933680 LICK
040 0 0424114440 LICK
040 0 0424290060 LICK
040 0 0424299220 STIM_END_RESP_START
040 0 0424844072 LICK
040 0 0424844560 TIMEOUT_START
040 0 0425081444 LICK
040 0 0425081936 TIMEOUT_START
040 0 0425499256 RESP_END
040 0 0432082436 TIMEOUT_END
041 1 0437119420 STIM_START
041 1 0437691824 LICK
041 1 0437917028 LICK
041 1 0438147504 LICK
041 1 0438295464 LICK
041 1 0438519936 LICK
041 1 0438812844 LICK
041 1 0438987968 LICK
041 1 0439202772 LICK
041 1 0439371244 LICK
041 1 0439505924 LICK
041 1 0439707396 LICK
041 1 0439941424 LICK
041 1 0440124072 LICK
041 1 0440335504 LICK
041 1 0440394796 STIM_END_RESP_START
041 1 0440567060 LICK
041 1 0440567544 REWARD_START
041 1 0440723092 LICK
041 1 0441082068 LICK
041 1 0441338696 LICK
041 1 0441594832 RESP_END
041 1 0440580564 REWARD_END
042 0 0444311592 STIM_START
042 0 0446265084 LICK
042 0 0446413528 LICK
042 0 0446583904 LICK
042 0 0447022852 LICK
042 0 0447226396 LICK
042 0 0447372508 LICK
042 0 0447543664 LICK
042 0 0447946396 LICK
042 0 0448113356 LICK
042 0 0448269180 LICK
042 0 0448337056 STIM_END_RESP_START
042 0 0448868092 LICK
042 0 0448868580 TIMEOUT_START
042 0 0449009980 LICK
042 0 0449010464 TIMEOUT_START
042 0 0449537076 RESP_END
042 0 0456010964 TIMEOUT_END
043 0 0458029764 STIM_START
043 0 0458217424 LICK
043 0 0458357544 LICK
043 0 0459034408 LICK
043 0 0459408296 LICK
043 0 0459612876 LICK
043 0 0459788160 LICK
043 0 0460150420 LICK
043 0 0460494124 LICK
043 0 0460673520 LICK
043 0 0460915076 LICK
043 0 0461231528 LICK
043 0 0461445048 LICK
043 0 0461626952 LICK
043 0 0462022000 LICK
043 0 0462055228 STIM_END_RESP_START
043 0 0462197444 LICK
043 0 0462197936 TIMEOUT_START
043 0 0462892280 LICK
043 0 0462892760 TIMEOUT_START
043 0 0463255244 RESP_END
043 0 0469893260 TIMEOUT_END
044 0 0471778964 STIM_START
044 0 0473627496 LICK
044 0 0473811700 LICK
044 0 0474422936 LICK
044 0 0474603960 LICK
044 0 0474828564 LICK
044 0 0475055080 LICK
044 0 0475278844 LICK
044 0 0475724752 LICK
044 0 0475804444 STIM_END_RESP_START
044 0 0475908832 LICK
044 0 0475909324 TIMEOUT_START
044 0 0476452264 LICK
044 0 0476452748 TIMEOUT_START
044 0 0476600900 LICK
044 0 0476601392 TIMEOUT_START
044 0 0476780492 LICK
044 0 0476780984 TIMEOUT_START
044 0 0477004484 RESP_END
044 0 0483781476 TIMEOUT_END
045 1 0485961200 STIM_START
045 1 0489702964 LICK
045 1 0489951852 LICK
045 1 0489986652 STIM_END_RESP_START
045 1 0490167896 LICK
045 1 0490168392 REWARD_START
045 1 0490317916 LICK
045 1 0490740056 LICK
045 1 0491148808 LICK
045 1 0491186684 RESP_END
045 1 0490181408 REWARD_END
046 0 0495031740 STIM_START
046 0 0495626736 LICK
046 0 0496714396 LICK
046 0 0496899500 LICK
046 0 0497135396 LICK
046 0 0497494068 LICK
046 0 0497746364 LICK
046 0 0497897948 LICK
046 0 0498037636 LICK
046 0 0498189036 LICK
046 0 0498316096 LICK
046 0 0498807188 STIM_END_RESP_START
046 0 0500007224 RESP_END
047 0 0508545956 STIM_START
047 0 0510212444 LICK
047 0 0510472336 LICK
047 0 0510681364 LICK
047 0 0511023580 LICK
047 0 0511369020 LICK
047 0 0511571548 LICK
047 0 0511760292 LICK
047 0 0511933048 LICK
047 0 0512234660 LICK
047 0 0512419792 LICK
047 0 0512571444 STIM_END_RESP_START
047 0 0512574028 LICK
047 0 0512574516 TIMEOUT_START
047 0 0512771528 LICK
047 0 0512772008 TIMEOUT_START
047 0 0513068828 LICK
047 0 0513069316 TIMEOUT_START
047 0 0513233620 LICK
047 0 0513234108 TIMEOUT_START
047 0 0513404184 LICK
047 0 0513404668 TIMEOUT_START
047 0 0513564444 LICK
047 0 0513564932 TIMEOUT_START
047 0 0513771464 RESP_END
047 0 0520565428 TIMEOUT_END
048 0 0522694148 STIM_START
048 0 0526469584 STIM_END_RESP_START
048 0 0527669616 RESP_END
049 1 0529755272 STIM_START
049 1 0530475868 LICK
049 1 0530645712 LICK
049 1 0531015892 LICK
049 1 0531238196 LICK
049 1 0531652800 LICK
049 1 0532091768 LICK
049 1 0533530720 STIM_END_RESP_START
049 1 0533710188 LICK
049 1 0533710672 REWARD_START
049 1 0533850924 LICK
049 1 0533984752 LICK
049 1 0534730744 RESP_END
049 1 0533723696 REWARD_END
050 0 0536846420 STIM_START
050 0 0539074828 LICK
050 0 0539267816 LICK
050 0 0539700384 LICK
050 0 0540063612 LICK
050 0 0540343356 LICK
050 0 0540495312 LICK
050 0 0540621848 STIM_END_RESP_START
050 0 0540693492 LICK
050 0 0540693980 TIMEOUT_START
050 0 0540920308 LICK
050 0 0540920792 TIMEOUT_START
050 0 0541102568 LICK
050 0 0541103052 TIMEOUT_START
050 0 0541359256 LICK
050 0 0541359740 TIMEOUT_START
050 0 0541554980 LICK
050 0 0541555464 TIMEOUT_START
050 0 0541754392 LICK
050 0 0541754880 TIMEOUT_START
050 0 0541821896 RESP_END
050 0 0548755384 TIMEOUT_END
051 1 0552252872 STIM_START
051 1 0556278348 STIM_END_RESP_START
051 1 0556465692 LICK
051 1 0556466184 REWARD_START
051 1 0556630960 LICK
051 1 0556998700 LICK
051 1 0557129508 LICK
051 1 0557261984 LICK
051 1 0557416424 LICK
051 1 0557478384 RESP_END
051 1 0556479200 REWARD_END
052 1 0559663032 STIM_START
052 1 0562642928 LICK
052 1 0563688492 STIM_END_RESP_START
052 1 0563841708 LICK
052 1 0563842200 REWARD_START
052 1 0563989348 LICK
052 1 0564367840 LICK
052 1 0564486864 LICK
052 1 0564601780 LICK
052 1 0564750804 LICK
052 1 0564888508 RESP_END
052 1 0563855216 REWARD_END
053 0 0567497320 STIM_START
053 0 0568967524 LICK
053 0 0570772712 STIM_END_RESP_START
053 0 0571972748 RESP_END
054 1 0580475396 STIM_START
054 1 0581020356 LICK
054 1 0581313088 LICK
054 1 0581485656 LICK
054 1 0581812164 LICK
054 1 0582090664 LICK
054 1 0582287808 LICK
054 1 0582431228 LICK
054 1 0582585132 LICK
054 1 0582836400 LICK
054 1 0583012852 LICK
054 1 0583221496 LICK
054 1 0583386256 LICK
054 1 0583510664 LICK
054 1 0583669576 LICK
054 1 0584029920 LICK
054 1 0584187068 LICK
054 1 0584408392 LICK
054 1 0584500872 STIM_END_RESP_START
054 1 0584576872 LICK
054 1 0584577364 REWARD_START
054 1 0584732448 LICK
054 1 0584972432 LICK
054 1 0585100652 LICK
054 1 0585226900 LICK
054 1 0585364624 LICK
054 1 0585493216 LICK
054 1 0585700892 RESP_END
054 1 0584590372 REWARD_END
055 1 0587684544 STIM_START
055 1 0591710020 STIM_END_RESP_START
055 1 0591792752 LICK
055 1 0591793244 REWARD_START
055 1 0591954560 LICK
055 1 0592200768 LICK
055 1 0592451688 LICK
055 1 0592578460 LICK
055 1 0592729428 LICK
055 1 0592896424 LICK
055 1 0592910056 RESP_END
055 1 0591806264 REWARD_END
056 0 0595135732 STIM_START
056 0 0597579584 LICK
056 0 0598630948 LICK
056 0 0598785044 LICK
056 0 0598911168 STIM_END_RESP_START
056 0 0599803220 LICK
056 0 0599803708 TIMEOUT_START
056 0 0600111200 RESP_END
056 0 0606804220 TIMEOUT_END
057 0 0608957964 STIM_START
057 0 0611145748 LICK
057 0 0611334972 LICK
057 0 0611490380 LICK
057 0 0611683920 LICK
057 0 0612083460 LICK
057 0 0612733404 STIM_END_RESP_START
057 0 0612775860 LICK
057 0 0612776352 TIMEOUT_START
057 0 0612957348 LICK
057 0 0612957836 TIMEOUT_START
057 0 0613933444 RESP_END
057 0 0619958352 TIMEOUT_END
058 0 0621945096 STIM_START
058 0 0625970576 STIM_END_RESP_START
058 0 0626146456 LICK
058 0 0626146944 TIMEOUT_START
058 0 0626227252 LICK
058 0 0626227736 TIMEOUT_START
058 0 0627170592 RESP_END
058 0 0633228244 TIMEOUT_END
059 1 0635469200 STIM_START
059 1 0637078056 LICK
059 1 0637227800 LICK
059 1 0637398640 LICK
059 1 0637818736 LICK
059 1 0637995852 LICK
059 1 0638182652 LICK
059 1 0638563160 LICK
059 1 0638754640 LICK
059 1 0638994604 STIM_END_RESP_START
059 1 0639105288 LICK
059 1 0639105772 REWARD_START
059 1 0639252632 LICK
059 1 0639464480 LICK
059 1 0639716624 LICK
059 1 0639833360 LICK
059 1 0639969432 LICK
059 1 0640112544 LICK
059 1 0640194628 RESP_END
059 1 0639118796 REWARD_END
060 0 0642172272 STIM_START
060 0 0643152840 LICK
060 0 0643304628 LICK
060 0 0643941484 LICK
060 0 0644317180 LICK
060 0 0644503368 LICK
060 0 0644659760 LICK
060 0 0644833724 LICK
060 0 0645231712 LICK
060 0 0645386576 LICK
060 0 0645545488 LICK
060 0 0645751212 LICK
060 0 0646018644 LICK
060 0 0646165132 LICK
060 0 0646197724 STIM_END_RESP_START
060 0 0646341436 LICK
060 0 0646341928 TIMEOUT_START
060 0 0647397752 RESP_END
060 0 0653342436 TIMEOUT_END
061 1 0655813504 STIM_START
061 1 0656945396 LICK
061 1 0657387220 LICK
061 1 0657596768 LICK
061 1 0657759168 LICK
061 1 0657994708 LICK
061 1 0658185720 LICK
061 1 0658382228 LICK
061 1 0658556620 LICK
061 1 0658947124 LICK
061 1 0659314908 LICK
061 1 0659483572 LICK
061 1 0659588964 STIM_END_RESP_START
061 1 0659745216 LICK
061 1 0659745700 REWARD_START
061 1 0659858004 LICK
061 1 0660102536 LICK
061 1 0660234512 LICK
061 1 0660373156 LICK
061 1 0660518952 LICK
061 1 0660661596 LICK
061 1 0660788996 RESP_END
061 1 0659758724 REWARD_END
062 1 0662912620 STIM_START
062 1 0666524740 LICK
062 1 0666686372 LICK
062 1 0666688060 STIM_END_RESP_START
062 1 0666832572 LICK
062 1 0666833064 REWARD_START
062 1 0666956056 LICK
062 1 0667199692 LICK
062 1 0667313004 LICK
062 1 0667441696 LICK
062 1 0667575652 LICK
062 1 0667723208 LICK
062 1 0667863204 LICK
062 1 0667888096 RESP_END
062 1 0666846080 REWARD_END
063 1 0669912760 STIM_START
063 1 0672652392 LICK
063 1 0672787072 LICK
063 1 0673187216 LICK
063 1 0673376504 LICK
063 1 0673688200 STIM_END_RESP_START
063 1 0673882464 LICK
063 1 0673882944 REWARD_START
063 1 0674019660 LICK
063 1 0674381540 LICK
063 1 0674519984 LICK
063 1 0674641548 LICK
063 1 0674790728 LICK
063 1 0674888252 RESP_END
063 1 0673895968 REWARD_END
064 0 0677077920 STIM_START
064 0 0678448684 LICK
064 0 0678953612 LICK
064 0 0679112676 LICK
064 0 0679475104 LICK
064 0 0680270168 LICK
064 0 0680353304 STIM_END_RESP_START
064 0 0680410484 LICK
064 0 0680410968 TIMEOUT_START
064 0 0680935868 LICK
064 0 0680936352 TIMEOUT_START
064 0 0681104440 LICK
064 0 0681104924 TIMEOUT_START
064 0 0681553336 RESP_END
064 0 0688105432 TIMEOUT_END
065 0 0689887952 STIM_START
065 0 0690952580 LICK
065 0 0691760832 LICK
065 0 0691907476 LICK
065 0 0692457468 LICK
065 0 0692632868 LICK
065 0 0692804648 LICK
065 0 0693425712 LICK
065 0 0693634272 LICK
065 0 0693663392 STIM_END_RESP_START
065 0 0693848284 LICK
065 0 0693848768 TIMEOUT_START
065 0 0694863432 RESP_END
065 0 0700849276 TIMEOUT_END
066 1 0703576148 STIM_START
066 1 0707351580 STIM_END_RESP_START
066 1 0707785124 LICK
066 1 0707785612 REWARD_START
066 1 0708551596 RESP_END
066 1 0707798636 REWARD_END
067 0 0710398244 STIM_START
067 0 0712252988 LICK
067 0 0712428204 LICK
067 0 0712779516 LICK
067 0 0712954784 LICK
067 0 0713536100 LICK
067 0 0713791156 LICK
067 0 0713923672 STIM_END_RESP_START
067 0 0713926516 LICK
067 0 0713927016 TIMEOUT_START
067 0 0715123700 RESP_END
067 0 0720927512 TIMEOUT_END
068 1 0724305452 STIM_START
068 1 0725808936 LICK
068 1 0725972208 LICK
068 1 0726235096 LICK
068 1 0726403844 LICK
068 1 0726608200 LICK
068 1 0726755208 LICK
068 1 0726929512 LICK
068 1 0727189232 LICK
068 1 0727344620 LICK
068 1 0727550172 LICK
068 1 0727733964 LICK
068 1 0727985336 LICK
068 1 0728147784 LICK
068 1 0728330928 STIM_END_RESP_START
068 1 0728478868 LICK
068 1 0728479352 REWARD_START
068 1 0728614928 LICK
068 1 0729219616 LICK
068 1 0729499708 LICK
068 1 0729530972 RESP_END
068 1 0728492380 REWARD_END
069 0 0731983700 STIM_START
069 0 0734584924 LICK
069 0 0734738288 LICK
069 0 0735201748 LICK
069 0 0735368340 LICK
069 0 0736009156 STIM_END_RESP_START
069 0 0737209192 RESP_END
070 0 0739369892 STIM_START
070 0 0742895316 STIM_END_RESP_START
070 0 0744095352 RESP_END
071 0 0746188016 STIM_START
071 0 0749198420 LICK
071 0 0749463396 STIM_END_RESP_START
071 0 0749877016 LICK
071 0 0749877508 TIMEOUT_START
071 0 0750062392 LICK
071 0 0750062884 TIMEOUT_START
071 0 0750663428 RESP_END
071 0 0757063380 TIMEOUT_END
072 1 0758904056 STIM_START
072 1 0759012576 LICK
072 1 0759207960 LICK
072 1 0759346188 LICK
072 1 0759527264 LICK
072 1 0759708680 LICK
072 1 0759860756 LICK
072 1 0760126292 LICK
072 1 0760309700 LICK
072 1 0760580360 LICK
072 1 0760753264 LICK
072 1 0761363812 LICK
072 1 0761524760 LICK
072 1 0761936688 LICK
072 1 0762388400 LICK
072 1 0762929504 STIM_END_RESP_START
072 1 0763332968 LICK
072 1 0763333456 REWARD_START
072 1 0763505708 LICK
072 1 0764129548 RESP_END
072 1 0763346480 REWARD_END
073 0 0766090256 STIM_START
073 0 0768387160 LICK
073 0 0768964352 LICK
073 0 0769312328 LICK
073 0 0769365636 STIM_END_RESP_START
073 0 0770565680 RESP_END
074 1 0774162488 STIM_START
074 1 0778187968 STIM_END_RESP_START
074 1 0778433528 LICK
074 1 0778434020 REWARD_START
074 1 0779387984 RESP_END
074 1 0778447028 REWARD_END
075 1 0781624672 STIM_START
075 1 0785400108 STIM_END_RESP_START
075 1 0786600144 RESP_END
076 0 0788786856 STIM_START
076 0 0792562292 STIM_END_RESP_START
076 0 0793762328 RESP_END
077 0 0795758968 STIM_START
077 0 0799284396 STIM_END_RESP_START
077 0 0800484432 RESP_END
078 0 0802338964 STIM_START
078 0 0804068220 LICK
078 0 0804226724 LICK
078 0 0804785744 LICK
078 0 0805183644 LICK
078 0 0805381992 LICK
078 0 0805614336 STIM_END_RESP_START
078 0 0806814372 RESP_END
079 1 0808791104 STIM_START
079 1 0811901528 LICK
079 1 0812816564 STIM_END_RESP_START
079 1 0813177456 LICK
079 1 0813177952 REWARD_START
079 1 0813388876 LICK
079 1 0813548552 LICK
079 1 0814016576 RESP_END
079 1 0813190968 REWARD_END
080 0 0817616472 STIM_START
080 0 0820098772 LICK
080 0 0820365348 LICK
080 0 0820686624 LICK
080 0 0820852176 LICK
080 0 0821433256 LICK
080 0 0821641952 STIM_END_RESP_START
080 0 0821737824 LICK
080 0 0821738308 TIMEOUT_START
080 0 0821916720 LICK
080 0 0821917204 TIMEOUT_START
080 0 0822131044 LICK
080 0 0822131528 TIMEOUT_START
080 0 0822841988 RESP_END
080 0 0829132040 TIMEOUT_END
081 0 0830897624 STIM_START
081 0 0834173004 STIM_END_RESP_START
081 0 0835373032 RESP_END
082 0 0837460652 STIM_START
082 0 0841236084 STIM_END_RESP_START
082 0 0842436120 RESP_END
083 1 0844523804 STIM_START
083 1 0848299236 STIM_END_RESP_START
083 1 0849499272 RESP_END
084 1 0851316892 STIM_START
084 1 0854842312 STIM_END_RESP_START
084 1 0856042348 RESP_END
085 0 0858040012 STIM_START
085 0 0861315392 STIM_END_RESP_START
085 0 0862515424 RESP_END
086 1 0864521988 STIM_START
086 1 0868297420 STIM_END_RESP_START
086 1 0869497456 RESP_END
087 1 0873183380 STIM_START
087 1 0876458756 STIM_END_RESP_START
087 1 0877658792 RESP_END
088 1 0879786488 STIM_START
088 1 0881777424 LICK
088 1 0881946440 LICK
088 1 0882117904 LICK
088 1 0882425064 LICK
088 1 0883042928 LICK
088 1 0883231248 LICK
088 1 0883440536 LICK
088 1 0883561940 STIM_END_RESP_START
088 1 0883909160 LICK
088 1 0883909652 REWARD_START
088 1 0884354384 LICK
088 1 0884761960 RESP_END
088 1 0883922668 REWARD_END
089 0 0886797580 STIM_START
089 0 0890573012 STIM_END_RESP_START
089 0 0891773048 RESP_END
090 1 0893506632 STIM_START
090 1 0897032052 STIM_END_RESP_START
090 1 0898232088 RESP_END
091 1 0900353764 STIM_START
091 1 0904129200 STIM_END_RESP_START
091 1 0905329236 RESP_END
092 1 0907496924 STIM_START
092 1 0911272360 STIM_END_RESP_START
092 1 0911754568 LICK
092 1 0911755056 REWARD_START
092 1 0912143860 LICK
092 1 0912472384 RESP_END
092 1 0911768080 REWARD_END
093 0 0914272004 STIM_START
093 0 0917797432 STIM_END_RESP_START
093 0 0918997464 RESP_END
094 0 0920825028 STIM_START
094 0 0924350448 STIM_END_RESP_START
094 0 0925550484 RESP_END
095 1 0927337124 STIM_START
095 1 0930193068 LICK
095 1 0930427476 LICK
095 1 0930862540 STIM_END_RESP_START
095 1 0931167932 LICK
095 1 0931168428 REWARD_START
095 1 0931572924 LICK
095 1 0932062584 RESP_END
095 1 0931181448 REWARD_END
096 0 0934175180 STIM_START
096 0 0937950616 STIM_END_RESP_START
096 0 0939150652 RESP_END
097 1 0941226332 STIM_START
097 1 0944751760 STIM_END_RESP_START
097 1 0945299060 LICK
097 1 0945299552 REWARD_START
097 1 0945549336 LICK
097 1 0945951800 RESP_END
097 1 0945312568 REWARD_END
098 0 0947818396 STIM_START
098 0 0948080940 LICK
098 0 0948275880 LICK
098 0 0948457276 LICK
098 0 0948978976 LICK
098 0 0949200268 LICK
098 0 0949512180 LICK
098 0 0949708572 LICK
098 0 0949881836 LICK
098 0 0950032788 LICK
098 0 0950412396 LICK
098 0 0950599480 LICK
098 0 0950765908 LICK
098 0 0950902176 LICK
098 0 0951051956 LICK
098 0 0951427184 LICK
098 0 0951843868 STIM_END_RESP_START
098 0 0953043900 RESP_END
099 1 0954790524 STIM_START
099 1 0957009076 LICK
099 1 0957406856 LICK
099 1 0957605464 LICK
099 1 0957765580 LICK
099 1 0958156608 LICK
099 1 0958309296 LICK
099 1 0958315944 STIM_END_RESP_START
099 1 0958462360 LICK
099 1 0958462852 REWARD_START
099 1 0958607180 LICK
099 1 0958747676 LICK
099 1 0958909636 LICK
099 1 0959041904 LICK
099 1 0959515956 RESP_END
099 1 0958475880 REWARD_END
100 1 0962377752 STIM_START
100 1 0966403232 STIM_END_RESP_START
100 1 0966626236 LICK
100 1 0966626728 REWARD_START
100 1 0966807012 LICK
100 1 0966951216 LICK
100 1 0967603248 RESP_END
100 1 0966639736 REWARD_END
101 0 0972651332 STIM_START
101 0 0976426768 STIM_END_RESP_START
101 0 0977626804 RESP_END
102 0 0979352444 STIM_START
102 0 0982877872 STIM_END_RESP_START
102 0 0984077908 RESP_END
103 1 0986385572 STIM_START
103 1 0988051656 LICK
103 1 0988237616 LICK
103 1 0988460492 LICK
103 1 0988642568 LICK
103 1 0988793920 LICK
103 1 0988997140 LICK
103 1 0989352164 LICK
103 1 0989536996 LICK
103 1 0989813820 LICK
103 1 0989957912 LICK
103 1 0990104104 LICK
103 1 0990161012 STIM_END_RESP_START
103 1 0990273296 LICK
103 1 0990273788 REWARD_START
103 1 0990565284 LICK
103 1 0990699464 LICK
103 1 0990849552 LICK
103 1 0991006928 LICK
103 1 0991193244 LICK
103 1 0991361048 RESP_END
103 1 0990286804 REWARD_END
104 1 0993575740 STIM_START
104 1 0996611196 LICK
104 1 0996804860 LICK
104 1 0996993972 LICK
104 1 0997101168 STIM_END_RESP_START
104 1 0997242444 LICK
104 1 0997242940 REWARD_START
104 1 0997422308 LICK
104 1 0997564560 LICK
104 1 0997834900 LICK
104 1 0998301180 RESP_END
104 1 0997255956 REWARD_END
105 0 1001175952 STIM_START
105 0 1003073592 LICK
105 0 1004001720 LICK
105 0 1004190968 LICK
105 0 1004651364 LICK
105 0 1004875540 LICK
105 0 1004951408 STIM_END_RESP_START
105 0 1005063628 LICK
105 0 1005064160 TIMEOUT_START
105 0 1005224008 LICK
105 0 1005224540 TIMEOUT_START
105 0 1005413784 LICK
105 0 1005414316 TIMEOUT_START
105 0 1005641524 LICK
105 0 1005642060 TIMEOUT_START
105 0 1006068836 LICK
105 0 1006069368 TIMEOUT_START
105 0 1006151420 RESP_END
105 0 1013069924 TIMEOUT_END
106 0 1015285216 STIM_START
106 0 1019310676 STIM_END_RESP_START
106 0 1020510692 RESP_END
107 0 1022234332 STIM_START
107 0 1026009784 STIM_END_RESP_START
107 0 1027209832 RESP_END
USER_EXIT