001 0 2 5 0015697352 STIM_START
001 0 2 5 0018822728 STIM_END_RESP_START
001 0 2 5 0020022744 RESP_END
002 0 3 6 0021806372 STIM_START
002 0 3 6 0025081756 STIM_END_RESP_START
002 0 3 6 0026281776 RESP_END
003 1 5 9 0028114384 STIM_START
003 1 5 9 0032139868 STIM_END_RESP_START
003 1 5 9 0033339884 RESP_END
004 1 4 9 0035099532 STIM_START
004 1 4 9 0038624952 STIM_END_RESP_START
004 1 4 9 0039824972 RESP_END
005 1 5 8 0041637596 STIM_START
005 1 5 8 0045663076 STIM_END_RESP_START
005 1 5 8 0046098128 LICK
005 1 5 8 0046098568 REWARD_START
005 1 5 8 0046283068 LICK
005 1 5 8 0046716772 LICK
005 1 5 8 0046863104 RESP_END
005 1 5 8 0046111536 REWARD_END
006 0 2 1 0049405880 STIM_START
006 0 2 1 0051741844 LICK
006 0 2 1 0051891476 LICK
006 0 2 1 0052531264 STIM_END_RESP_START
006 0 2 1 0053731312 RESP_END
007 0 5 1 0055469840 STIM_START
007 0 5 1 0058309616 LICK
007 0 5 1 0059495332 STIM_END_RESP_START
007 0 5 1 0060695352 RESP_END
008 2 2 6 0062408956 STIM_START
008 2 2 6 0064437472 LICK
008 2 2 6 0065534352 STIM_END_RESP_START
008 2 2 6 0066734376 RESP_END
009 1 3 3 0068453944 STIM_START
009 1 3 3 0071729336 STIM_END_RESP_START
009 1 3 3 0072929356 RESP_END
010 0 1 3 0074643916 STIM_START
010 0 1 3 0077719264 STIM_END_RESP_START
010 0 1 3 0078919284 RESP_END
011 0 1 1 0080631876 STIM_START
011 0 1 1 0083707224 STIM_END_RESP_START
011 0 1 1 0084907244 RESP_END
012 1 1 5 0086618868 STIM_START
012 1 1 5 0089694260 STIM_END_RESP_START
012 1 1 5 0090894312 RESP_END
013 1 5 5 0092646868 STIM_START
013 1 5 5 0096672348 STIM_END_RESP_START
013 1 5 5 0097872368 RESP_END
014 1 1 4 0099587956 STIM_START
014 1 1 4 0102663308 STIM_END_RESP_START
014 1 1 4 0103863344 RESP_END
015 0 5 6 0105617936 STIM_START
015 0 5 6 0109643392 STIM_END_RESP_START
015 0 5 6 0110843428 RESP_END
016 0 1 4 0112556100 STIM_START
016 0 1 4 0112563620 LICK
016 0 1 4 0115631480 STIM_END_RESP_START
016 0 1 4 0116831516 RESP_END
017 0 1 2 0118544040 STIM_START
017 0 1 2 0121619400 STIM_END_RESP_START
017 0 1 2 0122819436 RESP_END
018 2 3 8 0124550992 STIM_START
018 2 3 8 0127826400 STIM_END_RESP_START
018 2 3 8 0129026436 RESP_END
019 2 3 7 0130750044 STIM_START
019 2 3 7 0134025452 STIM_END_RESP_START
019 2 3 7 0134438632 LICK
019 2 3 7 0134439120 REWARD_START
019 2 3 7 0134642208 LICK
019 2 3 7 0134938716 LICK
019 2 3 7 0135097564 LICK
019 2 3 7 0135225476 RESP_END
019 2 3 7 0134452132 REWARD_END
020 0 5 7 0137486144 STIM_START
020 0 5 7 0137973824 LICK
020 0 5 7 0138177444 LICK
020 0 5 7 0138323088 LICK
020 0 5 7 0140169496 LICK
020 0 5 7 0140330376 LICK
020 0 5 7 0141511620 STIM_END_RESP_START
020 0 5 7 0142711656 RESP_END
021 0 5 7 0144462264 STIM_START
021 0 5 7 0148487756 STIM_END_RESP_START
021 0 5 7 0149687792 RESP_END
022 1 1 5 0151399408 STIM_START
022 1 1 5 0154474776 STIM_END_RESP_START
022 1 1 5 0154907312 LICK
022 1 1 5 0154907800 REWARD_START
022 1 1 5 0155109196 LICK
022 1 1 5 0155349292 LICK
022 1 1 5 0155631876 LICK
022 1 1 5 0155674804 RESP_END
022 1 1 5 0154920816 REWARD_END
023 1 4 1 0158295828 STIM_START
023 1 4 1 0161821232 STIM_END_RESP_START
023 1 4 1 0162072940 LICK
023 1 4 1 0162073428 REWARD_START
023 1 4 1 0162409736 LICK
023 1 4 1 0162569692 LICK
023 1 4 1 0162717756 LICK
023 1 4 1 0162877556 LICK
023 1 4 1 0163021280 RESP_END
023 1 4 1 0162086448 REWARD_END
024 0 4 4 0164797556 STIM_START
024 0 4 4 0168286956 LICK
024 0 4 4 0168322988 STIM_END_RESP_START
024 0 4 4 0168491268 LICK
024 0 4 4 0168491748 TIMEOUT_START
024 0 4 4 0168663428 LICK
024 0 4 4 0168663908 TIMEOUT_START
024 0 4 4 0169523032 RESP_END
024 0 4 4 0175664396 TIMEOUT_END
025 1 3 7 0177386612 STIM_START
025 1 3 7 0177715964 LICK
025 1 3 7 0177917104 LICK
025 1 3 7 0178076052 LICK
025 1 3 7 0178618008 LICK
025 1 3 7 0180662004 STIM_END_RESP_START
025 1 3 7 0180986488 LICK
025 1 3 7 0180986976 REWARD_START
025 1 3 7 0181122348 LICK
025 1 3 7 0181406388 LICK
025 1 3 7 0181716536 LICK
025 1 3 7 0181856796 LICK
025 1 3 7 0181862040 RESP_END
025 1 3 7 0180999992 REWARD_END
026 1 3 8 0184104712 STIM_START
026 1 3 8 0187380088 STIM_END_RESP_START
026 1 3 8 0187677616 LICK
026 1 3 8 0187678108 REWARD_START
026 1 3 8 0187840992 LICK
026 1 3 8 0188126640 LICK
026 1 3 8 0188274948 LICK
026 1 3 8 0188423120 LICK
026 1 3 8 0188580108 RESP_END
026 1 3 8 0187691112 REWARD_END
027 1 3 5 0190490724 STIM_START
027 1 3 5 0193766128 STIM_END_RESP_START
027 1 3 5 0194011876 LICK
027 1 3 5 0194012364 REWARD_START
027 1 3 5 0194191724 LICK
027 1 3 5 0194333452 LICK
027 1 3 5 0194497620 LICK
027 1 3 5 0194648896 LICK
027 1 3 5 0194785180 LICK
027 1 3 5 0194966164 RESP_END
027 1 3 5 0194025380 REWARD_END
028 0 2 10 0196680716 STIM_START
028 0 2 10 0199732932 LICK
028 0 2 10 0199806104 STIM_END_RESP_START
028 0 2 10 0199885924 LICK
028 0 2 10 0199886404 TIMEOUT_START
028 0 2 10 0200026052 LICK
028 0 2 10 0200026540 TIMEOUT_START
028 0 2 10 0201006120 RESP_END
028 0 2 10 0207027024 TIMEOUT_END
029 0 2 2 0208738656 STIM_START
029 0 2 2 0211864008 STIM_END_RESP_START
029 0 2 2 0213064044 RESP_END
030 0 5 7 0214814676 STIM_START
030 0 5 7 0218840140 STIM_END_RESP_START
030 0 5 7 0219093252 LICK
030 0 5 7 0219093736 TIMEOUT_START
030 0 5 7 0219281492 LICK
030 0 5 7 0219281972 TIMEOUT_START
030 0 5 7 0220040172 RESP_END
030 0 5 7 0226282464 TIMEOUT_END
031 2 2 10 0227990792 STIM_START
031 2 2 10 0231116148 STIM_END_RESP_START
031 2 2 10 0231843952 LICK
031 2 2 10 0231844436 REWARD_START
031 2 2 10 0232316172 RESP_END
031 2 2 10 0231857456 REWARD_END
032 0 3 6 0234474868 STIM_START
032 0 3 6 0235663984 LICK
032 0 3 6 0236575144 LICK
032 0 3 6 0237192464 LICK
032 0 3 6 0237750268 STIM_END_RESP_START
032 0 3 6 0237972272 LICK
032 0 3 6 0237972764 TIMEOUT_START
032 0 3 6 0238950280 RESP_END
032 0 3 6 0244973252 TIMEOUT_END
033 1 3 6 0247701020 STIM_START
033 1 3 6 0247714836 LICK
033 1 3 6 0247879412 LICK
033 1 3 6 0248701360 LICK
033 1 3 6 0250976412 STIM_END_RESP_START
033 1 3 6 0251021504 LICK
033 1 3 6 0251021988 REWARD_START
033 1 3 6 0251202844 LICK
033 1 3 6 0251510032 LICK
033 1 3 6 0251673008 LICK
033 1 3 6 0251846588 LICK
033 1 3 6 0251975724 LICK
033 1 3 6 0252176436 RESP_END
033 1 3 6 0251035008 REWARD_END
034 1 4 7 0253891984 STIM_START
034 1 4 7 0255072892 LICK
034 1 4 7 0256096244 LICK
034 1 4 7 0257417420 STIM_END_RESP_START
034 1 4 7 0257632584 LICK
034 1 4 7 0257633068 REWARD_START
034 1 4 7 0257832708 LICK
034 1 4 7 0257967488 LICK
034 1 4 7 0258264084 LICK
034 1 4 7 0258396828 LICK
034 1 4 7 0258553892 LICK
034 1 4 7 0258617464 RESP_END
034 1 4 7 0257646088 REWARD_END
035 1 1 4 0260475068 STIM_START
035 1 1 4 0262851804 LICK
035 1 1 4 0263034264 LICK
035 1 1 4 0263475024 LICK
035 1 1 4 0263550436 STIM_END_RESP_START
035 1 1 4 0263752584 LICK
035 1 1 4 0263753072 REWARD_START
035 1 1 4 0263935108 LICK
035 1 1 4 0264067060 LICK
035 1 1 4 0264201228 LICK
035 1 1 4 0264342328 LICK
035 1 1 4 0264489604 LICK
035 1 1 4 0264750456 RESP_END
035 1 1 4 0263766096 REWARD_END
036 0 2 9 0266467040 STIM_START
036 0 2 9 0269592432 STIM_END_RESP_START
036 0 2 9 0270318212 LICK
036 0 2 9 0270318700 TIMEOUT_START
036 0 2 9 0270535172 LICK
036 0 2 9 0270535656 TIMEOUT_START
036 0 2 9 0270667460 LICK
036 0 2 9 0270667948 TIMEOUT_START
036 0 2 9 0270792452 RESP_END
036 0 2 9 0277668432 TIMEOUT_END
037 2 1 8 0284779992 STIM_START
037 2 1 8 0285906996 LICK
037 2 1 8 0286100700 LICK
037 2 1 8 0287855376 STIM_END_RESP_START
037 2 1 8 0288111700 LICK
037 2 1 8 0288112184 REWARD_START
037 2 1 8 0288300288 LICK
037 2 1 8 0288611276 LICK
037 2 1 8 0288921360 LICK
037 2 1 8 0289055400 RESP_END
037 2 1 8 0288125208 REWARD_END
038 1 5 2 0291006960 STIM_START
038 1 5 2 0292368116 LICK
038 1 5 2 0292559424 LICK
038 1 5 2 0293147592 LICK
038 1 5 2 0294505820 LICK
038 1 5 2 0295032432 STIM_END_RESP_START
038 1 5 2 0295287040 LICK
038 1 5 2 0295287524 REWARD_START
038 1 5 2 0295447504 LICK
038 1 5 2 0295749860 LICK
038 1 5 2 0295904960 LICK
038 1 5 2 0296063576 LICK
038 1 5 2 0296232456 RESP_END
038 1 5 2 0295300544 REWARD_END
039 2 5 9 0298139136 STIM_START
039 2 5 9 0299241932 LICK
039 2 5 9 0299414272 LICK
039 2 5 9 0300211744 LICK
039 2 5 9 0300687992 LICK
039 2 5 9 0301130040 LICK
039 2 5 9 0302164628 STIM_END_RESP_START
039 2 5 9 0302404152 LICK
039 2 5 9 0302404644 REWARD_START
039 2 5 9 0302593784 LICK
039 2 5 9 0302835476 LICK
039 2 5 9 0303121916 LICK
039 2 5 9 0303276172 LICK
039 2 5 9 0303364676 RESP_END
039 2 5 9 0302417656 REWARD_END
040 0 1 9 0306025384 STIM_START
040 0 1 9 0306511816 LICK
040 0 1 9 0306925052 LICK
040 0 1 9 0307147528 LICK
040 0 1 9 0308475340 LICK
040 0 1 9 0309100728 STIM_END_RESP_START
040 0 1 9 0309940112 LICK
040 0 1 9 0309940600 TIMEOUT_START
040 0 1 9 0310126644 LICK
040 0 1 9 0310127128 TIMEOUT_START
040 0 1 9 0310300756 RESP_END
040 0 1 9 0317127612 TIMEOUT_END
041 2 5 6 0319429528 STIM_START
041 2 5 6 0323454992 STIM_END_RESP_START
041 2 5 6 0323532548 LICK
041 2 5 6 0323533040 REWARD_START
041 2 5 6 0323695516 LICK
041 2 5 6 0323979440 LICK
041 2 5 6 0324488416 LICK
041 2 5 6 0324637564 LICK
041 2 5 6 0324655012 RESP_END
041 2 5 6 0323546056 REWARD_END
042 0 5 6 0326765724 STIM_START
042 0 5 6 0330328100 LICK
042 0 5 6 0330564072 LICK
042 0 5 6 0330791176 STIM_END_RESP_START
042 0 5 6 0331149428 LICK
042 0 5 6 0331149912 TIMEOUT_START
042 0 5 6 0331991212 RESP_END
042 0 5 6 0338150408 TIMEOUT_END
043 2 5 1 0339897876 STIM_START
043 2 5 1 0343923372 STIM_END_RESP_START
043 2 5 1 0343942480 LICK
043 2 5 1 0343942964 REWARD_START
043 2 5 1 0345123412 RESP_END
043 2 5 1 0343955984 REWARD_END
044 2 3 10 0346837004 STIM_START
044 2 3 10 0349464000 LICK
044 2 3 10 0349858312 LICK
044 2 3 10 0350112396 STIM_END_RESP_START
044 2 3 10 0350516716 LICK
044 2 3 10 0350517200 REWARD_START
044 2 3 10 0350856764 LICK
044 2 3 10 0351312440 RESP_END
044 2 3 10 0350530224 REWARD_END
045 1 2 5 0353029104 STIM_START
045 1 2 5 0356154464 STIM_END_RESP_START
045 1 2 5 0356317808 LICK
045 1 2 5 0356318300 REWARD_START
045 1 2 5 0356644872 LICK
045 1 2 5 0357089956 LICK
045 1 2 5 0357354492 RESP_END
045 1 2 5 0356331316 REWARD_END
046 0 1 8 0360004128 STIM_START
046 0 1 8 0361981812 LICK
046 0 1 8 0362582416 LICK
046 0 1 8 0362716856 LICK
046 0 1 8 0363079476 STIM_END_RESP_START
046 0 1 8 0364279512 RESP_END
047 1 5 4 0366021136 STIM_START
047 1 5 4 0368029180 LICK
047 1 5 4 0368590512 LICK
047 1 5 4 0370046612 STIM_END_RESP_START
047 1 5 4 0370304320 LICK
047 1 5 4 0370304804 REWARD_START
047 1 5 4 0370466788 LICK
047 1 5 4 0370771020 LICK
047 1 5 4 0371112900 LICK
047 1 5 4 0371246632 RESP_END
047 1 5 4 0370317820 REWARD_END
048 0 3 6 0372969232 STIM_START
048 0 3 6 0376244636 STIM_END_RESP_START
048 0 3 6 0377444676 RESP_END
049 1 2 5 0379157236 STIM_START
049 1 2 5 0379478792 LICK
049 1 2 5 0379788784 LICK
049 1 2 5 0380154428 LICK
049 1 2 5 0380356520 LICK
049 1 2 5 0381650888 LICK
049 1 2 5 0381854640 LICK
049 1 2 5 0382282616 STIM_END_RESP_START
049 1 2 5 0382381700 LICK
049 1 2 5 0382382196 REWARD_START
049 1 2 5 0382742200 LICK
049 1 2 5 0383292740 LICK
049 1 2 5 0383482628 RESP_END
049 1 2 5 0382395212 REWARD_END
050 2 5 10 0385225300 STIM_START
050 2 5 10 0389250796 STIM_END_RESP_START
050 2 5 10 0389412540 LICK
050 2 5 10 0389413032 REWARD_START
050 2 5 10 0389582164 LICK
050 2 5 10 0389916244 LICK
050 2 5 10 0390108324 LICK
050 2 5 10 0390262696 LICK
050 2 5 10 0390450816 RESP_END
050 2 5 10 0389426048 REWARD_END
051 2 5 6 0392534396 STIM_START
051 2 5 6 0394723952 LICK
051 2 5 6 0396087844 LICK
051 2 5 6 0396559864 STIM_END_RESP_START
051 2 5 6 0397065808 LICK
051 2 5 6 0397066296 REWARD_START
051 2 5 6 0397261304 LICK
051 2 5 6 0397608668 LICK
051 2 5 6 0397759888 RESP_END
051 2 5 6 0397079312 REWARD_END
052 0 3 5 0400041588 STIM_START
052 0 3 5 0402307816 LICK
052 0 3 5 0402584224 LICK
052 0 3 5 0403316976 STIM_END_RESP_START
052 0 3 5 0403594880 LICK
052 0 3 5 0403595368 TIMEOUT_START
052 0 3 5 0403758968 LICK
052 0 3 5 0403759456 TIMEOUT_START
052 0 3 5 0404517000 RESP_END
052 0 3 5 0410759940 TIMEOUT_END
053 2 1 3 0413925860 STIM_START
053 2 1 3 0414438720 LICK
053 2 1 3 0415306588 LICK
053 2 1 3 0416441192 LICK
053 2 1 3 0417001240 STIM_END_RESP_START
053 2 1 3 0418201276 RESP_END
054 1 4 9 0421715128 STIM_START
054 1 4 9 0424320596 LICK
054 1 4 9 0425240560 STIM_END_RESP_START
054 1 4 9 0425629100 LICK
054 1 4 9 0425629584 REWARD_START
054 1 4 9 0425795732 LICK
054 1 4 9 0426271792 LICK
054 1 4 9 0426440596 RESP_END
054 1 4 9 0425642604 REWARD_END
055 0 5 6 0428180220 STIM_START
055 0 5 6 0431719792 LICK
055 0 5 6 0432205704 STIM_END_RESP_START
055 0 5 6 0432259552 LICK
055 0 5 6 0432260032 TIMEOUT_START
055 0 5 6 0432432468 LICK
055 0 5 6 0432432956 TIMEOUT_START
055 0 5 6 0432599856 LICK
055 0 5 6 0432600344 TIMEOUT_START
055 0 5 6 0433405748 RESP_END
055 0 5 6 0439600828 TIMEOUT_END
056 1 3 6 0441318320 STIM_START
056 1 3 6 0441517524 LICK
056 1 3 6 0441670280 LICK
056 1 3 6 0443111884 LICK
056 1 3 6 0444286488 LICK
056 1 3 6 0444593712 STIM_END_RESP_START
056 1 3 6 0444784920 LICK
056 1 3 6 0444785404 REWARD_START
056 1 3 6 0444982352 LICK
056 1 3 6 0445441152 LICK
056 1 3 6 0445793724 RESP_END
056 1 3 6 0444798428 REWARD_END
057 2 3 3 0447518316 STIM_START
057 2 3 3 0449598316 LICK
057 2 3 3 0449756076 LICK
057 2 3 3 0450110628 LICK
057 2 3 3 0450793700 STIM_END_RESP_START
057 2 3 3 0451993736 RESP_END
058 0 1 2 0453704312 STIM_START
058 0 1 2 0456779676 STIM_END_RESP_START
058 0 1 2 0457979716 RESP_END
059 0 4 7 0459707304 STIM_START
059 0 4 7 0459749352 LICK
059 0 4 7 0460182892 LICK
059 0 4 7 0461136552 LICK
059 0 4 7 0462124168 LICK
059 0 4 7 0463232720 STIM_END_RESP_START
059 0 4 7 0464432752 RESP_END
060 0 3 3 0466153304 STIM_START
060 0 3 3 0467994092 LICK
060 0 3 3 0469428688 STIM_END_RESP_START
060 0 3 3 0470628724 RESP_END
061 1 3 7 0472349296 STIM_START
061 1 3 7 0473005808 LICK
061 1 3 7 0475624700 STIM_END_RESP_START
061 1 3 7 0476824736 RESP_END
062 2 1 2 0478544340 STIM_START
062 2 1 2 0478866120 LICK
062 2 1 2 0481619700 STIM_END_RESP_START
062 2 1 2 0482819736 RESP_END
063 0 3 1 0484540312 STIM_START
063 0 3 1 0485038532 LICK
063 0 3 1 0486678692 LICK
063 0 3 1 0487313760 LICK
063 0 3 1 0487362424 LICK
063 0 3 1 0487815720 STIM_END_RESP_START
063 0 3 1 0488635956 LICK
063 0 3 1 0488636448 TIMEOUT_START
063 0 3 1 0489015740 RESP_END
063 0 3 1 0495636936 TIMEOUT_END
064 1 1 5 0498612596 STIM_START
064 1 1 5 0498955360 LICK
064 1 1 5 0501687944 STIM_END_RESP_START
064 1 1 5 0502887984 RESP_END
065 0 1 7 0504678528 STIM_START
065 0 1 7 0507753888 STIM_END_RESP_START
065 0 1 7 0508953928 RESP_END
066 1 5 2 0510701544 STIM_START
066 1 5 2 0514727008 STIM_END_RESP_START
066 1 5 2 0515254336 LICK
066 1 5 2 0515254820 REWARD_START
066 1 5 2 0515437480 LICK
066 1 5 2 0515903528 LICK
066 1 5 2 0515927024 RESP_END
066 1 5 2 0515267840 REWARD_END
067 0 1 10 0517649644 STIM_START
067 0 1 10 0520725020 STIM_END_RESP_START
067 0 1 10 0521440176 LICK
067 0 1 10 0521440668 TIMEOUT_START
067 0 1 10 0521656360 LICK
067 0 1 10 0521656848 TIMEOUT_START
067 0 1 10 0521925060 RESP_END
067 0 1 10 0528657332 TIMEOUT_END
068 0 5 5 0530393744 STIM_START
068 0 5 5 0534419244 STIM_END_RESP_START
068 0 5 5 0535619280 RESP_END
069 0 5 3 0537370840 STIM_START
069 0 5 3 0541396300 STIM_END_RESP_START
069 0 5 3 0542596336 RESP_END
070 1 4 9 0544326032 STIM_START
070 1 4 9 0547851428 STIM_END_RESP_START
070 1 4 9 0548242016 LICK
070 1 4 9 0548242504 REWARD_START
070 1 4 9 0548423696 LICK
070 1 4 9 0548941340 LICK
070 1 4 9 0549051468 RESP_END
070 1 4 9 0548255520 REWARD_END
071 1 5 4 0550798020 STIM_START
071 1 5 4 0552614144 LICK
071 1 5 4 0554823508 STIM_END_RESP_START
071 1 5 4 0555068260 LICK
071 1 5 4 0555068752 REWARD_START
071 1 5 4 0555399408 LICK
071 1 5 4 0555705620 LICK
071 1 5 4 0556023528 RESP_END
071 1 5 4 0555081776 REWARD_END
072 2 2 7 0557740140 STIM_START
072 2 2 7 0560671460 LICK
072 2 2 7 0560865512 STIM_END_RESP_START
072 2 2 7 0561046976 LICK
072 2 2 7 0561047464 REWARD_START
072 2 2 7 0561190936 LICK
072 2 2 7 0561527228 LICK
072 2 2 7 0562065532 RESP_END
072 2 2 7 0561060488 REWARD_END
073 0 2 7 0563779132 STIM_START
073 0 2 7 0566904488 STIM_END_RESP_START
073 0 2 7 0567389024 LICK
073 0 2 7 0567389512 TIMEOUT_START
073 0 2 7 0567916256 LICK
073 0 2 7 0567916748 TIMEOUT_START
073 0 2 7 0568103576 LICK
073 0 2 7 0568104068 TIMEOUT_START
073 0 2 7 0568104564 RESP_END
073 0 2 7 0575104552 TIMEOUT_END
074 2 5 6 0576851316 STIM_START
074 2 5 6 0577042272 LICK
074 2 5 6 0577234936 LICK
074 2 5 6 0577753044 LICK
074 2 5 6 0578006852 LICK
074 2 5 6 0578363516 LICK
074 2 5 6 0580237132 LICK
074 2 5 6 0580876804 STIM_END_RESP_START
074 2 5 6 0581054396 LICK
074 2 5 6 0581054888 REWARD_START
074 2 5 6 0581404452 LICK
074 2 5 6 0581878332 LICK
074 2 5 6 0582076820 RESP_END
074 2 5 6 0581067896 REWARD_END
075 1 2 9 0583788372 STIM_START
075 1 2 9 0586913724 STIM_END_RESP_START
075 1 2 9 0587181588 LICK
075 1 2 9 0587182076 REWARD_START
075 1 2 9 0587305232 LICK
075 1 2 9 0587480028 LICK
075 1 2 9 0587977288 LICK
075 1 2 9 0588113764 RESP_END
075 1 2 9 0587195100 REWARD_END
076 1 2 7 0589872352 STIM_START
076 1 2 7 0592997704 STIM_END_RESP_START
076 1 2 7 0593173672 LICK
076 1 2 7 0593174156 REWARD_START
076 1 2 7 0593349416 LICK
076 1 2 7 0593506276 LICK
076 1 2 7 0593667856 LICK
076 1 2 7 0593854828 LICK
076 1 2 7 0594009540 LICK
076 1 2 7 0594197736 RESP_END
076 1 2 7 0593187180 REWARD_END
077 0 1 10 0595901304 STIM_START
077 0 1 10 0598976676 STIM_END_RESP_START
077 0 1 10 0600053796 LICK
077 0 1 10 0600054284 TIMEOUT_START
077 0 1 10 0600176692 RESP_END
077 0 1 10 0607054772 TIMEOUT_END
078 0 5 3 0608802416 STIM_START
078 0 5 3 0610505156 LICK
078 0 5 3 0611310756 LICK
078 0 5 3 0611939616 LICK
078 0 5 3 0612140748 LICK
078 0 5 3 0612827908 STIM_END_RESP_START
078 0 5 3 0613932360 LICK
078 0 5 3 0613932848 TIMEOUT_START
078 0 5 3 0614027928 RESP_END
078 0 5 3 0620933344 TIMEOUT_END
079 1 3 1 0622655716 STIM_START
079 1 3 1 0622931720 LICK
079 1 3 1 0623038000 LICK
079 1 3 1 0623622476 LICK
079 1 3 1 0623839912 LICK
079 1 3 1 0624489124 LICK
079 1 3 1 0625931116 STIM_END_RESP_START
079 1 3 1 0626376044 LICK
079 1 3 1 0626376528 REWARD_START
079 1 3 1 0626550432 LICK
079 1 3 1 0627085856 LICK
079 1 3 1 0627131140 RESP_END
079 1 3 1 0626389552 REWARD_END
080 1 4 9 0628848676 STIM_START
080 1 4 9 0630116904 LICK
080 1 4 9 0630257744 LICK
080 1 4 9 0630417040 LICK
080 1 4 9 0630587776 LICK
080 1 4 9 0632374100 STIM_END_RESP_START
080 1 4 9 0632785888 LICK
080 1 4 9 0632786380 REWARD_START
080 1 4 9 0632970812 LICK
080 1 4 9 0633151448 LICK
080 1 4 9 0633481224 LICK
080 1 4 9 0633574128 RESP_END
080 1 4 9 0632799388 REWARD_END
081 0 3 2 0635353700 STIM_START
081 0 3 2 0637884456 LICK
081 0 3 2 0638055476 LICK
081 0 3 2 0638225812 LICK
081 0 3 2 0638513756 LICK
081 0 3 2 0638629096 STIM_END_RESP_START
081 0 3 2 0639597968 LICK
081 0 3 2 0639598456 TIMEOUT_START
081 0 3 2 0639829144 RESP_END
081 0 3 2 0646598948 TIMEOUT_END
082 0 3 4 0648323840 STIM_START
082 0 3 4 0651599248 STIM_END_RESP_START
082 0 3 4 0652799284 RESP_END
083 1 1 6 0654505864 STIM_START
083 1 1 6 0657581236 STIM_END_RESP_START
083 1 1 6 0657840692 LICK
083 1 1 6 0657841180 REWARD_START
083 1 1 6 0658008976 LICK
083 1 1 6 0658447656 LICK
083 1 1 6 0658781260 RESP_END
083 1 1 6 0657854196 REWARD_END
084 0 4 10 0660541784 STIM_START
084 0 4 10 0662196376 LICK
084 0 4 10 0662974416 LICK
084 0 4 10 0664067212 STIM_END_RESP_START
084 0 4 10 0664174028 LICK
084 0 4 10 0664174512 TIMEOUT_START
084 0 4 10 0665267248 RESP_END
084 0 4 10 0671175004 TIMEOUT_END
085 2 3 2 0672884820 STIM_START
085 2 3 2 0676160216 STIM_END_RESP_START
085 2 3 2 0676576476 LICK
085 2 3 2 0676576960 REWARD_START
085 2 3 2 0676781044 LICK
085 2 3 2 0677215380 LICK
085 2 3 2 0677360248 RESP_END
085 2 3 2 0676589980 REWARD_END
086 2 4 10 0679441880 STIM_START
086 2 4 10 0682533680 LICK
086 2 4 10 0682967280 STIM_END_RESP_START
086 2 4 10 0683227388 LICK
086 2 4 10 0683227872 REWARD_START
086 2 4 10 0683385264 LICK
086 2 4 10 0683690132 LICK
086 2 4 10 0683855332 LICK
086 2 4 10 0684022888 LICK
086 2 4 10 0684167296 RESP_END
086 2 4 10 0683240892 REWARD_END
087 0 3 7 0685890920 STIM_START
087 0 3 7 0689166320 STIM_END_RESP_START
087 0 3 7 0690366356 RESP_END
088 2 3 3 0692087948 STIM_START
088 2 3 3 0695363348 STIM_END_RESP_START
088 2 3 3 0695689132 LICK
088 2 3 3 0695689624 REWARD_START
088 2 3 3 0695833496 LICK
088 2 3 3 0696139232 LICK
088 2 3 3 0696465308 LICK
088 2 3 3 0696563384 RESP_END
088 2 3 3 0695702648 REWARD_END
089 1 2 3 0698575980 STIM_START
089 1 2 3 0701701376 STIM_END_RESP_START
089 1 2 3 0701963076 LICK
089 1 2 3 0701963568 REWARD_START
089 1 2 3 0702270048 LICK
089 1 2 3 0702901388 RESP_END
089 1 2 3 0701976592 REWARD_END
090 1 5 10 0704636980 STIM_START
090 1 5 10 0708662436 STIM_END_RESP_START
090 1 5 10 0708919880 LICK
090 1 5 10 0708920372 REWARD_START
090 1 5 10 0709207428 LICK
090 1 5 10 0709509676 LICK
090 1 5 10 0709673852 LICK
090 1 5 10 0709832964 LICK
090 1 5 10 0709862480 RESP_END
090 1 5 10 0708933388 REWARD_END
091 0 5 8 0711603112 STIM_START
091 0 5 8 0715628588 STIM_END_RESP_START
091 0 5 8 0716828620 RESP_END
092 1 3 2 0718533188 STIM_START
092 1 3 2 0719770408 LICK
092 1 3 2 0720006856 LICK
092 1 3 2 0721808584 STIM_END_RESP_START
092 1 3 2 0722131264 LICK
092 1 3 2 0722131748 REWARD_START
092 1 3 2 0722288052 LICK
092 1 3 2 0722607016 LICK
092 1 3 2 0723008612 RESP_END
092 1 3 2 0722144768 REWARD_END
093 1 5 7 0724896240 STIM_START
093 1 5 7 0727862832 LICK
093 1 5 7 0728921696 STIM_END_RESP_START
093 1 5 7 0729122104 LICK
093 1 5 7 0729122592 REWARD_START
093 1 5 7 0729301492 LICK
093 1 5 7 0729632784 LICK
093 1 5 7 0730121712 RESP_END
093 1 5 7 0729135612 REWARD_END
094 2 2 7 0731832368 STIM_START
094 2 2 7 0734691752 LICK
094 2 2 7 0734856648 LICK
094 2 2 7 0734957740 STIM_END_RESP_START
094 2 2 7 0735057452 LICK
094 2 2 7 0735057944 REWARD_START
094 2 2 7 0735233756 LICK
094 2 2 7 0735747780 LICK
094 2 2 7 0736157776 RESP_END
094 2 2 7 0735070960 REWARD_END
095 0 5 8 0737894316 STIM_START
095 0 5 8 0739305044 LICK
095 0 5 8 0739481504 LICK
095 0 5 8 0739858720 LICK
095 0 5 8 0741919804 STIM_END_RESP_START
095 0 5 8 0743119836 RESP_END
096 1 1 7 0744832460 STIM_START
096 1 1 7 0747907824 STIM_END_RESP_START
096 1 1 7 0748081392 LICK
096 1 1 7 0748081876 REWARD_START
096 1 1 7 0748256800 LICK
096 1 1 7 0748551728 LICK
096 1 1 7 0749107872 RESP_END
096 1 1 7 0748094900 REWARD_END
097 0 1 10 0750820388 STIM_START
097 0 1 10 0751988860 LICK
097 0 1 10 0752160920 LICK
097 0 1 10 0752361364 LICK
097 0 1 10 0752505100 LICK
097 0 1 10 0753895752 STIM_END_RESP_START
097 0 1 10 0755095788 RESP_END
098 1 1 6 0756806408 STIM_START
098 1 1 6 0757764032 LICK
098 1 1 6 0757968088 LICK
098 1 1 6 0759881764 STIM_END_RESP_START
098 1 1 6 0760184144 LICK
098 1 1 6 0760184632 REWARD_START
098 1 1 6 0760320540 LICK
098 1 1 6 0760482400 LICK
098 1 1 6 0760795304 LICK
098 1 1 6 0761081784 RESP_END
098 1 1 6 0760197656 REWARD_END
099 0 5 4 0762886400 STIM_START
099 0 5 4 0764736344 LICK
099 0 5 4 0764874816 LICK
099 0 5 4 0765277188 LICK
099 0 5 4 0765628576 LICK
099 0 5 4 0766911880 STIM_END_RESP_START
099 0 5 4 0768111920 RESP_END
100 1 5 3 0769854516 STIM_START
100 1 5 3 0773880016 STIM_END_RESP_START
100 1 5 3 0774091392 LICK
100 1 5 3 0774091884 REWARD_START
100 1 5 3 0774239716 LICK
100 1 5 3 0774545528 LICK
100 1 5 3 0775080052 RESP_END
100 1 5 3 0774104904 REWARD_END
101 2 2 8 0776796600 STIM_START
101 2 2 8 0779921956 STIM_END_RESP_START
101 2 2 8 0781121992 RESP_END
102 0 2 3 0782836592 STIM_START
102 0 2 3 0783460528 LICK
102 0 2 3 0783620068 LICK
102 0 2 3 0783794632 LICK
102 0 2 3 0783973192 LICK
102 0 2 3 0784174844 LICK
102 0 2 3 0785813704 LICK
102 0 2 3 0785961960 STIM_END_RESP_START
102 0 2 3 0787161996 RESP_END
103 0 1 8 0788874616 STIM_START
103 0 1 8 0788897720 LICK
103 0 1 8 0789089184 LICK
103 0 1 8 0791949972 STIM_END_RESP_START
103 0 1 8 0793150008 RESP_END
104 0 4 7 0794869544 STIM_START
104 0 4 7 0798394944 STIM_END_RESP_START
104 0 4 7 0799594980 RESP_END
105 2 5 8 0801330612 STIM_START
105 2 5 8 0805356084 STIM_END_RESP_START
105 2 5 8 0806556120 RESP_END
106 0 2 4 0808267692 STIM_START
106 0 2 4 0811393052 STIM_END_RESP_START
106 0 2 4 0812593084 RESP_END
107 0 5 9 0814345724 STIM_START
107 0 5 9 0818371180 STIM_END_RESP_START
107 0 5 9 0819571220 RESP_END
108 1 1 5 0821286852 STIM_START
108 1 1 5 0824362220 STIM_END_RESP_START
108 1 1 5 0824803124 LICK
108 1 1 5 0824803616 REWARD_START
108 1 1 5 0825562244 RESP_END
108 1 1 5 0824816632 REWARD_END
109 2 1 6 0827271824 STIM_START
109 2 1 6 0830347188 STIM_END_RESP_START
109 2 1 6 0830420940 LICK
109 2 1 6 0830421432 REWARD_START
109 2 1 6 0830919784 LICK
109 2 1 6 0831373952 LICK
109 2 1 6 0831547216 RESP_END
109 2 1 6 0830434440 REWARD_END
110 1 2 6 0833938868 STIM_START
110 1 2 6 0836668768 LICK
110 1 2 6 0836856788 LICK
110 1 2 6 0837064252 STIM_END_RESP_START
110 1 2 6 0837276664 LICK
110 1 2 6 0837277156 REWARD_START
110 1 2 6 0837440040 LICK
110 1 2 6 0837750524 LICK
110 1 2 6 0837906000 LICK
110 1 2 6 0838063644 LICK
110 1 2 6 0838264296 RESP_END
110 1 2 6 0837290180 REWARD_END
111 0 4 4 0839996864 STIM_START
111 0 4 4 0841853640 LICK
111 0 4 4 0843522300 STIM_END_RESP_START
111 0 4 4 0843761620 LICK
111 0 4 4 0843762112 TIMEOUT_START
111 0 4 4 0844722336 RESP_END
111 0 4 4 0850762600 TIMEOUT_END
112 2 4 6 0852484864 STIM_START
112 2 4 6 0856010296 STIM_END_RESP_START
112 2 4 6 0856307752 LICK
112 2 4 6 0856308240 REWARD_START
112 2 4 6 0856467284 LICK
112 2 4 6 0856779688 LICK
112 2 4 6 0856933116 LICK
112 2 4 6 0857210336 RESP_END
112 2 4 6 0856321244 REWARD_END
113 0 4 3 0858922932 STIM_START
113 0 4 3 0862448332 STIM_END_RESP_START
113 0 4 3 0863158616 LICK
113 0 4 3 0863159100 TIMEOUT_START
113 0 4 3 0863648352 RESP_END
113 0 4 3 0870159592 TIMEOUT_END
114 0 5 1 0871905020 STIM_START
114 0 5 1 0875185580 LICK
114 0 5 1 0875695416 LICK
114 0 5 1 0875930472 STIM_END_RESP_START
114 0 5 1 0877130508 RESP_END
115 1 5 7 0878875212 STIM_START
115 1 5 7 0882900668 STIM_END_RESP_START
115 1 5 7 0884100704 RESP_END
116 1 5 1 0885853556 STIM_START
116 1 5 1 0889879052 STIM_END_RESP_START
116 1 5 1 0890256700 LICK
116 1 5 1 0890257184 REWARD_START
116 1 5 1 0890431032 LICK
116 1 5 1 0890735112 LICK
116 1 5 1 0891079068 RESP_END
116 1 5 1 0890270208 REWARD_END
117 0 4 6 0892799448 STIM_START
117 0 4 6 0895862500 LICK
117 0 4 6 0896324880 STIM_END_RESP_START
117 0 4 6 0896472372 LICK
117 0 4 6 0896472856 TIMEOUT_START
117 0 4 6 0896902376 LICK
117 0 4 6 0896902860 TIMEOUT_START
117 0 4 6 0897075748 LICK
117 0 4 6 0897076240 TIMEOUT_START
117 0 4 6 0897524896 RESP_END
117 0 4 6 0904076724 TIMEOUT_END
118 0 1 4 0905785524 STIM_START
118 0 1 4 0906118828 LICK
118 0 1 4 0906258684 LICK
118 0 1 4 0908860896 STIM_END_RESP_START
118 0 1 4 0908876720 LICK
118 0 1 4 0908877212 TIMEOUT_START
118 0 1 4 0909042876 LICK
118 0 1 4 0909043360 TIMEOUT_START
118 0 1 4 0910060920 RESP_END
118 0 1 4 0916043856 TIMEOUT_END
119 1 1 9 0917745472 STIM_START
119 1 1 9 0920820840 STIM_END_RESP_START
119 1 1 9 0922020876 RESP_END
120 0 4 4 0923745444 STIM_START
120 0 4 4 0926627984 LICK
120 0 4 4 0926818756 LICK
120 0 4 4 0927270872 STIM_END_RESP_START
120 0 4 4 0928470912 RESP_END
121 1 3 10 0930188472 STIM_START
121 1 3 10 0933463876 STIM_END_RESP_START
121 1 3 10 0933756756 LICK
121 1 3 10 0933757252 REWARD_START
121 1 3 10 0933891600 LICK
121 1 3 10 0934376968 LICK
121 1 3 10 0934663924 RESP_END
121 1 3 10 0933770276 REWARD_END
122 0 2 10 0936375480 STIM_START
122 0 2 10 0939500836 STIM_END_RESP_START
122 0 2 10 0940700872 RESP_END
123 1 4 4 0942432468 STIM_START
123 1 4 4 0942805076 LICK
123 1 4 4 0943160272 LICK
123 1 4 4 0945561840 LICK
123 1 4 4 0945763148 LICK
123 1 4 4 0945957868 STIM_END_RESP_START
123 1 4 4 0946300072 LICK
123 1 4 4 0946300556 REWARD_START
123 1 4 4 0946521936 LICK
123 1 4 4 0946819120 LICK
123 1 4 4 0947157908 RESP_END
123 1 4 4 0946313580 REWARD_END
124 1 4 1 0948894512 STIM_START
124 1 4 1 0952000204 LICK
124 1 4 1 0952185696 LICK
124 1 4 1 0952347956 LICK
124 1 4 1 0952419912 STIM_END_RESP_START
124 1 4 1 0952598756 LICK
124 1 4 1 0952599240 REWARD_START
124 1 4 1 0952786300 LICK
124 1 4 1 0952914244 LICK
124 1 4 1 0953223308 LICK
124 1 4 1 0953385688 LICK
124 1 4 1 0953619960 RESP_END
124 1 4 1 0952612264 REWARD_END
125 0 5 5 0955529612 STIM_START
125 0 5 5 0959555068 STIM_END_RESP_START
125 0 5 5 0960755108 RESP_END
126 1 2 4 0962471680 STIM_START
126 1 2 4 0965597076 STIM_END_RESP_START
126 1 2 4 0965989828 LICK
126 1 2 4 0965990316 REWARD_START
126 1 2 4 0966150448 LICK
126 1 2 4 0966442000 LICK
126 1 2 4 0966797092 RESP_END
126 1 2 4 0966003340 REWARD_END
127 1 4 10 0968526668 STIM_START
127 1 4 10 0972052104 STIM_END_RESP_START
127 1 4 10 0972325420 LICK
127 1 4 10 0972325912 REWARD_START
127 1 4 10 0972634104 LICK
127 1 4 10 0972960540 LICK
127 1 4 10 0973138648 LICK
127 1 4 10 0973252136 RESP_END
127 1 4 10 0972338932 REWARD_END
128 1 1 5 0975219744 STIM_START
128 1 1 5 0978295108 STIM_END_RESP_START
128 1 1 5 0978433152 LICK
128 1 1 5 0978433636 REWARD_START
128 1 1 5 0978633004 LICK
128 1 1 5 0978970028 LICK
128 1 1 5 0979112680 LICK
128 1 1 5 0979495156 RESP_END
128 1 1 5 0978446660 REWARD_END
129 0 4 8 0981215764 STIM_START
129 0 4 8 0984741164 STIM_END_RESP_START
129 0 4 8 0985941200 RESP_END
130 1 1 1 0987650740 STIM_START
130 1 1 1 0987999756 LICK
130 1 1 1 0990726108 STIM_END_RESP_START
130 1 1 1 0991012768 LICK
130 1 1 1 0991013260 REWARD_START
130 1 1 1 0991185884 LICK
130 1 1 1 0991487224 LICK
130 1 1 1 0991654052 LICK
130 1 1 1 0991810076 LICK
130 1 1 1 0991926152 RESP_END
130 1 1 1 0991026268 REWARD_END
131 1 3 10 0993647772 STIM_START
131 1 3 10 0996923176 STIM_END_RESP_START
131 1 3 10 0997256180 LICK
131 1 3 10 0997256676 REWARD_START
131 1 3 10 0997385420 LICK
131 1 3 10 0997695400 LICK
131 1 3 10 0997868992 LICK
131 1 3 10 0998036512 LICK
131 1 3 10 0998123220 RESP_END
131 1 3 10 0997269696 REWARD_END
132 0 1 1 0999835720 STIM_START
132 0 1 1 1002911084 STIM_END_RESP_START
132 0 1 1 1003027716 LICK
132 0 1 1 1003028248 TIMEOUT_START
132 0 1 1 1003380336 LICK
132 0 1 1 1003380872 TIMEOUT_START
132 0 1 1 1003577164 LICK
132 0 1 1 1003577700 TIMEOUT_START
132 0 1 1 1004111128 RESP_END
132 0 1 1 1010578236 TIMEOUT_END
133 1 5 2 1012316776 STIM_START
133 1 5 2 1016342252 STIM_END_RESP_START
133 1 5 2 1016778688 LICK
133 1 5 2 1016779228 REWARD_START
133 1 5 2 1016961468 LICK
133 1 5 2 1017301848 LICK
133 1 5 2 1017542284 RESP_END
133 1 5 2 1016792304 REWARD_END
134 2 3 5 1019266876 STIM_START
134 2 3 5 1022542260 STIM_END_RESP_START
134 2 3 5 1022763056 LICK
134 2 3 5 1022763592 REWARD_START
134 2 3 5 1022926608 LICK
134 2 3 5 1023249868 LICK
134 2 3 5 1023559376 LICK
134 2 3 5 1023742300 RESP_END
134 2 3 5 1022776668 REWARD_END
135 0 1 5 1025836964 STIM_START
135 0 1 5 1026984400 LICK
135 0 1 5 1027180532 LICK
135 0 1 5 1027614112 LICK
135 0 1 5 1028499252 LICK
135 0 1 5 1028912328 STIM_END_RESP_START
135 0 1 5 1029871608 LICK
135 0 1 5 1029872144 TIMEOUT_START
135 0 1 5 1030112360 RESP_END
135 0 1 5 1036872692 TIMEOUT_END
136 1 2 9 1038577028 STIM_START
136 1 2 9 1041702400 STIM_END_RESP_START
136 1 2 9 1041790960 LICK
136 1 2 9 1041791500 REWARD_START
136 1 2 9 1041825844 LICK
136 1 2 9 1042169228 LICK
136 1 2 9 1042513904 LICK
136 1 2 9 1042683948 LICK
136 1 2 9 1042902428 RESP_END
136 1 2 9 1041804580 REWARD_END
137 2 3 3 1044625000 STIM_START
137 2 3 3 1045978744 LICK
137 2 3 3 1046143608 LICK
137 2 3 3 1046309080 LICK
137 2 3 3 1046506432 LICK
137 2 3 3 1047580556 LICK
137 2 3 3 1047900396 STIM_END_RESP_START
137 2 3 3 1048480224 LICK
137 2 3 3 1048480760 REWARD_START
137 2 3 3 1049100440 RESP_END
137 2 3 3 1048493836 REWARD_END
138 2 2 5 1052276244 STIM_START
138 2 2 5 1053474608 LICK
138 2 2 5 1053819392 LICK
138 2 2 5 1055401608 STIM_END_RESP_START
138 2 2 5 1056601660 RESP_END
139 0 5 7 1058353224 STIM_START
139 0 5 7 1060453600 LICK
139 0 5 7 1061316972 LICK
139 0 5 7 1062378680 STIM_END_RESP_START
139 0 5 7 1063578692 RESP_END
140 1 2 7 1065289336 STIM_START
140 1 2 7 1068414704 STIM_END_RESP_START
140 1 2 7 1069614720 RESP_END
141 0 3 3 1071415332 STIM_START
141 0 3 3 1071800904 LICK
141 0 3 3 1071935316 LICK
141 0 3 3 1074690720 STIM_END_RESP_START
141 0 3 3 1075377748 LICK
141 0 3 3 1075378284 TIMEOUT_START
141 0 3 3 1075550108 LICK
141 0 3 3 1075550644 TIMEOUT_START
141 0 3 3 1075890756 RESP_END
141 0 3 3 1082551172 TIMEOUT_END
142 0 5 1 1084294440 STIM_START
142 0 5 1 1088319912 STIM_END_RESP_START
142 0 5 1 1089519928 RESP_END
143 0 2 7 1091230544 STIM_START
143 0 2 7 1091505444 LICK
143 0 2 7 1094165468 LICK
143 0 2 7 1094355900 STIM_END_RESP_START
143 0 2 7 1095235116 LICK
143 0 2 7 1095235652 TIMEOUT_START
143 0 2 7 1095555936 RESP_END
143 0 2 7 1102236196 TIMEOUT_END
144 2 1 6 1103945596 STIM_START
144 2 1 6 1107020984 STIM_END_RESP_START
144 2 1 6 1108220996 RESP_END
145 1 3 5 1109940584 STIM_START
145 1 3 5 1113215960 STIM_END_RESP_START
145 1 3 5 1113550208 LICK
145 1 3 5 1113550740 REWARD_START
145 1 3 5 1113692816 LICK
145 1 3 5 1114201232 LICK
145 1 3 5 1114362996 LICK
145 1 3 5 1114415980 RESP_END
145 1 3 5 1113563820 REWARD_END
146 1 4 6 1116446612 STIM_START
146 1 4 6 1118827032 LICK
146 1 4 6 1119496748 LICK
146 1 4 6 1119972024 STIM_END_RESP_START
146 1 4 6 1120230168 LICK
146 1 4 6 1120230708 REWARD_START
146 1 4 6 1120382452 LICK
146 1 4 6 1120710676 LICK
146 1 4 6 1121023060 LICK
146 1 4 6 1121172064 RESP_END
146 1 4 6 1120243784 REWARD_END
147 0 1 4 1122885656 STIM_START
147 0 1 4 1125960992 STIM_END_RESP_START
147 0 1 4 1126966692 LICK
147 0 1 4 1126967224 TIMEOUT_START
147 0 1 4 1127161016 RESP_END
147 0 1 4 1133967764 TIMEOUT_END
148 0 1 5 1135678712 STIM_START
148 0 1 5 1138754092 STIM_END_RESP_START
148 0 1 5 1139786484 LICK
148 0 1 5 1139787024 TIMEOUT_START
148 0 1 5 1139954116 RESP_END
148 0 1 5 1146787564 TIMEOUT_END
149 0 1 8 1148499800 STIM_START
149 0 1 8 1151575184 STIM_END_RESP_START
149 0 1 8 1152775236 RESP_END
150 1 4 10 1155381932 STIM_START
150 1 4 10 1158907344 STIM_END_RESP_START
150 1 4 10 1159200132 LICK
150 1 4 10 1159200664 REWARD_START
150 1 4 10 1159397836 LICK
150 1 4 10 1159895396 LICK
150 1 4 10 1160107364 RESP_END
150 1 4 10 1159213740 REWARD_END
151 1 3 10 1161833952 STIM_START
151 1 3 10 1164122088 LICK
151 1 3 10 1164468928 LICK
151 1 3 10 1164656688 LICK
151 1 3 10 1164842872 LICK
151 1 3 10 1165038156 LICK
151 1 3 10 1165109336 STIM_END_RESP_START
151 1 3 10 1165994924 LICK
151 1 3 10 1165995464 REWARD_START
151 1 3 10 1166309372 RESP_END
151 1 3 10 1166008524 REWARD_END
152 0 2 3 1169839268 STIM_START
152 0 2 3 1172964636 STIM_END_RESP_START
152 0 2 3 1174164656 RESP_END
153 2 5 8 1175918244 STIM_START
153 2 5 8 1179943720 STIM_END_RESP_START
153 2 5 8 1181143732 RESP_END
154 1 4 4 1182868340 STIM_START
154 1 4 4 1185407276 LICK
154 1 4 4 1185594024 LICK
154 1 4 4 1186048648 LICK
154 1 4 4 1186393772 STIM_END_RESP_START
154 1 4 4 1186667472 LICK
154 1 4 4 1186668008 REWARD_START
154 1 4 4 1186854728 LICK
154 1 4 4 1187026436 LICK
154 1 4 4 1187354116 LICK
154 1 4 4 1187593820 RESP_END
154 1 4 4 1186681088 REWARD_END
155 2 3 2 1189483416 STIM_START
155 2 3 2 1192758796 STIM_END_RESP_START
155 2 3 2 1193121824 LICK
155 2 3 2 1193122356 REWARD_START
155 2 3 2 1193285044 LICK
155 2 3 2 1193463528 LICK
155 2 3 2 1193786800 LICK
155 2 3 2 1193958816 RESP_END
155 2 3 2 1193135432 REWARD_END
156 0 4 5 1196049476 STIM_START
156 0 4 5 1199173288 LICK
156 0 4 5 1199534004 LICK
156 0 4 5 1199574912 STIM_END_RESP_START
156 0 4 5 1200156068 LICK
156 0 4 5 1200156596 TIMEOUT_START
156 0 4 5 1200774944 RESP_END
156 0 4 5 1207157140 TIMEOUT_END
157 1 1 3 1208863580 STIM_START
157 1 1 3 1210689052 LICK
157 1 1 3 1211335940 LICK
157 1 1 3 1211938956 STIM_END_RESP_START
157 1 1 3 1212159084 LICK
157 1 1 3 1212159620 REWARD_START
157 1 1 3 1212331072 LICK
157 1 1 3 1212687436 LICK
157 1 1 3 1213138976 RESP_END
157 1 1 3 1212172700 REWARD_END
158 0 4 5 1214862520 STIM_START
158 0 4 5 1218387932 STIM_END_RESP_START
158 0 4 5 1218886708 LICK
158 0 4 5 1218887240 TIMEOUT_START
158 0 4 5 1219090152 LICK
158 0 4 5 1219090688 TIMEOUT_START
158 0 4 5 1219247540 LICK
158 0 4 5 1219248072 TIMEOUT_START
158 0 4 5 1219587944 RESP_END
158 0 4 5 1226248620 TIMEOUT_END
159 0 3 2 1227962668 STIM_START
159 0 3 2 1231238052 STIM_END_RESP_START
159 0 3 2 1232438068 RESP_END
160 0 5 7 1234188676 STIM_START
160 0 5 7 1234728592 LICK
160 0 5 7 1234976908 LICK
160 0 5 7 1236096144 LICK
160 0 5 7 1238214144 STIM_END_RESP_START
160 0 5 7 1238868948 LICK
160 0 5 7 1238869488 TIMEOUT_START
160 0 5 7 1239414168 RESP_END
160 0 5 7 1245870032 TIMEOUT_END
161 2 3 4 1247594808 STIM_START
161 2 3 4 1250079680 LICK
161 2 3 4 1250870188 STIM_END_RESP_START
161 2 3 4 1251112732 LICK
161 2 3 4 1251113272 REWARD_START
161 2 3 4 1251949024 LICK
161 2 3 4 1252070200 RESP_END
161 2 3 4 1251126352 REWARD_END
162 0 2 8 1254440956 STIM_START
162 0 2 8 1256745904 LICK
162 0 2 8 1256976840 LICK
162 0 2 8 1257196008 LICK
162 0 2 8 1257566312 STIM_END_RESP_START
162 0 2 8 1258603232 LICK
162 0 2 8 1258603768 TIMEOUT_START
162 0 2 8 1258766332 RESP_END
162 0 2 8 1265604308 TIMEOUT_END
163 1 2 8 1267319044 STIM_START
163 1 2 8 1270444416 STIM_END_RESP_START
163 1 2 8 1270770884 LICK
163 1 2 8 1270771416 REWARD_START
163 1 2 8 1270984820 LICK
163 1 2 8 1271486964 LICK
163 1 2 8 1271622316 LICK
163 1 2 8 1271644448 RESP_END
163 1 2 8 1270784496 REWARD_END
164 0 1 3 1273368040 STIM_START
164 0 1 3 1276338856 LICK
164 0 1 3 1276443412 STIM_END_RESP_START
164 0 1 3 1276532816 LICK
164 0 1 3 1276533348 TIMEOUT_START
164 0 1 3 1276722940 LICK
164 0 1 3 1276723480 TIMEOUT_START
164 0 1 3 1277264720 LICK
164 0 1 3 1277265256 TIMEOUT_START
164 0 1 3 1277643432 RESP_END
164 0 1 3 1284265796 TIMEOUT_END
165 0 3 4 1285976040 STIM_START
165 0 3 4 1289251424 STIM_END_RESP_START
165 0 3 4 1289436116 LICK
165 0 3 4 1289436652 TIMEOUT_START
165 0 3 4 1290451464 RESP_END
165 0 3 4 1296437196 TIMEOUT_END
166 1 2 4 1298144036 STIM_START
166 1 2 4 1301269404 STIM_END_RESP_START
166 1 2 4 1301795396 LICK
166 1 2 4 1301795932 REWARD_START
166 1 2 4 1302469428 RESP_END
166 1 2 4 1301809004 REWARD_END
167 1 5 3 1304216016 STIM_START
167 1 5 3 1307484380 LICK
167 1 5 3 1308148340 LICK
167 1 5 3 1308241484 STIM_END_RESP_START
167 1 5 3 1308651572 LICK
167 1 5 3 1308652108 REWARD_START
167 1 5 3 1308831876 LICK
167 1 5 3 1309390448 LICK
167 1 5 3 1309441504 RESP_END
167 1 5 3 1308665188 REWARD_END
168 2 2 9 1311156112 STIM_START
168 2 2 9 1314281488 STIM_END_RESP_START
168 2 2 9 1314588348 LICK
168 2 2 9 1314588888 REWARD_START
168 2 2 9 1314767696 LICK
168 2 2 9 1315084888 LICK
168 2 2 9 1315409676 LICK
168 2 2 9 1315481500 RESP_END
168 2 2 9 1314601956 REWARD_END
169 0 3 5 1317526184 STIM_START
169 0 3 5 1319960172 LICK
169 0 3 5 1320801560 STIM_END_RESP_START
169 0 3 5 1321432772 LICK
169 0 3 5 1321433308 TIMEOUT_START
169 0 3 5 1322001584 RESP_END
169 0 3 5 1328433836 TIMEOUT_END
170 0 2 5 1330141232 STIM_START
170 0 2 5 1331456564 LICK
170 0 2 5 1333266592 STIM_END_RESP_START
170 0 2 5 1334466608 RESP_END
171 2 1 10 1336178176 STIM_START
171 2 1 10 1337173672 LICK
171 2 1 10 1339253528 STIM_END_RESP_START
171 2 1 10 1339770104 LICK
171 2 1 10 1339770636 REWARD_START
171 2 1 10 1340453572 RESP_END
171 2 1 10 1339783716 REWARD_END
172 0 1 9 1342167172 STIM_START
172 0 1 9 1345242552 STIM_END_RESP_START
172 0 1 9 1346442564 RESP_END
173 1 4 4 1348173116 STIM_START
173 1 4 4 1351698528 STIM_END_RESP_START
173 1 4 4 1352101132 LICK
173 1 4 4 1352101660 REWARD_START
173 1 4 4 1352430588 LICK
173 1 4 4 1352727216 LICK
173 1 4 4 1352898552 RESP_END
173 1 4 4 1352114736 REWARD_END
174 2 1 7 1355771372 STIM_START
174 2 1 7 1358846752 STIM_END_RESP_START
174 2 1 7 1358897460 LICK
174 2 1 7 1358897992 REWARD_START
174 2 1 7 1359076156 LICK
174 2 1 7 1359237248 LICK
174 2 1 7 1359415600 LICK
174 2 1 7 1359581572 LICK
174 2 1 7 1359739520 LICK
174 2 1 7 1359918000 LICK
174 2 1 7 1360046788 RESP_END
174 2 1 7 1358911068 REWARD_END
175 1 3 10 1361774284 STIM_START
175 1 3 10 1364359536 LICK
175 1 3 10 1365049696 STIM_END_RESP_START
175 1 3 10 1365230580 LICK
175 1 3 10 1365231116 REWARD_START
175 1 3 10 1365421752 LICK
175 1 3 10 1365722304 LICK
175 1 3 10 1366249716 RESP_END
175 1 3 10 1365244192 REWARD_END
176 0 3 3 1367973360 STIM_START
176 0 3 3 1370593996 LICK
176 0 3 3 1370768104 LICK
176 0 3 3 1370942420 LICK
176 0 3 3 1371248756 STIM_END_RESP_START
176 0 3 3 1372448808 RESP_END
177 1 5 10 1374199340 STIM_START
177 1 5 10 1376123684 LICK
177 1 5 10 1378081004 LICK
177 1 5 10 1378224800 STIM_END_RESP_START
177 1 5 10 1378768564 LICK
177 1 5 10 1378769100 REWARD_START
177 1 5 10 1379355888 LICK
177 1 5 10 1379424832 RESP_END
177 1 5 10 1378782172 REWARD_END
178 0 3 5 1381895580 STIM_START
178 0 3 5 1385170964 STIM_END_RESP_START
178 0 3 5 1385769068 LICK
178 0 3 5 1385769596 TIMEOUT_START
178 0 3 5 1385919272 LICK
178 0 3 5 1385919812 TIMEOUT_START
178 0 3 5 1386096384 LICK
178 0 3 5 1386096924 TIMEOUT_START
178 0 3 5 1386370988 RESP_END
178 0 3 5 1393097448 TIMEOUT_END
179 0 1 4 1394808664 STIM_START
179 0 1 4 1395279168 LICK
179 0 1 4 1396994244 LICK
179 0 1 4 1397884012 STIM_END_RESP_START
179 0 1 4 1397923476 LICK
179 0 1 4 1397924012 TIMEOUT_START
179 0 1 4 1398097808 LICK
179 0 1 4 1398098348 TIMEOUT_START
179 0 1 4 1398449024 LICK
179 0 1 4 1398449564 TIMEOUT_START
179 0 1 4 1399084040 RESP_END
179 0 1 4 1405450104 TIMEOUT_END
180 1 1 8 1407152644 STIM_START
180 1 1 8 1410228024 STIM_END_RESP_START
180 1 1 8 1411428040 RESP_END
181 2 2 4 1413139656 STIM_START
181 2 2 4 1413956344 LICK
181 2 2 4 1416246800 LICK
181 2 2 4 1416265028 STIM_END_RESP_START
181 2 2 4 1417465064 RESP_END
182 0 1 9 1419175652 STIM_START
182 0 1 9 1422251036 STIM_END_RESP_START
182 0 1 9 1423451084 RESP_END
183 1 2 9 1425164584 STIM_START
183 1 2 9 1428289956 STIM_END_RESP_START
183 1 2 9 1429489968 RESP_END
184 1 3 3 1431212572 STIM_START
184 1 3 3 1434487956 STIM_END_RESP_START
184 1 3 3 1435163500 LICK
184 1 3 3 1435164040 REWARD_START
184 1 3 3 1435687992 RESP_END
184 1 3 3 1435177100 REWARD_END
185 0 2 8 1437407556 STIM_START
185 0 2 8 1437447668 LICK
185 0 2 8 1437954508 LICK
185 0 2 8 1438686148 LICK
185 0 2 8 1438871056 LICK
185 0 2 8 1439280264 LICK
185 0 2 8 1439487232 LICK
185 0 2 8 1440025692 LICK
185 0 2 8 1440532904 STIM_END_RESP_START
185 0 2 8 1440900708 LICK
185 0 2 8 1440901248 TIMEOUT_START
185 0 2 8 1441732936 RESP_END
185 0 2 8 1447901788 TIMEOUT_END
186 2 5 3 1449649560 STIM_START
186 2 5 3 1452335196 LICK
186 2 5 3 1452490000 LICK
186 2 5 3 1453675052 STIM_END_RESP_START
186 2 5 3 1453971504 LICK
186 2 5 3 1453972040 REWARD_START
186 2 5 3 1454187424 LICK
186 2 5 3 1454480468 LICK
186 2 5 3 1454805232 LICK
186 2 5 3 1454875072 RESP_END
186 2 5 3 1453985116 REWARD_END
187 1 2 6 1456708696 STIM_START
187 1 2 6 1459834064 STIM_END_RESP_START
187 1 2 6 1460096932 LICK
187 1 2 6 1460097472 REWARD_START
187 1 2 6 1460260060 LICK
187 1 2 6 1460585788 LICK
187 1 2 6 1460746860 LICK
187 1 2 6 1461034076 RESP_END
187 1 2 6 1460110548 REWARD_END
188 1 5 10 1462867684 STIM_START
188 1 5 10 1465396812 LICK
188 1 5 10 1465540808 LICK
188 1 5 10 1466361872 LICK
188 1 5 10 1466893160 STIM_END_RESP_START
188 1 5 10 1467025508 LICK
188 1 5 10 1467026040 REWARD_START
188 1 5 10 1467201152 LICK
188 1 5 10 1467505460 LICK
188 1 5 10 1468093172 RESP_END
188 1 5 10 1467039120 REWARD_END
189 0 1 2 1469800808 STIM_START
189 0 1 2 1472876188 STIM_END_RESP_START
189 0 1 2 1474076204 RESP_END
190 0 5 8 1477682092 STIM_START
190 0 5 8 1481707572 STIM_END_RESP_START
190 0 5 8 1482907616 RESP_END
191 0 1 2 1484616204 STIM_START
191 0 1 2 1487691584 STIM_END_RESP_START
191 0 1 2 1488891596 RESP_END
192 2 4 6 1490617176 STIM_START
192 2 4 6 1494142592 STIM_END_RESP_START
192 2 4 6 1495342608 RESP_END
193 1 4 1 1497073228 STIM_START
193 1 4 1 1500598640 STIM_END_RESP_START
193 1 4 1 1501144908 LICK
193 1 4 1 1501145448 REWARD_START
193 1 4 1 1501405232 LICK
193 1 4 1 1501695756 LICK
193 1 4 1 1501798688 RESP_END
193 1 4 1 1501158512 REWARD_END
194 0 5 10 1503779312 STIM_START
194 0 5 10 1507804784 STIM_END_RESP_START
194 0 5 10 1508230680 LICK
194 0 5 10 1508231220 TIMEOUT_START
194 0 5 10 1508408048 LICK
194 0 5 10 1508408584 TIMEOUT_START
194 0 5 10 1508572968 LICK
194 0 5 10 1508573508 TIMEOUT_START
194 0 5 10 1509004836 RESP_END
194 0 5 10 1515574052 TIMEOUT_END
195 1 2 2 1518886752 STIM_START
195 1 2 2 1522012124 STIM_END_RESP_START
195 1 2 2 1522299244 LICK
195 1 2 2 1522299776 REWARD_START
195 1 2 2 1522472256 LICK
195 1 2 2 1522784412 LICK
195 1 2 2 1523122216 LICK
195 1 2 2 1523212172 RESP_END
195 1 2 2 1522312852 REWARD_END
196 2 3 3 1524940692 STIM_START
196 2 3 3 1526860164 LICK
196 2 3 3 1527211792 LICK
196 2 3 3 1527679892 LICK
196 2 3 3 1527904520 LICK
196 2 3 3 1528216060 STIM_END_RESP_START
196 2 3 3 1528404788 LICK
196 2 3 3 1528405324 REWARD_START
196 2 3 3 1528613256 LICK
196 2 3 3 1528927744 LICK
196 2 3 3 1529416088 RESP_END
196 2 3 3 1528418404 REWARD_END
197 1 2 7 1531186704 STIM_START
197 1 2 7 1534312076 STIM_END_RESP_START
197 1 2 7 1534430384 LICK
197 1 2 7 1534430920 REWARD_START
197 1 2 7 1534576628 LICK
197 1 2 7 1534913000 LICK
197 1 2 7 1535512112 RESP_END
197 1 2 7 1534444000 REWARD_END
198 0 4 8 1537241680 STIM_START
198 0 4 8 1540678816 LICK
198 0 4 8 1540767108 STIM_END_RESP_START
198 0 4 8 1540832556 LICK
198 0 4 8 1540833088 TIMEOUT_START
198 0 4 8 1541012820 LICK
198 0 4 8 1541013352 TIMEOUT_START
198 0 4 8 1541670260 LICK
198 0 4 8 1541670792 TIMEOUT_START
198 0 4 8 1541967148 RESP_END
198 0 4 8 1548671340 TIMEOUT_END
199 1 2 8 1550373856 STIM_START
199 1 2 8 1553499236 STIM_END_RESP_START
199 1 2 8 1553777464 LICK
199 1 2 8 1553778004 REWARD_START
199 1 2 8 1553954836 LICK
199 1 2 8 1554134556 LICK
199 1 2 8 1554668112 LICK
199 1 2 8 1554699252 RESP_END
199 1 2 8 1553791064 REWARD_END
200 1 4 1 1556421844 STIM_START
200 1 4 1 1559947256 STIM_END_RESP_START
200 1 4 1 1560168356 LICK
200 1 4 1 1560168896 REWARD_START
200 1 4 1 1560306680 LICK
200 1 4 1 1560489856 LICK
200 1 4 1 1560824272 LICK
200 1 4 1 1561147300 RESP_END
200 1 4 1 1560181972 REWARD_END
201 2 1 10 1562859896 STIM_START
201 2 1 10 1565935276 STIM_END_RESP_START
201 2 1 10 1566220384 LICK
201 2 1 10 1566220920 REWARD_START
201 2 1 10 1566352260 LICK
201 2 1 10 1566840168 LICK
201 2 1 10 1567135316 RESP_END
201 2 1 10 1566233996 REWARD_END
202 0 5 2 1568941852 STIM_START
202 0 5 2 1570796112 LICK
202 0 5 2 1571036844 LICK
202 0 5 2 1572073308 LICK
202 0 5 2 1572675176 LICK
202 0 5 2 1572967336 STIM_END_RESP_START
202 0 5 2 1574167352 RESP_END
203 0 5 5 1575913984 STIM_START
203 0 5 5 1578990672 LICK
203 0 5 5 1579498516 LICK
203 0 5 5 1579939448 STIM_END_RESP_START
203 0 5 5 1581109992 LICK
203 0 5 5 1581110532 TIMEOUT_START
203 0 5 5 1581139476 RESP_END
203 0 5 5 1588111072 TIMEOUT_END
204 2 1 9 1589827268 STIM_START
204 2 1 9 1592902648 STIM_END_RESP_START
204 2 1 9 1594102664 RESP_END
205 0 1 3 1595813240 STIM_START
205 0 1 3 1598888620 STIM_END_RESP_START
205 0 1 3 1600088636 RESP_END
206 2 4 7 1601816160 STIM_START
206 2 4 7 1605341572 STIM_END_RESP_START
206 2 4 7 1605687384 LICK
206 2 4 7 1605687912 REWARD_START
206 2 4 7 1605856252 LICK
206 2 4 7 1606171248 LICK
206 2 4 7 1606505716 LICK
206 2 4 7 1606541608 RESP_END
206 2 4 7 1605700988 REWARD_END
207 0 1 6 1608247216 STIM_START
207 0 1 6 1610202712 LICK
207 0 1 6 1610407156 LICK
207 0 1 6 1610679472 LICK
207 0 1 6 1610876680 LICK
207 0 1 6 1611322576 STIM_END_RESP_START
207 0 1 6 1611735872 LICK
207 0 1 6 1611736408 TIMEOUT_START
207 0 1 6 1612433492 LICK
207 0 1 6 1612434024 TIMEOUT_START
207 0 1 6 1612522592 RESP_END
207 0 1 6 1619434564 TIMEOUT_END
208 1 3 10 1621158284 STIM_START
208 1 3 10 1621710368 LICK
208 1 3 10 1623560616 LICK
208 1 3 10 1624433676 STIM_END_RESP_START
208 1 3 10 1624789640 LICK
208 1 3 10 1624790180 REWARD_START
208 1 3 10 1625062344 LICK
208 1 3 10 1625633700 RESP_END
208 1 3 10 1624803252 REWARD_END
209 2 1 4 1627699328 STIM_START
209 2 1 4 1629090528 LICK
209 2 1 4 1629444576 LICK
209 2 1 4 1629658724 LICK
209 2 1 4 1629842252 LICK
209 2 1 4 1630774688 STIM_END_RESP_START
209 2 1 4 1630775224 LICK
209 2 1 4 1630775772 REWARD_START
209 2 1 4 1630990856 LICK
209 2 1 4 1631332028 LICK
209 2 1 4 1631692832 LICK
209 2 1 4 1631974728 RESP_END
209 2 1 4 1630788844 REWARD_END
210 2 3 7 1633700348 STIM_START
210 2 3 7 1635094460 LICK
210 2 3 7 1635311876 LICK
210 2 3 7 1635708552 LICK
210 2 3 7 1636833268 LICK
210 2 3 7 1636975716 STIM_END_RESP_START
210 2 3 7 1637032188 LICK
210 2 3 7 1637032720 REWARD_START
210 2 3 7 1637538300 LICK
210 2 3 7 1637740872 LICK
210 2 3 7 1638175740 RESP_END
210 2 3 7 1637045800 REWARD_END
211 0 1 8 1640529396 STIM_START
211 0 1 8 1642670696 LICK
211 0 1 8 1642900200 LICK
211 0 1 8 1643115064 LICK
211 0 1 8 1643310716 LICK
211 0 1 8 1643604764 STIM_END_RESP_START
211 0 1 8 1644219756 LICK
211 0 1 8 1644220288 TIMEOUT_START
211 0 1 8 1644804780 RESP_END
211 0 1 8 1651220832 TIMEOUT_END
212 1 1 4 1652930452 STIM_START
212 1 1 4 1653954588 LICK
212 1 1 4 1655249272 LICK
212 1 1 4 1656005836 STIM_END_RESP_START
212 1 1 4 1656157600 LICK
212 1 1 4 1656158132 REWARD_START
212 1 1 4 1656317776 LICK
212 1 1 4 1656776044 LICK
212 1 1 4 1657103316 LICK
212 1 1 4 1657205868 RESP_END
212 1 1 4 1656171208 REWARD_END
213 1 2 9 1658920436 STIM_START
213 1 2 9 1661668764 LICK
213 1 2 9 1661848884 LICK
213 1 2 9 1662029196 LICK
213 1 2 9 1662045792 STIM_END_RESP_START
213 1 2 9 1662245108 LICK
213 1 2 9 1662245640 REWARD_START
213 1 2 9 1662865920 LICK
213 1 2 9 1663229580 LICK
213 1 2 9 1663245840 RESP_END
213 1 2 9 1662258716 REWARD_END
214 0 1 3 1665290408 STIM_START
214 0 1 3 1667864848 LICK
214 0 1 3 1668070924 LICK
214 0 1 3 1668365760 STIM_END_RESP_START
214 0 1 3 1669565776 RESP_END
215 1 3 9 1671285420 STIM_START
215 1 3 9 1674560804 STIM_END_RESP_START
215 1 3 9 1674821496 LICK
215 1 3 9 1674822032 REWARD_START
215 1 3 9 1674983536 LICK
215 1 3 9 1675324688 LICK
215 1 3 9 1675641020 LICK
215 1 3 9 1675760844 RESP_END
215 1 3 9 1674835096 REWARD_END
216 0 5 6 1677553460 STIM_START
216 0 5 6 1680030380 LICK
216 0 5 6 1680176464 LICK
216 0 5 6 1680350404 LICK
216 0 5 6 1680550964 LICK
216 0 5 6 1680876384 LICK
216 0 5 6 1681578944 STIM_END_RESP_START
216 0 5 6 1681729600 LICK
216 0 5 6 1681730128 TIMEOUT_START
216 0 5 6 1682778956 RESP_END
216 0 5 6 1688730672 TIMEOUT_END
217 0 4 8 1690458504 STIM_START
217 0 4 8 1693566208 LICK
217 0 4 8 1693701964 LICK
217 0 4 8 1693938676 LICK
217 0 4 8 1693983932 STIM_END_RESP_START
217 0 4 8 1695183948 RESP_END
218 1 3 2 1696912572 STIM_START
218 1 3 2 1697280468 LICK
218 1 3 2 1697451304 LICK
218 1 3 2 1700028792 LICK
218 1 3 2 1700187944 STIM_END_RESP_START
218 1 3 2 1700287540 LICK
218 1 3 2 1700288072 REWARD_START
218 1 3 2 1700513456 LICK
218 1 3 2 1700809008 LICK
218 1 3 2 1701387992 RESP_END
218 1 3 2 1700301148 REWARD_END
219 2 3 10 1703389636 STIM_START
219 2 3 10 1705619616 LICK
219 2 3 10 1705759260 LICK
219 2 3 10 1706665016 STIM_END_RESP_START
219 2 3 10 1706748564 LICK
219 2 3 10 1706749100 REWARD_START
219 2 3 10 1706949248 LICK
219 2 3 10 1707276268 LICK
219 2 3 10 1707615904 LICK
219 2 3 10 1707788796 LICK
219 2 3 10 1707865056 RESP_END
219 2 3 10 1706762172 REWARD_END
220 2 5 9 1709731644 STIM_START
220 2 5 9 1712041124 LICK
220 2 5 9 1712235812 LICK
220 2 5 9 1712517984 LICK
220 2 5 9 1712979408 LICK
220 2 5 9 1713225904 LICK
220 2 5 9 1713701080 LICK
220 2 5 9 1713757116 STIM_END_RESP_START
220 2 5 9 1713941044 LICK
220 2 5 9 1713941580 REWARD_START
220 2 5 9 1714128984 LICK
220 2 5 9 1714442184 LICK
220 2 5 9 1714786328 LICK
220 2 5 9 1714957144 RESP_END
220 2 5 9 1713954652 REWARD_END
221 0 2 9 1717016820 STIM_START
221 0 2 9 1719215416 LICK
221 0 2 9 1719410844 LICK
221 0 2 9 1719966352 LICK
221 0 2 9 1720142184 STIM_END_RESP_START
221 0 2 9 1720910844 LICK
221 0 2 9 1720911380 TIMEOUT_START
221 0 2 9 1721342232 RESP_END
221 0 2 9 1727911928 TIMEOUT_END
222 0 3 1 1729622832 STIM_START
222 0 3 1 1732312936 LICK
222 0 3 1 1732502516 LICK
222 0 3 1 1732898220 STIM_END_RESP_START
222 0 3 1 1732933784 LICK
222 0 3 1 1732934316 TIMEOUT_START
222 0 3 1 1733168296 LICK
222 0 3 1 1733168828 TIMEOUT_START
222 0 3 1 1733904808 LICK
222 0 3 1 1733905336 TIMEOUT_START
222 0 3 1 1734098248 RESP_END
222 0 3 1 1740905880 TIMEOUT_END
223 0 3 1 1742616992 STIM_START
223 0 3 1 1745255488 LICK
223 0 3 1 1745446056 LICK
223 0 3 1 1745892400 STIM_END_RESP_START
223 0 3 1 1746784864 LICK
223 0 3 1 1746785400 TIMEOUT_START
223 0 3 1 1747092420 RESP_END
223 0 3 1 1753785940 TIMEOUT_END
224 1 2 10 1755515036 STIM_START
224 1 2 10 1758640412 STIM_END_RESP_START
224 1 2 10 1759087656 LICK
224 1 2 10 1759088192 REWARD_START
224 1 2 10 1759321516 LICK
224 1 2 10 1759759380 LICK
224 1 2 10 1759840452 RESP_END
224 1 2 10 1759101268 REWARD_END
225 0 5 5 1762703220 STIM_START
225 0 5 5 1764658564 LICK
225 0 5 5 1764879128 LICK
225 0 5 5 1765255996 LICK
225 0 5 5 1765875124 LICK
225 0 5 5 1766728672 STIM_END_RESP_START
225 0 5 5 1767354012 LICK
225 0 5 5 1767354548 TIMEOUT_START
225 0 5 5 1767928692 RESP_END
225 0 5 5 1774355080 TIMEOUT_END
226 0 3 9 1776074340 STIM_START
226 0 3 9 1779349724 STIM_END_RESP_START
226 0 3 9 1780549740 RESP_END
227 1 5 4 1782294396 STIM_START
227 1 5 4 1786319876 STIM_END_RESP_START
227 1 5 4 1787519888 RESP_END
228 1 4 8 1790529824 STIM_START
228 1 4 8 1793311376 LICK
228 1 4 8 1794055248 STIM_END_RESP_START
228 1 4 8 1794318908 LICK
228 1 4 8 1794319444 REWARD_START
228 1 4 8 1794694772 LICK
228 1 4 8 1795022576 LICK
228 1 4 8 1795255300 RESP_END
228 1 4 8 1794332516 REWARD_END
229 1 3 10 1797270856 STIM_START
229 1 3 10 1800546236 STIM_END_RESP_START
229 1 3 10 1800844960 LICK
229 1 3 10 1800845496 REWARD_START
229 1 3 10 1800972524 LICK
229 1 3 10 1801305088 LICK
229 1 3 10 1801646020 LICK
229 1 3 10 1801746268 RESP_END
229 1 3 10 1800858568 REWARD_END
230 0 3 8 1803547856 STIM_START
230 0 3 8 1806823232 STIM_END_RESP_START
230 0 3 8 1807298468 LICK
230 0 3 8 1807299004 TIMEOUT_START
230 0 3 8 1807542532 LICK
230 0 3 8 1807543064 TIMEOUT_START
230 0 3 8 1807857296 LICK
230 0 3 8 1807857832 TIMEOUT_START
230 0 3 8 1808023264 RESP_END
230 0 3 8 1814858376 TIMEOUT_END
231 2 2 9 1816572912 STIM_START
231 2 2 9 1819698292 STIM_END_RESP_START
231 2 2 9 1820898344 RESP_END
232 2 5 8 1822649904 STIM_START
232 2 5 8 1826675380 STIM_END_RESP_START
232 2 5 8 1826935656 LICK
232 2 5 8 1826936196 REWARD_START
232 2 5 8 1827132168 LICK
232 2 5 8 1827506392 LICK
232 2 5 8 1827875424 RESP_END
232 2 5 8 1826949256 REWARD_END
233 0 3 6 1830242156 STIM_START
233 0 3 6 1833517540 STIM_END_RESP_START
233 0 3 6 1834717560 RESP_END
234 1 2 3 1836422172 STIM_START
234 1 2 3 1836775816 LICK
234 1 2 3 1839203976 LICK
234 1 2 3 1839547536 STIM_END_RESP_START
234 1 2 3 1839699800 LICK
234 1 2 3 1839700340 REWARD_START
234 1 2 3 1839873568 LICK
234 1 2 3 1840193480 LICK
234 1 2 3 1840747572 RESP_END
234 1 2 3 1839713400 REWARD_END
235 2 2 2 1842458104 STIM_START
235 2 2 2 1845583476 STIM_END_RESP_START
235 2 2 2 1846783492 RESP_END
236 1 2 4 1848501068 STIM_START
236 1 2 4 1850899904 LICK
236 1 2 4 1851115224 LICK
236 1 2 4 1851252748 LICK
236 1 2 4 1851442708 LICK
236 1 2 4 1851626456 STIM_END_RESP_START
236 1 2 4 1851874784 LICK
236 1 2 4 1851875316 REWARD_START
236 1 2 4 1852088752 LICK
236 1 2 4 1852378688 LICK
236 1 2 4 1852567604 LICK
236 1 2 4 1852735856 LICK
236 1 2 4 1852826492 RESP_END
236 1 2 4 1851888392 REWARD_END
237 0 3 9 1854530056 STIM_START
237 0 3 9 1857805444 STIM_END_RESP_START
237 0 3 9 1859005496 RESP_END
238 2 4 6 1860743120 STIM_START
238 2 4 6 1864268532 STIM_END_RESP_START
238 2 4 6 1864582528 LICK
238 2 4 6 1864583060 REWARD_START
238 2 4 6 1864755144 LICK
238 2 4 6 1865110596 LICK
238 2 4 6 1865468548 RESP_END
238 2 4 6 1864596136 REWARD_END
239 0 4 2 1867699180 STIM_START
239 0 4 2 1871080548 LICK
239 0 4 2 1871224584 STIM_END_RESP_START
239 0 4 2 1871277788 LICK
239 0 4 2 1871278328 TIMEOUT_START
239 0 4 2 1871758792 LICK
239 0 4 2 1871759324 TIMEOUT_START
239 0 4 2 1871991692 LICK
239 0 4 2 1871992232 TIMEOUT_START
239 0 4 2 1872424632 RESP_END
239 0 4 2 1878992776 TIMEOUT_END
240 1 2 4 1880699324 STIM_START
240 1 2 4 1883824696 STIM_END_RESP_START
240 1 2 4 1884040988 LICK
240 1 2 4 1884041532 REWARD_START
240 1 2 4 1884203012 LICK
240 1 2 4 1884530628 LICK
240 1 2 4 1885024724 RESP_END
240 1 2 4 1884054612 REWARD_END
241 0 5 6 1887132360 STIM_START
241 0 5 6 1890650652 LICK
241 0 5 6 1890828328 LICK
241 0 5 6 1891157824 STIM_END_RESP_START
241 0 5 6 1892357840 RESP_END
242 0 4 2 1894083476 STIM_START
242 0 4 2 1897501020 LICK
242 0 4 2 1897608896 STIM_END_RESP_START
242 0 4 2 1897651292 LICK
242 0 4 2 1897651824 TIMEOUT_START
242 0 4 2 1898631140 LICK
242 0 4 2 1898631676 TIMEOUT_START
242 0 4 2 1898808908 RESP_END
242 0 4 2 1905632224 TIMEOUT_END
243 2 1 10 1907330660 STIM_START
243 2 1 10 1910406040 STIM_END_RESP_START
243 2 1 10 1911606052 RESP_END
244 1 3 3 1913333588 STIM_START
244 1 3 3 1913683268 LICK
244 1 3 3 1913868736 LICK
244 1 3 3 1914175804 LICK
244 1 3 3 1915120172 LICK
244 1 3 3 1915763912 LICK
244 1 3 3 1916197948 LICK
244 1 3 3 1916552436 LICK
244 1 3 3 1916608976 STIM_END_RESP_START
244 1 3 3 1916983088 LICK
244 1 3 3 1916983628 REWARD_START
244 1 3 3 1917187564 LICK
244 1 3 3 1917543700 LICK
244 1 3 3 1917809020 RESP_END
244 1 3 3 1916996688 REWARD_END
245 1 3 9 1920361740 STIM_START
245 1 3 9 1923637120 STIM_END_RESP_START
245 1 3 9 1923944720 LICK
245 1 3 9 1923945252 REWARD_START
245 1 3 9 1924118780 LICK
245 1 3 9 1924446332 LICK
245 1 3 9 1924750144 LICK
245 1 3 9 1924837144 RESP_END
245 1 3 9 1923958332 REWARD_END
246 0 3 3 1926851804 STIM_START
246 0 3 3 1930127180 STIM_END_RESP_START
246 0 3 3 1930418292 LICK
246 0 3 3 1930418824 TIMEOUT_START
246 0 3 3 1930616080 LICK
246 0 3 3 1930616612 TIMEOUT_START
246 0 3 3 1930997720 LICK
246 0 3 3 1930998260 TIMEOUT_START
246 0 3 3 1931327216 RESP_END
246 0 3 3 1937998804 TIMEOUT_END
247 0 2 6 1939711860 STIM_START
247 0 2 6 1942837232 STIM_END_RESP_START
247 0 2 6 1944037248 RESP_END
248 1 3 8 1945762860 STIM_START
248 1 3 8 1949038240 STIM_END_RESP_START
248 1 3 8 1949551988 LICK
248 1 3 8 1949552524 REWARD_START
248 1 3 8 1950002368 LICK
248 1 3 8 1950238264 RESP_END
248 1 3 8 1949565600 REWARD_END
249 0 1 4 1953115072 STIM_START
249 0 1 4 1956190460 STIM_END_RESP_START
249 0 1 4 1957390476 RESP_END
250 0 2 4 1961157352 STIM_START
250 0 2 4 1961991036 LICK
250 0 2 4 1962171332 LICK
250 0 2 4 1962394344 LICK
250 0 2 4 1963483696 LICK
250 0 2 4 1964241040 LICK
250 0 2 4 1964282708 STIM_END_RESP_START
250 0 2 4 1964451472 LICK
250 0 2 4 1964452012 TIMEOUT_START
250 0 2 4 1964882124 LICK
250 0 2 4 1964882656 TIMEOUT_START
250 0 2 4 1965482756 RESP_END
250 0 2 4 1971883204 TIMEOUT_END
251 0 5 3 1973631364 STIM_START
251 0 5 3 1977656840 STIM_END_RESP_START
251 0 5 3 1978856856 RESP_END
252 1 1 4 1983565028 STIM_START
252 1 1 4 1986640408 STIM_END_RESP_START
252 1 1 4 1986880716 LICK
252 1 1 4 1986881248 REWARD_START
252 1 1 4 1987208164 LICK
252 1 1 4 1987680380 LICK
252 1 1 4 1987840432 RESP_END
252 1 1 4 1986894324 REWARD_END
253 2 1 8 1989729980 STIM_START
253 2 1 8 1992564956 LICK
253 2 1 8 1992805328 STIM_END_RESP_START
253 2 1 8 1994005344 RESP_END
254 1 2 10 1995714972 STIM_START
254 1 2 10 1998840344 STIM_END_RESP_START
254 1 2 10 2000040360 RESP_END
255 0 2 4 2001752884 STIM_START
255 0 2 4 2004878256 STIM_END_RESP_START
255 0 2 4 2006078272 RESP_END
256 0 1 8 2007790880 STIM_START
256 0 1 8 2009803480 LICK
256 0 1 8 2010013256 LICK
256 0 1 8 2010429188 LICK
256 0 1 8 2010630484 LICK
256 0 1 8 2010866236 STIM_END_RESP_START
256 0 1 8 2011775392 LICK
256 0 1 8 2011775924 TIMEOUT_START
256 0 1 8 2012066256 RESP_END
256 0 1 8 2018776476 TIMEOUT_END
257 1 1 10 2020487980 STIM_START
257 1 1 10 2023563368 STIM_END_RESP_START
257 1 1 10 2024763420 RESP_END
258 1 4 3 2026489920 STIM_START
258 1 4 3 2030015328 STIM_END_RESP_START
258 1 4 3 2030293752 LICK
258 1 4 3 2030294292 REWARD_START
258 1 4 3 2030494576 LICK
258 1 4 3 2030798744 LICK
258 1 4 3 2031215364 RESP_END
258 1 4 3 2030307372 REWARD_END
259 1 3 2 2033593080 STIM_START
259 1 3 2 2036868464 STIM_END_RESP_START
259 1 3 2 2037068856 LICK
259 1 3 2 2037069388 REWARD_START
259 1 3 2 2037250524 LICK
259 1 3 2 2037402504 LICK
259 1 3 2 2037732624 LICK
259 1 3 2 2038068504 RESP_END
259 1 3 2 2037082468 REWARD_END
260 0 5 8 2039812068 STIM_START
260 0 5 8 2043373428 LICK
260 0 5 8 2043539072 LICK
260 0 5 8 2043729904 LICK
260 0 5 8 2043837544 STIM_END_RESP_START
260 0 5 8 2044203280 LICK
260 0 5 8 2044203816 TIMEOUT_START
260 0 5 8 2044976804 LICK
260 0 5 8 2044977340 TIMEOUT_START
260 0 5 8 2045037588 RESP_END
260 0 5 8 2051977876 TIMEOUT_END
261 1 4 8 2053702340 STIM_START
261 1 4 8 2057227756 STIM_END_RESP_START
261 1 4 8 2057490972 LICK
261 1 4 8 2057491508 REWARD_START
261 1 4 8 2057675488 LICK
261 1 4 8 2058231240 LICK
261 1 4 8 2058427788 RESP_END
261 1 4 8 2057504580 REWARD_END
262 0 2 5 2061224560 STIM_START
262 0 2 5 2064349932 STIM_END_RESP_START
262 0 2 5 2065549948 RESP_END
263 0 2 6 2067263620 STIM_START
263 0 2 6 2068560192 LICK
263 0 2 6 2069545628 LICK
263 0 2 6 2070310452 LICK
263 0 2 6 2070388992 STIM_END_RESP_START
263 0 2 6 2071080748 LICK
263 0 2 6 2071081284 TIMEOUT_START
263 0 2 6 2071589012 RESP_END
263 0 2 6 2078081812 TIMEOUT_END
264 0 4 9 2079809560 STIM_START
264 0 4 9 2082827468 LICK
264 0 4 9 2083334956 STIM_END_RESP_START
264 0 4 9 2083530976 LICK
264 0 4 9 2083531508 TIMEOUT_START
264 0 4 9 2083760732 LICK
264 0 4 9 2083761268 TIMEOUT_START
264 0 4 9 2083971760 LICK
264 0 4 9 2083972300 TIMEOUT_START
264 0 4 9 2084535000 RESP_END
264 0 4 9 2090972840 TIMEOUT_END
265 2 4 9 2092698684 STIM_START
265 2 4 9 2096224096 STIM_END_RESP_START
265 2 4 9 2096517048 LICK
265 2 4 9 2096517592 REWARD_START
265 2 4 9 2096715064 LICK
265 2 4 9 2097005688 LICK
265 2 4 9 2097424112 RESP_END
265 2 4 9 2096530672 REWARD_END
266 1 2 5 2099140736 STIM_START
266 1 2 5 2102266104 STIM_END_RESP_START
266 1 2 5 2102545476 LICK
266 1 2 5 2102546004 REWARD_START
266 1 2 5 2102724128 LICK
266 1 2 5 2103200948 LICK
266 1 2 5 2103466140 RESP_END
266 1 2 5 2102559080 REWARD_END
267 2 5 7 2105217660 STIM_START
267 2 5 7 2108592552 LICK
267 2 5 7 2108755064 LICK
267 2 5 7 2109117088 LICK
267 2 5 7 2109243152 STIM_END_RESP_START
267 2 5 7 2109923256 LICK
267 2 5 7 2109923792 REWARD_START
267 2 5 7 2110443200 RESP_END
267 2 5 7 2109936872 REWARD_END
268 0 5 8 2113116960 STIM_START
268 0 5 8 2116821764 LICK
268 0 5 8 2116991764 LICK
268 0 5 8 2117142420 STIM_END_RESP_START
268 0 5 8 2117648016 LICK
268 0 5 8 2117648552 TIMEOUT_START
268 0 5 8 2118342448 RESP_END
268 0 5 8 2124649092 TIMEOUT_END
269 2 3 8 2126369108 STIM_START
269 2 3 8 2129644488 STIM_END_RESP_START
269 2 3 8 2130844500 RESP_END
270 1 3 8 2132560108 STIM_START
270 1 3 8 2135835484 STIM_END_RESP_START
270 1 3 8 2136172388 LICK
270 1 3 8 2136172924 REWARD_START
270 1 3 8 2136333360 LICK
270 1 3 8 2136685944 LICK
270 1 3 8 2137035504 RESP_END
270 1 3 8 2136186004 REWARD_END
271 0 1 9 2138745088 STIM_START
271 0 1 9 2141820472 STIM_END_RESP_START
271 0 1 9 2143020488 RESP_END
272 1 1 10 2144731092 STIM_START
272 1 1 10 2145009200 LICK
272 1 1 10 2145434380 LICK
272 1 1 10 2146012448 LICK
272 1 1 10 2146207240 LICK
272 1 1 10 2146816828 LICK
272 1 1 10 2147806472 STIM_END_RESP_START
272 1 1 10 2148066268 LICK
272 1 1 10 2148066808 REWARD_START
272 1 1 10 2148269444 LICK
272 1 1 10 2148593112 LICK
272 1 1 10 2149006508 RESP_END
272 1 1 10 2148079884 REWARD_END
273 0 3 6 2150720048 STIM_START
273 0 3 6 2153995428 STIM_END_RESP_START
273 0 3 6 2155195444 RESP_END
274 1 4 2 2156925092 STIM_START
274 1 4 2 2157787948 LICK
274 1 4 2 2157996120 LICK
274 1 4 2 2158165984 LICK
274 1 4 2 2159019656 LICK
274 1 4 2 2160450524 STIM_END_RESP_START
274 1 4 2 2160752692 LICK
274 1 4 2 2160753220 REWARD_START
274 1 4 2 2160896012 LICK
274 1 4 2 2161088264 LICK
274 1 4 2 2161396048 LICK
274 1 4 2 2161650548 RESP_END
274 1 4 2 2160766296 REWARD_END
275 2 4 7 2163367084 STIM_START
275 2 4 7 2166892488 STIM_END_RESP_START
275 2 4 7 2167260344 LICK
275 2 4 7 2167260876 REWARD_START
275 2 4 7 2167430552 LICK
275 2 4 7 2167709860 LICK
275 2 4 7 2168092512 RESP_END
275 2 4 7 2167273952 REWARD_END
276 0 5 6 2169840248 STIM_START
276 0 5 6 2171874148 LICK
276 0 5 6 2172038472 LICK
276 0 5 6 2172451204 LICK
276 0 5 6 2173357276 LICK
276 0 5 6 2173520176 LICK
276 0 5 6 2173770112 LICK
276 0 5 6 2173865720 STIM_END_RESP_START
276 0 5 6 2174022832 LICK
276 0 5 6 2174023368 TIMEOUT_START
276 0 5 6 2175065768 RESP_END
276 0 5 6 2181023916 TIMEOUT_END
277 1 5 6 2182765232 STIM_START
277 1 5 6 2186790704 STIM_END_RESP_START
277 1 5 6 2187990720 RESP_END
278 1 3 9 2189706404 STIM_START
278 1 3 9 2192981780 STIM_END_RESP_START
278 1 3 9 2194181796 RESP_END
279 0 3 8 2195902376 STIM_START
279 0 3 8 2199177760 STIM_END_RESP_START
279 0 3 8 2200377780 RESP_END
280 1 2 9 2202086340 STIM_START
280 1 2 9 2205211716 STIM_END_RESP_START
280 1 2 9 2205945612 LICK
280 1 2 9 2205946148 REWARD_START
280 1 2 9 2206411752 RESP_END
280 1 2 9 2205959228 REWARD_END
281 0 2 10 2208123336 STIM_START
281 0 2 10 2208319580 LICK
281 0 2 10 2208445484 LICK
281 0 2 10 2208591852 LICK
281 0 2 10 2210004860 LICK
281 0 2 10 2210402196 LICK
281 0 2 10 2210894632 LICK
281 0 2 10 2211164148 LICK
281 0 2 10 2211248732 STIM_END_RESP_START
281 0 2 10 2211867312 LICK
281 0 2 10 2211867848 TIMEOUT_START
281 0 2 10 2212047296 LICK
281 0 2 10 2212047828 TIMEOUT_START
281 0 2 10 2212279848 LICK
281 0 2 10 2212280384 TIMEOUT_START
281 0 2 10 2212419588 LICK
281 0 2 10 2212420120 TIMEOUT_START
281 0 2 10 2212448780 RESP_END
281 0 2 10 2219420668 TIMEOUT_END
282 1 4 1 2224750004 STIM_START
282 1 4 1 2225555604 LICK
282 1 4 1 2228275420 STIM_END_RESP_START
282 1 4 1 2229475432 RESP_END
283 1 5 9 2231225052 STIM_START
283 1 5 9 2235250524 STIM_END_RESP_START
283 1 5 9 2235523716 LICK
283 1 5 9 2235524256 REWARD_START
283 1 5 9 2235705144 LICK
283 1 5 9 2236064408 LICK
283 1 5 9 2236233132 LICK
283 1 5 9 2236450536 RESP_END
283 1 5 9 2235537324 REWARD_END
284 0 5 4 2238185224 STIM_START
284 0 5 4 2241031424 LICK
284 0 5 4 2241206496 LICK
284 0 5 4 2241389472 LICK
284 0 5 4 2242210700 STIM_END_RESP_START
284 0 5 4 2243410716 RESP_END
285 0 3 6 2245132328 STIM_START
285 0 3 6 2248407704 STIM_END_RESP_START
285 0 3 6 2249607720 RESP_END
286 1 5 9 2251362368 STIM_START
286 1 5 9 2255387844 STIM_END_RESP_START
286 1 5 9 2255677548 LICK
286 1 5 9 2255678080 REWARD_START
286 1 5 9 2255840832 LICK
286 1 5 9 2256181016 LICK
286 1 5 9 2256502412 LICK
286 1 5 9 2256587868 RESP_END
286 1 5 9 2255691156 REWARD_END
287 1 4 1 2258323488 STIM_START
287 1 4 1 2261848896 STIM_END_RESP_START
287 1 4 1 2261933144 LICK
287 1 4 1 2261933676 REWARD_START
287 1 4 1 2262147884 LICK
287 1 4 1 2262452328 LICK
287 1 4 1 2262812064 LICK
287 1 4 1 2263048916 RESP_END
287 1 4 1 2261946756 REWARD_END
288 2 2 3 2264765524 STIM_START
288 2 2 3 2267890896 STIM_END_RESP_START
288 2 2 3 2268153536 LICK
288 2 2 3 2268154076 REWARD_START
288 2 2 3 2268517400 LICK
288 2 2 3 2268843632 LICK
288 2 2 3 2269090912 RESP_END
288 2 2 3 2268167152 REWARD_END
289 0 5 3 2271098580 STIM_START
289 0 5 3 2273577176 LICK
289 0 5 3 2273700720 LICK
289 0 5 3 2275124048 STIM_END_RESP_START
289 0 5 3 2276324064 RESP_END
290 0 4 10 2278046680 STIM_START
290 0 4 10 2280283376 LICK
290 0 4 10 2281572104 STIM_END_RESP_START
290 0 4 10 2282772120 RESP_END
291 1 5 8 2284521688 STIM_START
291 1 5 8 2288547164 STIM_END_RESP_START
291 1 5 8 2288839556 LICK
291 1 5 8 2288840096 REWARD_START
291 1 5 8 2289004056 LICK
291 1 5 8 2289340732 LICK
291 1 5 8 2289747176 RESP_END
291 1 5 8 2288853172 REWARD_END
292 2 3 7 2291576892 STIM_START
292 2 3 7 2294437556 LICK
292 2 3 7 2294642600 LICK
292 2 3 7 2294850536 LICK
292 2 3 7 2294852292 STIM_END_RESP_START
292 2 3 7 2295373236 LICK
292 2 3 7 2295373768 REWARD_START
292 2 3 7 2295559480 LICK
292 2 3 7 2295728756 LICK
292 2 3 7 2296052312 RESP_END
292 2 3 7 2295386848 REWARD_END
293 0 4 4 2298497992 STIM_START
293 0 4 4 2301198904 LICK
293 0 4 4 2301369428 LICK
293 0 4 4 2302023408 STIM_END_RESP_START
293 0 4 4 2303223424 RESP_END
294 0 3 4 2304942036 STIM_START
294 0 3 4 2305272988 LICK
294 0 3 4 2305445868 LICK
294 0 3 4 2306055776 LICK
294 0 3 4 2307009208 LICK
294 0 3 4 2307223572 LICK
294 0 3 4 2308217424 STIM_END_RESP_START
294 0 3 4 2309417440 RESP_END
295 0 3 4 2311137012 STIM_START
295 0 3 4 2314412396 STIM_END_RESP_START
295 0 3 4 2315612412 RESP_END
296 1 5 6 2317359032 STIM_START
296 1 5 6 2320055860 LICK
296 1 5 6 2321257628 LICK
296 1 5 6 2321384508 STIM_END_RESP_START
296 1 5 6 2321627844 LICK
296 1 5 6 2321628380 REWARD_START
296 1 5 6 2321814788 LICK
296 1 5 6 2322151964 LICK
296 1 5 6 2322466504 LICK
296 1 5 6 2322584520 RESP_END
296 1 5 6 2321641452 REWARD_END
297 1 2 3 2324297192 STIM_START
297 1 2 3 2327422564 STIM_END_RESP_START
297 1 2 3 2327609132 LICK
297 1 2 3 2327609672 REWARD_START
297 1 2 3 2327779376 LICK
297 1 2 3 2328107228 LICK
297 1 2 3 2328605480 LICK
297 1 2 3 2328622608 RESP_END
297 1 2 3 2327622752 REWARD_END
298 1 3 6 2330518172 STIM_START
298 1 3 6 2333793568 STIM_END_RESP_START
298 1 3 6 2334241540 LICK
298 1 3 6 2334242080 REWARD_START
298 1 3 6 2334434068 LICK
298 1 3 6 2334628804 LICK
298 1 3 6 2334947988 LICK
298 1 3 6 2334993600 RESP_END
298 1 3 6 2334255140 REWARD_END
299 0 3 3 2336855208 STIM_START
299 0 3 3 2340130584 STIM_END_RESP_START
299 0 3 3 2341330600 RESP_END
300 0 1 9 2343045212 STIM_START
300 0 1 9 2346120592 STIM_END_RESP_START
300 0 1 9 2347320608 RESP_END
301 1 1 5 2349030136 STIM_START
301 1 1 5 2352105524 STIM_END_RESP_START
301 1 1 5 2352439548 LICK
301 1 1 5 2352440084 REWARD_START
301 1 1 5 2352600560 LICK
301 1 1 5 2352922468 LICK
301 1 1 5 2353105984 LICK
301 1 1 5 2353305560 RESP_END
301 1 1 5 2352453160 REWARD_END
302 1 3 6 2355028176 STIM_START
302 1 3 6 2358303556 STIM_END_RESP_START
302 1 3 6 2358537856 LICK
302 1 3 6 2358538400 REWARD_START
302 1 3 6 2358691708 LICK
302 1 3 6 2359068464 LICK
302 1 3 6 2359399080 LICK
302 1 3 6 2359503588 RESP_END
302 1 3 6 2358551468 REWARD_END
303 0 2 8 2361471160 STIM_START
303 0 2 8 2364596532 STIM_END_RESP_START
303 0 2 8 2365574440 LICK
303 0 2 8 2365574972 TIMEOUT_START
303 0 2 8 2365754976 LICK
303 0 2 8 2365755512 TIMEOUT_START
303 0 2 8 2365796552 RESP_END
303 0 2 8 2372756056 TIMEOUT_END
304 0 3 6 2374470304 STIM_START
304 0 3 6 2374939552 LICK
304 0 3 6 2377745692 STIM_END_RESP_START
304 0 3 6 2378945704 RESP_END
305 0 4 9 2380671304 STIM_START
305 0 4 9 2384196720 STIM_END_RESP_START
305 0 4 9 2385396776 RESP_END
306 1 2 4 2387106316 STIM_START
306 1 2 4 2390089552 LICK
306 1 2 4 2390230288 LICK
306 1 2 4 2390231688 STIM_END_RESP_START
306 1 2 4 2390347124 LICK
306 1 2 4 2390347656 REWARD_START
306 1 2 4 2391431720 RESP_END
306 1 2 4 2390360740 REWARD_END
307 1 5 3 2394018432 STIM_START
307 1 5 3 2396739340 LICK
307 1 5 3 2397123756 LICK
307 1 5 3 2397628068 LICK
307 1 5 3 2398043912 STIM_END_RESP_START
307 1 5 3 2398246112 LICK
307 1 5 3 2398246644 REWARD_START
307 1 5 3 2398600716 LICK
307 1 5 3 2398978256 LICK
307 1 5 3 2399243948 RESP_END
307 1 5 3 2398259724 REWARD_END
308 1 1 3 2400959596 STIM_START
308 1 1 3 2402322356 LICK
308 1 1 3 2402520308 LICK
308 1 1 3 2402700980 LICK
308 1 1 3 2402913368 LICK
308 1 1 3 2404034944 STIM_END_RESP_START
308 1 1 3 2404993692 LICK
308 1 1 3 2404994232 REWARD_START
308 1 1 3 2405200108 LICK
308 1 1 3 2405234988 RESP_END
308 1 1 3 2405007304 REWARD_END
309 0 4 4 2407821664 STIM_START
309 0 4 4 2411198712 LICK
309 0 4 4 2411347092 STIM_END_RESP_START
309 0 4 4 2411354780 LICK
309 0 4 4 2411355320 TIMEOUT_START
309 0 4 4 2411563516 LICK
309 0 4 4 2411564056 TIMEOUT_START
309 0 4 4 2411790580 LICK
309 0 4 4 2411791112 TIMEOUT_START
309 0 4 4 2412547140 RESP_END
309 0 4 4 2418791660 TIMEOUT_END
310 1 4 8 2420510760 STIM_START
310 1 4 8 2424036168 STIM_END_RESP_START
310 1 4 8 2424339472 LICK
310 1 4 8 2424340008 REWARD_START
310 1 4 8 2424727868 LICK
310 1 4 8 2425223464 LICK
310 1 4 8 2425236204 RESP_END
310 1 4 8 2424353088 REWARD_END
311 2 2 1 2427309840 STIM_START
311 2 2 1 2430435224 STIM_END_RESP_START
311 2 2 1 2430723668 LICK
311 2 2 1 2430724208 REWARD_START
311 2 2 1 2430899644 LICK
311 2 2 1 2431241692 LICK
311 2 2 1 2431559880 LICK
311 2 2 1 2431635260 RESP_END
311 2 2 1 2430737280 REWARD_END
312 1 2 10 2433628892 STIM_START
312 1 2 10 2436754264 STIM_END_RESP_START
312 1 2 10 2437041868 LICK
312 1 2 10 2437042408 REWARD_START
312 1 2 10 2437208532 LICK
312 1 2 10 2437521388 LICK
312 1 2 10 2437855468 LICK
312 1 2 10 2437954300 RESP_END
312 1 2 10 2437055480 REWARD_END
313 0 2 6 2439768852 STIM_START
313 0 2 6 2442894224 STIM_END_RESP_START
313 0 2 6 2443737860 LICK
313 0 2 6 2443738400 TIMEOUT_START
313 0 2 6 2443923344 LICK
313 0 2 6 2443923880 TIMEOUT_START
313 0 2 6 2444094272 RESP_END
313 0 2 6 2450924420 TIMEOUT_END
314 2 5 2 2452670980 STIM_START
314 2 5 2 2456696456 STIM_END_RESP_START
314 2 5 2 2456940988 LICK
314 2 5 2 2456941524 REWARD_START
314 2 5 2 2457117364 LICK
314 2 5 2 2457314780 LICK
314 2 5 2 2457457540 LICK
314 2 5 2 2457896472 RESP_END
314 2 5 2 2456954604 REWARD_END
315 0 5 10 2460242196 STIM_START
315 0 5 10 2464267668 STIM_END_RESP_START
315 0 5 10 2465280764 LICK
315 0 5 10 2465281300 TIMEOUT_START
315 0 5 10 2465452288 LICK
315 0 5 10 2465452820 TIMEOUT_START
315 0 5 10 2465467680 RESP_END
315 0 5 10 2472453364 TIMEOUT_END
316 1 2 1 2474169452 STIM_START
316 1 2 1 2477294832 STIM_END_RESP_START
316 1 2 1 2477609904 LICK
316 1 2 1 2477610444 REWARD_START
316 1 2 1 2477801316 LICK
316 1 2 1 2478184936 LICK
316 1 2 1 2478494856 RESP_END
316 1 2 1 2477623524 REWARD_END
317 1 2 3 2480210420 STIM_START
317 1 2 3 2483335788 STIM_END_RESP_START
317 1 2 3 2484535804 RESP_END
318 1 3 10 2486260424 STIM_START
318 1 3 10 2489535808 STIM_END_RESP_START
318 1 3 10 2489796596 LICK
318 1 3 10 2489797136 REWARD_START
318 1 3 10 2489971360 LICK
318 1 3 10 2490501232 LICK
318 1 3 10 2490682480 LICK
318 1 3 10 2490735840 RESP_END
318 1 3 10 2489810216 REWARD_END
319 0 5 8 2492487404 STIM_START
319 0 5 8 2495627856 LICK
319 0 5 8 2495806008 LICK
319 0 5 8 2495993384 LICK
319 0 5 8 2496428452 LICK
319 0 5 8 2496512896 STIM_END_RESP_START
319 0 5 8 2497556900 LICK
319 0 5 8 2497557432 TIMEOUT_START
319 0 5 8 2497712912 RESP_END
319 0 5 8 2504557980 TIMEOUT_END
320 1 5 2 2506307672 STIM_START
320 1 5 2 2508350800 LICK
320 1 5 2 2508550952 LICK
320 1 5 2 2510333136 STIM_END_RESP_START
320 1 5 2 2510603256 LICK
320 1 5 2 2510603796 REWARD_START
320 1 5 2 2510759212 LICK
320 1 5 2 2511086684 LICK
320 1 5 2 2511533180 RESP_END
320 1 5 2 2510616876 REWARD_END
321 1 4 2 2513261792 STIM_START
321 1 4 2 2515813748 LICK
321 1 4 2 2515997556 LICK
321 1 4 2 2516360576 LICK
321 1 4 2 2516571044 LICK
321 1 4 2 2516787212 STIM_END_RESP_START
321 1 4 2 2516931904 LICK
321 1 4 2 2516932436 REWARD_START
321 1 4 2 2517133908 LICK
321 1 4 2 2517449756 LICK
321 1 4 2 2517759388 LICK
321 1 4 2 2517916856 LICK
321 1 4 2 2517987236 RESP_END
321 1 4 2 2516945512 REWARD_END
322 1 4 8 2519720812 STIM_START
322 1 4 8 2523246228 STIM_END_RESP_START
322 1 4 8 2523508836 LICK
322 1 4 8 2523509368 REWARD_START
322 1 4 8 2523651460 LICK
322 1 4 8 2523822932 LICK
322 1 4 8 2524010580 LICK
322 1 4 8 2524153040 LICK
322 1 4 8 2524446256 RESP_END
322 1 4 8 2523522444 REWARD_END
323 0 3 2 2526162984 STIM_START
323 0 3 2 2528887112 LICK
323 0 3 2 2529438392 STIM_END_RESP_START
323 0 3 2 2530638408 RESP_END
324 1 3 6 2532361936 STIM_START
324 1 3 6 2535637320 STIM_END_RESP_START
324 1 3 6 2536837340 RESP_END
325 0 4 9 2538556896 STIM_START
325 0 4 9 2541599672 LICK
325 0 4 9 2542082328 STIM_END_RESP_START
325 0 4 9 2543282344 RESP_END
326 1 3 9 2545001956 STIM_START
326 1 3 9 2548277344 STIM_END_RESP_START
326 1 3 9 2548613052 LICK
326 1 3 9 2548613592 REWARD_START
326 1 3 9 2548770952 LICK
326 1 3 9 2549091856 LICK
326 1 3 9 2549477392 RESP_END
326 1 3 9 2548626672 REWARD_END
327 0 1 10 2551471984 STIM_START
327 0 1 10 2554547336 STIM_END_RESP_START
327 0 1 10 2555747392 RESP_END
328 1 2 6 2557460956 STIM_START
328 1 2 6 2557517948 LICK
328 1 2 6 2557674648 LICK
328 1 2 6 2557862744 LICK
328 1 2 6 2558075532 LICK
328 1 2 6 2560586348 STIM_END_RESP_START
328 1 2 6 2561786364 RESP_END
329 1 4 5 2563510944 STIM_START
329 1 4 5 2567036360 STIM_END_RESP_START
329 1 4 5 2568236376 RESP_END
330 0 4 3 2569965988 STIM_START
330 0 4 3 2573491404 STIM_END_RESP_START
330 0 4 3 2574691420 RESP_END
331 1 5 4 2576434000 STIM_START
331 1 5 4 2580459472 STIM_END_RESP_START
331 1 5 4 2580989116 LICK
331 1 5 4 2580989648 REWARD_START
331 1 5 4 2581659492 RESP_END
331 1 5 4 2581002728 REWARD_END
332 1 1 2 2583369160 STIM_START
332 1 1 2 2586444540 STIM_END_RESP_START
332 1 1 2 2587644552 RESP_END
333 1 1 10 2589354136 STIM_START
333 1 1 10 2592429520 STIM_END_RESP_START
333 1 1 10 2593629532 RESP_END
334 0 1 2 2595336108 STIM_START
334 0 1 2 2598411452 STIM_END_RESP_START
334 0 1 2 2599611468 RESP_END
335 0 3 1 2601328076 STIM_START
335 0 3 1 2604603456 STIM_END_RESP_START
335 0 3 1 2605803468 RESP_END
336 0 5 7 2607546088 STIM_START
336 0 5 7 2611571564 STIM_END_RESP_START
336 0 5 7 2612771580 RESP_END
337 1 4 8 2614490192 STIM_START
337 1 4 8 2618015600 STIM_END_RESP_START
337 1 4 8 2619215620 RESP_END
338 1 4 5 2620933224 STIM_START
338 1 4 5 2624458632 STIM_END_RESP_START
338 1 4 5 2625658648 RESP_END
339 1 3 10 2627368252 STIM_START
339 1 3 10 2630643632 STIM_END_RESP_START
339 1 3 10 2631843644 RESP_END
340 0 4 4 2633573296 STIM_START
340 0 4 4 2637098708 STIM_END_RESP_START
340 0 4 4 2638298724 RESP_END
