001 0 0004561328 STIM_START
001 0 0008086760 STIM_END_RESP_START
001 0 0009286796 RESP_END
002 0 0011496472 STIM_START
002 0 0014771864 STIM_END_RESP_START
002 0 0015971880 RESP_END
003 1 0018188592 STIM_START
003 1 0021463984 STIM_END_RESP_START
003 1 0022296464 LICK
003 1 0022296904 REWARD_START
003 1 0022487640 LICK
003 1 0022664008 RESP_END
003 1 0022309872 REWARD_END
004 1 0026139880 STIM_START
004 1 0028370408 LICK
004 1 0028613568 LICK
004 1 0028831768 LICK
004 1 0029338344 LICK
004 1 0029415256 STIM_END_RESP_START
004 1 0029631140 LICK
004 1 0029631584 REWARD_START
004 1 0029710964 LICK
004 1 0029849452 LICK
004 1 0029998144 LICK
004 1 0030154580 LICK
004 1 0030334948 LICK
004 1 0030503424 LICK
004 1 0030615296 RESP_END
004 1 0029644552 REWARD_END
005 1 0032809980 STIM_START
005 1 0036472400 LICK
005 1 0036647464 LICK
005 1 0036835444 STIM_END_RESP_START
005 1 0036909440 LICK
005 1 0036909876 REWARD_START
005 1 0037034460 LICK
005 1 0037204044 LICK
005 1 0037335336 LICK
005 1 0037491480 LICK
005 1 0037667060 LICK
005 1 0037836408 LICK
005 1 0038035496 RESP_END
005 1 0036922852 REWARD_END
006 0 0040251168 STIM_START
006 0 0043994928 LICK
006 0 0044148368 LICK
006 0 0044276628 STIM_END_RESP_START
006 0 0044356624 LICK
006 0 0044357060 TIMEOUT_START
006 0 0045476672 RESP_END
006 0 0051357512 TIMEOUT_END
007 0 0053401288 STIM_START
007 0 0054118504 LICK
007 0 0054273524 LICK
007 0 0054478712 LICK
007 0 0054518424 LICK
007 0 0054734004 LICK
007 0 0054900568 LICK
007 0 0057426748 STIM_END_RESP_START
007 0 0058626764 RESP_END
008 1 0060633460 STIM_START
008 1 0064158872 STIM_END_RESP_START
008 1 0064519040 LICK
008 1 0064519480 REWARD_START
008 1 0064640332 LICK
008 1 0064944772 LICK
008 1 0065061672 LICK
008 1 0065221232 LICK
008 1 0065358904 RESP_END
008 1 0064532448 REWARD_END
009 1 0067884648 STIM_START
009 1 0069901196 LICK
009 1 0070062672 LICK
009 1 0070242792 LICK
009 1 0070455180 LICK
009 1 0070648664 LICK
009 1 0070868824 LICK
009 1 0071348528 LICK
009 1 0071910108 STIM_END_RESP_START
009 1 0072115860 LICK
009 1 0072116300 REWARD_START
009 1 0072201648 LICK
009 1 0072339756 LICK
009 1 0072493348 LICK
009 1 0072661456 LICK
009 1 0072817880 LICK
009 1 0073027492 LICK
009 1 0073110140 RESP_END
009 1 0072129268 REWARD_END
010 1 0075526864 STIM_START
010 1 0078817276 LICK
010 1 0078966712 LICK
010 1 0079052288 STIM_END_RESP_START
010 1 0079144560 LICK
010 1 0079145004 REWARD_START
010 1 0079323696 LICK
010 1 0079488012 LICK
010 1 0079615824 LICK
010 1 0079750672 LICK
010 1 0079897216 LICK
010 1 0080252324 RESP_END
010 1 0079157972 REWARD_END
011 0 0082263924 STIM_START
011 0 0082547264 LICK
011 0 0082723268 LICK
011 0 0083047696 LICK
011 0 0083222968 LICK
011 0 0083418420 LICK
011 0 0083972376 LICK
011 0 0084618052 LICK
011 0 0084834684 LICK
011 0 0086039364 STIM_END_RESP_START
011 0 0087239380 RESP_END
012 0 0089102088 STIM_START
012 0 0089527688 LICK
012 0 0089693020 LICK
012 0 0089922900 LICK
012 0 0090079068 LICK
012 0 0092020016 LICK
012 0 0092185544 LICK
012 0 0092627508 STIM_END_RESP_START
012 0 0093827524 RESP_END
013 1 0095758164 STIM_START
013 1 0096230768 LICK
013 1 0096374656 LICK
013 1 0099033560 STIM_END_RESP_START
013 1 0099293448 LICK
013 1 0099293884 REWARD_START
013 1 0099439080 LICK
013 1 0099766496 LICK
013 1 0099903032 LICK
013 1 0100052872 LICK
013 1 0100233588 RESP_END
013 1 0099306860 REWARD_END
014 1 0102413260 STIM_START
014 1 0103598640 LICK
014 1 0103747756 LICK
014 1 0105161672 LICK
014 1 0105360020 LICK
014 1 0105938680 STIM_END_RESP_START
014 1 0106268800 LICK
014 1 0106269284 REWARD_START
014 1 0106410496 LICK
014 1 0106573860 LICK
014 1 0106758800 LICK
014 1 0106908704 LICK
014 1 0107079164 LICK
014 1 0107138688 RESP_END
014 1 0106282304 REWARD_END
015 0 0109616448 STIM_START
015 0 0113391880 STIM_END_RESP_START
015 0 0114407916 LICK
015 0 0114408400 TIMEOUT_START
015 0 0114591908 RESP_END
015 0 0121408900 TIMEOUT_END
016 1 0123570668 STIM_START
016 1 0126509396 LICK
016 1 0126684500 LICK
016 1 0127096072 STIM_END_RESP_START
016 1 0127354212 LICK
016 1 0127354696 REWARD_START
016 1 0127522988 LICK
016 1 0127710496 LICK
016 1 0127845152 LICK
016 1 0127987032 LICK
016 1 0128153724 LICK
016 1 0128296112 RESP_END
016 1 0127367720 REWARD_END
017 0 0130764808 STIM_START
017 0 0134540272 STIM_END_RESP_START
017 0 0135740304 RESP_END
018 1 0137707968 STIM_START
018 1 0138102516 LICK
018 1 0138257984 LICK
018 1 0138460100 LICK
018 1 0139747632 LICK
018 1 0141483396 STIM_END_RESP_START
018 1 0141694312 LICK
018 1 0141694796 REWARD_START
018 1 0141905384 LICK
018 1 0142039168 LICK
018 1 0142168508 LICK
018 1 0142321756 LICK
018 1 0142485224 LICK
018 1 0142665272 LICK
018 1 0142683428 RESP_END
018 1 0141707820 REWARD_END
019 0 0144450048 STIM_START
019 0 0147296324 LICK
019 0 0147462624 LICK
019 0 0148225512 STIM_END_RESP_START
019 0 0149425544 RESP_END
020 1 0151618244 STIM_START
020 1 0153863804 LICK
020 1 0155393700 STIM_END_RESP_START
020 1 0155624724 LICK
020 1 0155625212 REWARD_START
020 1 0155782628 LICK
020 1 0156052588 LICK
020 1 0156220112 LICK
020 1 0156368956 LICK
020 1 0156544344 LICK
020 1 0156593740 RESP_END
020 1 0155638236 REWARD_END
021 0 0158763348 STIM_START
021 0 0160726684 LICK
021 0 0160926420 LICK
021 0 0162538808 STIM_END_RESP_START
021 0 0163738840 RESP_END
022 0 0165692496 STIM_START
022 0 0168967908 STIM_END_RESP_START
022 0 0170167940 RESP_END
023 0 0172293540 STIM_START
023 0 0175568960 STIM_END_RESP_START
023 0 0176768984 RESP_END
024 1 0178929684 STIM_START
024 1 0179634716 LICK
024 1 0179794672 LICK
024 1 0180978508 LICK
024 1 0181161648 LICK
024 1 0182455108 STIM_END_RESP_START
024 1 0182680804 LICK
024 1 0182681292 REWARD_START
024 1 0182882480 LICK
024 1 0183052552 LICK
024 1 0183166628 LICK
024 1 0183337120 LICK
024 1 0183499208 LICK
024 1 0183655148 RESP_END
024 1 0182694316 REWARD_END
025 1 0185922776 STIM_START
025 1 0189448200 STIM_END_RESP_START
025 1 0189765744 LICK
025 1 0189766228 REWARD_START
025 1 0189884576 LICK
025 1 0190038128 LICK
025 1 0190177068 LICK
025 1 0190341480 LICK
025 1 0190496568 LICK
025 1 0190648240 RESP_END
025 1 0189779252 REWARD_END
026 0 0192723904 STIM_START
026 0 0195999280 STIM_END_RESP_START
026 0 0197199316 RESP_END
027 0 0199247928 STIM_START
027 0 0199556176 LICK
027 0 0199756200 LICK
027 0 0199943800 LICK
027 0 0200221048 LICK
027 0 0200752912 LICK
027 0 0201310964 LICK
027 0 0201406176 LICK
027 0 0203023368 STIM_END_RESP_START
027 0 0204223396 RESP_END
028 0 0206335080 STIM_START
028 0 0206773792 LICK
028 0 0206938172 LICK
028 0 0210110524 STIM_END_RESP_START
028 0 0211310552 RESP_END
029 1 0213482240 STIM_START
029 1 0214541912 LICK
029 1 0215243160 LICK
029 1 0217257676 STIM_END_RESP_START
029 1 0217645332 LICK
029 1 0217645816 REWARD_START
029 1 0218457708 RESP_END
029 1 0217658836 REWARD_END
030 0 0220398360 STIM_START
030 0 0223923784 STIM_END_RESP_START
030 0 0225123820 RESP_END
031 1 0226934424 STIM_START
031 1 0230209804 STIM_END_RESP_START
031 1 0230598996 LICK
031 1 0230599480 REWARD_START
031 1 0230856672 LICK
031 1 0231100032 LICK
031 1 0231255416 LICK
031 1 0231399816 LICK
031 1 0231409824 RESP_END
031 1 0230612504 REWARD_END
032 0 0234025592 STIM_START
032 0 0237023156 LICK
032 0 0237159276 LICK
032 0 0237801056 STIM_END_RESP_START
032 0 0239001088 RESP_END
033 1 0240823624 STIM_START
033 1 0244349052 STIM_END_RESP_START
033 1 0244716468 LICK
033 1 0244716960 REWARD_START
033 1 0244818568 LICK
033 1 0244962628 LICK
033 1 0245091320 LICK
033 1 0245242924 LICK
033 1 0245402584 LICK
033 1 0245549080 RESP_END
033 1 0244729984 REWARD_END
034 0 0247784820 STIM_START
034 0 0251560256 STIM_END_RESP_START
034 0 0252760292 RESP_END
035 1 0254811936 STIM_START
035 1 0258087316 STIM_END_RESP_START
035 1 0259287348 RESP_END
036 1 0261217944 STIM_START
036 1 0264993376 STIM_END_RESP_START
036 1 0266193408 RESP_END
037 1 0267954084 STIM_START
037 1 0270617652 LICK
037 1 0270831828 LICK
037 1 0271223892 LICK
037 1 0271479488 STIM_END_RESP_START
037 1 0271937296 LICK
037 1 0271937788 REWARD_START
037 1 0272679508 RESP_END
037 1 0271950804 REWARD_END
038 0 0274507124 STIM_START
038 0 0277782500 STIM_END_RESP_START
038 0 0278982532 RESP_END
039 1 0280837100 STIM_START
039 1 0284612536 STIM_END_RESP_START
039 1 0285029152 LICK
039 1 0285029648 REWARD_START
039 1 0285170700 LICK
039 1 0285395380 LICK
039 1 0285546064 LICK
039 1 0285671200 LICK
039 1 0285812548 RESP_END
039 1 0285042664 REWARD_END
040 0 0288691376 STIM_START
040 0 0291966748 STIM_END_RESP_START
040 0 0293166784 RESP_END
041 1 0295275488 STIM_START
041 1 0295852824 LICK
041 1 0295995080 LICK
041 1 0296893048 LICK
041 1 0298550868 STIM_END_RESP_START
041 1 0298797976 LICK
041 1 0298798468 REWARD_START
041 1 0298880624 LICK
041 1 0299053120 LICK
041 1 0299221100 LICK
041 1 0299333652 LICK
041 1 0299480356 LICK
041 1 0299631844 LICK
041 1 0299750884 RESP_END
041 1 0298811476 REWARD_END
042 0 0301872548 STIM_START
042 0 0305397976 STIM_END_RESP_START
042 0 0306598012 RESP_END
043 1 0308617640 STIM_START
043 1 0309574352 LICK
043 1 0309770884 LICK
043 1 0309812020 LICK
043 1 0309986772 LICK
043 1 0310399252 LICK
043 1 0310429844 LICK
043 1 0310882604 LICK
043 1 0312643120 STIM_END_RESP_START
043 1 0313097588 LICK
043 1 0313098076 REWARD_START
043 1 0313213608 LICK
043 1 0313390860 LICK
043 1 0313513668 LICK
043 1 0313680372 LICK
043 1 0313808068 LICK
043 1 0313843164 RESP_END
043 1 0313111100 REWARD_END
044 0 0316338864 STIM_START
044 0 0320364348 STIM_END_RESP_START
044 0 0321564384 RESP_END
045 1 0323762116 STIM_START
045 1 0327787600 STIM_END_RESP_START
045 1 0328142320 LICK
045 1 0328142804 REWARD_START
045 1 0328301132 LICK
045 1 0328449632 LICK
045 1 0328566544 LICK
045 1 0328715948 LICK
045 1 0328871284 LICK
045 1 0328987656 RESP_END
045 1 0328155824 REWARD_END
046 0 0332927544 STIM_START
046 0 0336953020 STIM_END_RESP_START
046 0 0338153056 RESP_END
047 1 0340088736 STIM_START
047 1 0342983456 LICK
047 1 0343364116 STIM_END_RESP_START
047 1 0343790160 LICK
047 1 0343790652 REWARD_START
047 1 0343955780 LICK
047 1 0344209940 LICK
047 1 0344375724 LICK
047 1 0344537508 LICK
047 1 0344564132 RESP_END
047 1 0343803672 REWARD_END
048 1 0348911144 STIM_START
048 1 0352686580 STIM_END_RESP_START
048 1 0352933984 LICK
048 1 0352934468 REWARD_START
048 1 0353097548 LICK
048 1 0353263260 LICK
048 1 0353397512 LICK
048 1 0353701256 LICK
048 1 0353851244 LICK
048 1 0353886624 RESP_END
048 1 0352947492 REWARD_END
049 0 0356473364 STIM_START
049 0 0359748752 STIM_END_RESP_START
049 0 0360948788 RESP_END
050 1 0363068444 STIM_START
050 1 0363418372 LICK
050 1 0363582164 LICK
050 1 0363781712 LICK
050 1 0363979004 LICK
050 1 0366593840 STIM_END_RESP_START
050 1 0367013948 LICK
050 1 0367014432 REWARD_START
050 1 0367151892 LICK
050 1 0367324652 LICK
050 1 0367507500 LICK
050 1 0367657080 LICK
050 1 0367793872 RESP_END
050 1 0367027436 REWARD_END
051 1 0370168560 STIM_START
051 1 0373943996 STIM_END_RESP_START
051 1 0374355576 LICK
051 1 0374356068 REWARD_START
051 1 0374474904 LICK
051 1 0374645856 LICK
051 1 0374788824 LICK
051 1 0374941476 LICK
051 1 0375091496 LICK
051 1 0375144008 RESP_END
051 1 0374369084 REWARD_END
USER_EXIT