001 0 0050180396 STIM_START
001 0 0053705804 STIM_END_RESP_START
001 0 0054905852 RESP_END
002 0 0057153512 STIM_START
002 0 0060928968 STIM_END_RESP_START
002 0 0061818192 LICK
002 0 0061818632 TIMEOUT_START
002 0 0062129000 RESP_END
002 0 0068819088 TIMEOUT_END
003 0 0071063740 STIM_START
003 0 0074589144 STIM_END_RESP_START
003 0 0075789160 RESP_END
004 1 0077998852 STIM_START
004 1 0081274256 STIM_END_RESP_START
004 1 0082474272 RESP_END
005 1 0084290840 STIM_START
005 1 0087566236 STIM_END_RESP_START
005 1 0088766252 RESP_END
006 0 0090920888 STIM_START
006 0 0094196288 STIM_END_RESP_START
006 0 0095396308 RESP_END
007 0 0097429904 STIM_START
007 0 0101205360 STIM_END_RESP_START
007 0 0102405392 RESP_END
008 1 0104425024 STIM_START
008 1 0108200452 STIM_END_RESP_START
008 1 0108634016 LICK
008 1 0108634504 REWARD_START
008 1 0108802128 LICK
008 1 0109231316 LICK
008 1 0109400476 RESP_END
008 1 0108647528 REWARD_END
009 1 0111785196 STIM_START
009 1 0115310620 STIM_END_RESP_START
009 1 0115591156 LICK
009 1 0115591648 REWARD_START
009 1 0115733528 LICK
009 1 0116125556 LICK
009 1 0116294108 LICK
009 1 0116510664 RESP_END
009 1 0115604652 REWARD_END
010 0 0118411252 STIM_START
010 0 0121086532 LICK
010 0 0121294312 LICK
010 0 0121686624 STIM_END_RESP_START
010 0 0122886656 RESP_END
011 1 0124919284 STIM_START
011 1 0127553772 LICK
011 1 0127787204 LICK
011 1 0128944752 STIM_END_RESP_START
011 1 0129464656 LICK
011 1 0129465140 REWARD_START
011 1 0130144776 RESP_END
011 1 0129478160 REWARD_END
012 1 0132003596 STIM_START
012 1 0135278972 STIM_END_RESP_START
012 1 0135795412 LICK
012 1 0135795904 REWARD_START
012 1 0136031036 LICK
012 1 0136316708 LICK
012 1 0136479020 RESP_END
012 1 0135808920 REWARD_END
013 0 0139269592 STIM_START
013 0 0143295068 STIM_END_RESP_START
013 0 0144495104 RESP_END
014 1 0146635764 STIM_START
014 1 0149434628 LICK
014 1 0149652464 LICK
014 1 0149835020 LICK
014 1 0149911164 STIM_END_RESP_START
014 1 0150387448 LICK
014 1 0150387940 REWARD_START
014 1 0150589380 LICK
014 1 0150896192 LICK
014 1 0151111204 RESP_END
014 1 0150400956 REWARD_END
015 1 0153962992 STIM_START
015 1 0157988472 STIM_END_RESP_START
015 1 0158428208 LICK
015 1 0158428692 REWARD_START
015 1 0158635180 LICK
015 1 0158938924 LICK
015 1 0159059628 LICK
015 1 0159188500 RESP_END
015 1 0158441696 REWARD_END
016 1 0161760128 STIM_START
016 1 0164705424 LICK
016 1 0164946696 LICK
016 1 0165374928 LICK
016 1 0165617456 LICK
016 1 0165785584 STIM_END_RESP_START
016 1 0165912340 LICK
016 1 0165912828 REWARD_START
016 1 0166337208 LICK
016 1 0166482420 LICK
016 1 0166636200 LICK
016 1 0166938904 LICK
016 1 0166985604 RESP_END
016 1 0165925844 REWARD_END
017 0 0169034312 STIM_START
017 0 0172869620 LICK
017 0 0173059760 STIM_END_RESP_START
017 0 0173195620 LICK
017 0 0173196104 TIMEOUT_START
017 0 0173394556 LICK
017 0 0173395044 TIMEOUT_START
017 0 0174259792 RESP_END
017 0 0180395548 TIMEOUT_END
018 1 0182380456 STIM_START
018 1 0186405940 STIM_END_RESP_START
018 1 0186625384 LICK
018 1 0186625868 REWARD_START
018 1 0186709528 LICK
018 1 0186980828 LICK
018 1 0187154016 LICK
018 1 0187293120 LICK
018 1 0187473072 LICK
018 1 0187605980 RESP_END
018 1 0186638888 REWARD_END
019 0 0189359576 STIM_START
019 0 0192712220 LICK
019 0 0192885000 STIM_END_RESP_START
019 0 0193315796 LICK
019 0 0193316288 TIMEOUT_START
019 0 0193734808 LICK
019 0 0193735292 TIMEOUT_START
019 0 0193959196 LICK
019 0 0193959680 TIMEOUT_START
019 0 0194085040 RESP_END
019 0 0200960188 TIMEOUT_END
020 1 0203153740 STIM_START
020 1 0206929176 STIM_END_RESP_START
020 1 0207032716 LICK
020 1 0207033204 REWARD_START
020 1 0207269372 LICK
020 1 0207557684 LICK
020 1 0207725756 LICK
020 1 0207870008 LICK
020 1 0208036536 LICK
020 1 0208129208 RESP_END
020 1 0207046224 REWARD_END
021 0 0210412884 STIM_START
021 0 0214438360 STIM_END_RESP_START
021 0 0215638392 RESP_END
022 0 0217613092 STIM_START
022 0 0219931332 LICK
022 0 0221388544 STIM_END_RESP_START
022 0 0222588580 RESP_END
023 0 0224734200 STIM_START
023 0 0228009580 STIM_END_RESP_START
023 0 0229209616 RESP_END
024 1 0231372284 STIM_START
024 1 0233705352 LICK
024 1 0234312628 LICK
024 1 0234590100 LICK
024 1 0234897696 STIM_END_RESP_START
024 1 0235306236 LICK
024 1 0235306724 REWARD_START
024 1 0235564388 LICK
024 1 0235850376 LICK
024 1 0236033612 LICK
024 1 0236097708 RESP_END
024 1 0235319748 REWARD_END
025 1 0239007492 STIM_START
025 1 0243032972 STIM_END_RESP_START
025 1 0243281756 LICK
025 1 0243282248 REWARD_START
025 1 0243483208 LICK
025 1 0243639460 LICK
025 1 0243824236 LICK
025 1 0243962244 LICK
025 1 0244233016 RESP_END
025 1 0243295272 REWARD_END
026 0 0246526644 STIM_START
026 0 0250302076 STIM_END_RESP_START
026 0 0250323592 LICK
026 0 0250324084 TIMEOUT_START
026 0 0250540192 LICK
026 0 0250540676 TIMEOUT_START
026 0 0250769076 LICK
026 0 0250769568 TIMEOUT_START
026 0 0250983556 LICK
026 0 0250984044 TIMEOUT_START
026 0 0251388536 LICK
026 0 0251389028 TIMEOUT_START
026 0 0251502108 RESP_END
026 0 0258389532 TIMEOUT_END
027 1 0260443908 STIM_START
027 1 0264104800 LICK
027 1 0264219348 STIM_END_RESP_START
027 1 0264308192 LICK
027 1 0264308676 REWARD_START
027 1 0264686780 LICK
027 1 0264985800 LICK
027 1 0265156888 LICK
027 1 0265419380 RESP_END
027 1 0264321696 REWARD_END
028 1 0268390144 STIM_START
028 1 0270845788 LICK
028 1 0270912272 LICK
028 1 0271082112 LICK
028 1 0271273440 LICK
028 1 0271525512 LICK
028 1 0271771808 LICK
028 1 0272415608 STIM_END_RESP_START
028 1 0272648996 LICK
028 1 0272649484 REWARD_START
028 1 0272885696 LICK
028 1 0273033240 LICK
028 1 0273202912 LICK
028 1 0273517920 LICK
028 1 0273615652 RESP_END
028 1 0272662500 REWARD_END
029 0 0276356412 STIM_START
029 0 0279881836 STIM_END_RESP_START
029 0 0281081872 RESP_END
030 0 0283007448 STIM_START
030 0 0286469032 LICK
030 0 0286532844 STIM_END_RESP_START
030 0 0286698076 LICK
030 0 0286698568 TIMEOUT_START
030 0 0286880452 LICK
030 0 0286880940 TIMEOUT_START
030 0 0287143636 LICK
030 0 0287144128 TIMEOUT_START
030 0 0287449012 LICK
030 0 0287449504 TIMEOUT_START
030 0 0287732884 RESP_END
030 0 0294450004 TIMEOUT_END
031 0 0296277616 STIM_START
031 0 0296851264 LICK
031 0 0300053052 STIM_END_RESP_START
031 0 0300874432 LICK
031 0 0300874924 TIMEOUT_START
031 0 0301082904 LICK
031 0 0301083388 TIMEOUT_START
031 0 0301123416 LICK
031 0 0301123908 TIMEOUT_START
031 0 0301253088 RESP_END
031 0 0308124416 TIMEOUT_END
032 1 0309952764 STIM_START
032 1 0313478192 STIM_END_RESP_START
032 1 0314678220 RESP_END
033 1 0316501780 STIM_START
033 1 0319777160 STIM_END_RESP_START
033 1 0320587580 LICK
033 1 0320588072 REWARD_START
033 1 0320977176 RESP_END
033 1 0320601096 REWARD_END
034 0 0322712752 STIM_START
034 0 0325261144 LICK
034 0 0325564548 LICK
034 0 0325844284 LICK
034 0 0325996112 LICK
034 0 0326154168 LICK
034 0 0326738228 STIM_END_RESP_START
034 0 0327938264 RESP_END
035 0 0330020928 STIM_START
035 0 0332924384 LICK
035 0 0333123828 LICK
035 0 0333644960 LICK
035 0 0333916204 LICK
035 0 0334046380 STIM_END_RESP_START
035 0 0335246408 RESP_END
036 0 0337158092 STIM_START
036 0 0340433472 STIM_END_RESP_START
036 0 0341633508 RESP_END
037 1 0343406092 STIM_START
037 1 0347181524 STIM_END_RESP_START
037 1 0347919908 LICK
037 1 0347920400 REWARD_START
037 1 0348381572 RESP_END
037 1 0347933416 REWARD_END
038 0 0350199156 STIM_START
038 0 0353724584 STIM_END_RESP_START
038 0 0354924620 RESP_END
039 1 0356761236 STIM_START
039 1 0360536672 STIM_END_RESP_START
039 1 0360829252 LICK
039 1 0360829740 REWARD_START
039 1 0361103340 LICK
039 1 0361376176 LICK
039 1 0361661660 LICK
039 1 0361736684 RESP_END
039 1 0360842760 REWARD_END
040 0 0365095532 STIM_START
040 0 0368808848 LICK
040 0 0368870968 STIM_END_RESP_START
040 0 0368992176 LICK
040 0 0368992664 TIMEOUT_START
040 0 0369204752 LICK
040 0 0369205236 TIMEOUT_START
040 0 0369717788 LICK
040 0 0369718268 TIMEOUT_START
040 0 0370071016 RESP_END
040 0 0376718784 TIMEOUT_END
041 1 0378823720 STIM_START
041 1 0382349140 STIM_END_RESP_START
041 1 0382611352 LICK
041 1 0382611844 REWARD_START
041 1 0382916192 LICK
041 1 0383194152 LICK
041 1 0383348992 LICK
041 1 0383495504 LICK
041 1 0383549180 RESP_END
041 1 0382624868 REWARD_END
042 0 0386153884 STIM_START
042 0 0390088240 LICK
042 0 0390179360 STIM_END_RESP_START
042 0 0390578820 LICK
042 0 0390579312 TIMEOUT_START
042 0 0390801116 LICK
042 0 0390801608 TIMEOUT_START
042 0 0391379404 RESP_END
042 0 0397802104 TIMEOUT_END
043 0 0399825020 STIM_START
043 0 0402312816 LICK
043 0 0402530868 LICK
043 0 0403240224 LICK
043 0 0403350420 STIM_END_RESP_START
043 0 0404192588 LICK
043 0 0404193072 TIMEOUT_START
043 0 0404439012 LICK
043 0 0404439508 TIMEOUT_START
043 0 0404550460 RESP_END
043 0 0411440008 TIMEOUT_END
044 0 0413312156 STIM_START
044 0 0416726448 LICK
044 0 0416837560 STIM_END_RESP_START
044 0 0417009404 LICK
044 0 0417009896 TIMEOUT_START
044 0 0417242968 LICK
044 0 0417243460 TIMEOUT_START
044 0 0417757164 LICK
044 0 0417757656 TIMEOUT_START
044 0 0418037580 RESP_END
044 0 0424758164 TIMEOUT_END
045 1 0426909364 STIM_START
045 1 0430184744 STIM_END_RESP_START
045 1 0430541416 LICK
045 1 0430541908 REWARD_START
045 1 0430729604 LICK
045 1 0430982740 LICK
045 1 0431136124 LICK
045 1 0431289484 LICK
045 1 0431384792 RESP_END
045 1 0430554924 REWARD_END
046 1 0434066472 STIM_START
046 1 0437630776 LICK
046 1 0437841912 STIM_END_RESP_START
046 1 0438034288 LICK
046 1 0438034780 REWARD_START
046 1 0438207984 LICK
046 1 0438400168 LICK
046 1 0438535480 LICK
046 1 0438712568 LICK
046 1 0438839620 LICK
046 1 0439041920 RESP_END
046 1 0438047804 REWARD_END
047 0 0441335656 STIM_START
047 0 0444058640 LICK
047 0 0444611040 STIM_END_RESP_START
047 0 0444844412 LICK
047 0 0444844896 TIMEOUT_START
047 0 0445319508 LICK
047 0 0445319992 TIMEOUT_START
047 0 0445536444 LICK
047 0 0445536928 TIMEOUT_START
047 0 0445811072 RESP_END
047 0 0452537440 TIMEOUT_END
048 0 0454684728 STIM_START
048 0 0458542588 LICK
048 0 0458710216 STIM_END_RESP_START
048 0 0459910252 RESP_END
049 1 0462016956 STIM_START
049 1 0466042436 STIM_END_RESP_START
049 1 0466480792 LICK
049 1 0466481284 REWARD_START
049 1 0466628180 LICK
049 1 0466922324 LICK
049 1 0467068428 LICK
049 1 0467219528 LICK
049 1 0467242468 RESP_END
049 1 0466494300 REWARD_END
050 1 0470188220 STIM_START
050 1 0473787848 LICK
050 1 0473984804 LICK
050 1 0474213688 STIM_END_RESP_START
050 1 0474478828 LICK
050 1 0474479312 REWARD_START
050 1 0474665940 LICK
050 1 0474820100 LICK
050 1 0474973220 LICK
050 1 0475112064 LICK
050 1 0475267864 LICK
050 1 0475413732 RESP_END
050 1 0474492340 REWARD_END
051 1 0477355376 STIM_START
051 1 0481130808 STIM_END_RESP_START
051 1 0481309868 LICK
051 1 0481310352 REWARD_START
051 1 0481503944 LICK
051 1 0481638976 LICK
051 1 0481809344 LICK
051 1 0481941592 LICK
051 1 0482086196 LICK
051 1 0482330852 RESP_END
051 1 0481323376 REWARD_END
052 0 0484223468 STIM_START
052 0 0487151152 LICK
052 0 0487498860 STIM_END_RESP_START
052 0 0487988064 LICK
052 0 0487988556 TIMEOUT_START
052 0 0488375828 LICK
052 0 0488376312 TIMEOUT_START
052 0 0488698912 RESP_END
052 0 0495376824 TIMEOUT_END
053 1 0497343512 STIM_START
053 1 0499912792 LICK
053 1 0500466412 LICK
053 1 0500866576 LICK
053 1 0501118952 STIM_END_RESP_START
053 1 0501328512 LICK
053 1 0501329004 REWARD_START
053 1 0501510764 LICK
053 1 0501658184 LICK
053 1 0501803092 LICK
053 1 0501939740 LICK
053 1 0502087868 LICK
053 1 0502226004 LICK
053 1 0502318980 RESP_END
053 1 0501342024 REWARD_END
054 0 0505867948 STIM_START
054 0 0509643384 STIM_END_RESP_START
054 0 0510590732 LICK
054 0 0510591224 TIMEOUT_START
054 0 0510843432 RESP_END
054 0 0517591728 TIMEOUT_END
055 0 0519409072 STIM_START
055 0 0522684452 STIM_END_RESP_START
055 0 0523150828 LICK
055 0 0523151312 TIMEOUT_START
055 0 0523568204 LICK
055 0 0523568692 TIMEOUT_START
055 0 0523803692 LICK
055 0 0523804176 TIMEOUT_START
055 0 0523884472 RESP_END
055 0 0530804680 TIMEOUT_END
056 0 0532910184 STIM_START
056 0 0536185556 STIM_END_RESP_START
056 0 0537385592 RESP_END
057 1 0539553264 STIM_START
057 1 0543445364 LICK
057 1 0543578716 STIM_END_RESP_START
057 1 0543705456 LICK
057 1 0543705944 REWARD_START
057 1 0543865220 LICK
057 1 0544190512 LICK
057 1 0544320000 LICK
057 1 0544502000 LICK
057 1 0544614508 LICK
057 1 0544778748 RESP_END
057 1 0543718964 REWARD_END
058 1 0547261520 STIM_START
058 1 0550536896 STIM_END_RESP_START
058 1 0550824672 LICK
058 1 0550825164 REWARD_START
058 1 0550940296 LICK
058 1 0551097756 LICK
058 1 0551250144 LICK
058 1 0551384076 LICK
058 1 0551545576 LICK
058 1 0551685420 LICK
058 1 0551736912 RESP_END
058 1 0550838180 REWARD_END
059 0 0554019556 STIM_START
059 0 0557553348 LICK
059 0 0557774496 LICK
059 0 0557795004 STIM_END_RESP_START
059 0 0558563760 LICK
059 0 0558564244 TIMEOUT_START
059 0 0558995036 RESP_END
059 0 0565564748 TIMEOUT_END
060 0 0567544716 STIM_START
060 0 0571320148 STIM_END_RESP_START
060 0 0571412688 LICK
060 0 0571413172 TIMEOUT_START
060 0 0571594896 LICK
060 0 0571595380 TIMEOUT_START
060 0 0571633644 LICK
060 0 0571634136 TIMEOUT_START
060 0 0571841584 LICK
060 0 0571842072 TIMEOUT_START
060 0 0572038368 LICK
060 0 0572038852 TIMEOUT_START
060 0 0572520188 RESP_END
060 0 0579039356 TIMEOUT_END
061 1 0581285904 STIM_START
061 1 0583722560 LICK
061 1 0583907652 LICK
061 1 0584774032 LICK
061 1 0585311348 STIM_END_RESP_START
061 1 0585634340 LICK
061 1 0585634832 REWARD_START
061 1 0585854672 LICK
061 1 0585999164 LICK
061 1 0586164752 LICK
061 1 0586288184 LICK
061 1 0586430204 LICK
061 1 0586511396 RESP_END
061 1 0585647852 REWARD_END
062 1 0588942068 STIM_START
062 1 0592217448 STIM_END_RESP_START
062 1 0592479736 LICK
062 1 0592480220 REWARD_START
062 1 0592683868 LICK
062 1 0592935636 LICK
062 1 0593111524 LICK
062 1 0593227532 LICK
062 1 0593360268 LICK
062 1 0593417464 RESP_END
062 1 0592493244 REWARD_END
063 0 0596145264 STIM_START
063 0 0599241476 LICK
063 0 0599393904 LICK
063 0 0599660700 LICK
063 0 0600042136 LICK
063 0 0600170740 STIM_END_RESP_START
063 0 0600229524 LICK
063 0 0600230012 TIMEOUT_START
063 0 0600260396 LICK
063 0 0600260888 TIMEOUT_START
063 0 0600473896 LICK
063 0 0600474380 TIMEOUT_START
063 0 0600792780 LICK
063 0 0600793272 TIMEOUT_START
063 0 0601340160 LICK
063 0 0601340644 TIMEOUT_START
063 0 0601370760 RESP_END
063 0 0608341152 TIMEOUT_END
064 0 0610362532 STIM_START
064 0 0614137964 STIM_END_RESP_START
064 0 0614404812 LICK
064 0 0614405300 TIMEOUT_START
064 0 0614593572 LICK
064 0 0614594056 TIMEOUT_START
064 0 0615338012 RESP_END
064 0 0621594564 TIMEOUT_END
065 1 0623400580 STIM_START
065 1 0626922908 LICK
065 1 0627110908 LICK
065 1 0627176024 STIM_END_RESP_START
065 1 0627293992 LICK
065 1 0627294484 REWARD_START
065 1 0627348936 LICK
065 1 0627622896 LICK
065 1 0627782796 LICK
065 1 0627937684 LICK
065 1 0628073604 LICK
065 1 0628236288 LICK
065 1 0628376056 RESP_END
065 1 0627307500 REWARD_END
066 1 0631185808 STIM_START
066 1 0635211288 STIM_END_RESP_START
066 1 0635264384 LICK
066 1 0635264872 REWARD_START
066 1 0635503236 LICK
066 1 0635640820 LICK
066 1 0635776516 LICK
066 1 0635950056 LICK
066 1 0636082136 LICK
066 1 0636411296 RESP_END
066 1 0635277892 REWARD_END
067 0 0638278924 STIM_START
067 0 0640056720 LICK
067 0 0640605108 LICK
067 0 0641017004 LICK
067 0 0641048148 LICK
067 0 0641648836 LICK
067 0 0641696024 LICK
067 0 0641906524 LICK
067 0 0642304380 STIM_END_RESP_START
067 0 0643504416 RESP_END
068 0 0645273028 STIM_START
068 0 0648548408 STIM_END_RESP_START
068 0 0648739416 LICK
068 0 0648739908 TIMEOUT_START
068 0 0648989028 LICK
068 0 0648989512 TIMEOUT_START
068 0 0649748436 RESP_END
068 0 0655990020 TIMEOUT_END
069 1 0658205088 STIM_START
069 1 0661730512 STIM_END_RESP_START
069 1 0662045064 LICK
069 1 0662045552 REWARD_START
069 1 0662367444 LICK
069 1 0662680908 LICK
069 1 0662794644 LICK
069 1 0662930548 RESP_END
069 1 0662058572 REWARD_END
070 1 0665306220 STIM_START
070 1 0667221340 LICK
070 1 0667578256 LICK
070 1 0668831624 STIM_END_RESP_START
070 1 0669140488 LICK
070 1 0669140972 REWARD_START
070 1 0669316756 LICK
070 1 0669491940 LICK
070 1 0669604256 LICK
070 1 0669751604 LICK
070 1 0669897052 LICK
070 1 0670031652 RESP_END
070 1 0669153996 REWARD_END
071 0 0672570396 STIM_START
071 0 0676395456 LICK
071 0 0676595852 STIM_END_RESP_START
071 0 0677795904 RESP_END
072 0 0679623492 STIM_START
072 0 0683148920 STIM_END_RESP_START
072 0 0684348956 RESP_END
073 1 0686339560 STIM_START
073 1 0690365036 STIM_END_RESP_START
073 1 0690670608 LICK
073 1 0690671096 REWARD_START
073 1 0690822448 LICK
073 1 0690993096 LICK
073 1 0691130280 LICK
073 1 0691271452 LICK
073 1 0691403412 LICK
073 1 0691565072 RESP_END
073 1 0690684120 REWARD_END
074 0 0694167840 STIM_START
074 0 0697693264 STIM_END_RESP_START
074 0 0698239764 LICK
074 0 0698240256 TIMEOUT_START
074 0 0698454096 LICK
074 0 0698454580 TIMEOUT_START
074 0 0698646300 LICK
074 0 0698646792 TIMEOUT_START
074 0 0698893300 RESP_END
074 0 0705647296 TIMEOUT_END
075 1 0707867968 STIM_START
075 1 0711143340 STIM_END_RESP_START
075 1 0711553716 LICK
075 1 0711554212 REWARD_START
075 1 0711719588 LICK
075 1 0711893260 LICK
075 1 0712033332 LICK
075 1 0712181304 LICK
075 1 0712343376 RESP_END
075 1 0711567228 REWARD_END
076 0 0715056152 STIM_START
076 0 0717782264 LICK
076 0 0718706276 LICK
076 0 0718945484 LICK
076 0 0719081620 STIM_END_RESP_START
076 0 0720281656 RESP_END
077 0 0722294300 STIM_START
077 0 0726319776 STIM_END_RESP_START
077 0 0727519812 RESP_END
078 0 0729399420 STIM_START
078 0 0732526988 LICK
078 0 0732691584 LICK
078 0 0732858728 LICK
078 0 0733174844 STIM_END_RESP_START
078 0 0734374876 RESP_END
079 1 0736340536 STIM_START
079 1 0739865924 STIM_END_RESP_START
079 1 0740120152 LICK
079 1 0740120648 REWARD_START
079 1 0740319932 LICK
079 1 0740457664 LICK
079 1 0740602084 LICK
079 1 0740751104 LICK
079 1 0740893604 LICK
079 1 0741065956 RESP_END
079 1 0740133664 REWARD_END
080 1 0743321644 STIM_START
080 1 0746146924 LICK
080 1 0746333436 LICK
080 1 0746597040 STIM_END_RESP_START
080 1 0746843836 LICK
080 1 0746844328 REWARD_START
080 1 0747025600 LICK
080 1 0747306264 LICK
080 1 0747438224 LICK
080 1 0747578064 LICK
080 1 0747797068 RESP_END
080 1 0746857344 REWARD_END
081 0 0749702636 STIM_START
081 0 0752413344 LICK
081 0 0752645592 LICK
081 0 0753228056 STIM_END_RESP_START
081 0 0754428096 RESP_END
082 1 0756533720 STIM_START
082 1 0757408384 LICK
082 1 0760559184 STIM_END_RESP_START
082 1 0760970620 LICK
082 1 0760971108 REWARD_START
082 1 0761092220 LICK
082 1 0761253104 LICK
082 1 0761415704 LICK
082 1 0761524028 LICK
082 1 0761759208 RESP_END
082 1 0760984132 REWARD_END
083 1 0764098964 STIM_START
083 1 0767374348 STIM_END_RESP_START
083 1 0767681440 LICK
083 1 0767681932 REWARD_START
083 1 0767878452 LICK
083 1 0768026476 LICK
083 1 0768161964 LICK
083 1 0768317064 LICK
083 1 0768463256 LICK
083 1 0768574380 RESP_END
083 1 0767694968 REWARD_END
084 1 0771717156 STIM_START
084 1 0775435788 LICK
084 1 0775610632 LICK
084 1 0775742616 STIM_END_RESP_START
084 1 0775992940 LICK
084 1 0775993432 REWARD_START
084 1 0776209596 LICK
084 1 0776318000 LICK
084 1 0776462732 LICK
084 1 0776596436 LICK
084 1 0776759688 LICK
084 1 0776894104 LICK
084 1 0776942644 RESP_END
084 1 0776006452 REWARD_END
085 0 0779438380 STIM_START
085 0 0783175592 LICK
085 0 0783213820 STIM_END_RESP_START
085 0 0783342668 LICK
085 0 0783343156 TIMEOUT_START
085 0 0784413864 RESP_END
085 0 0790343668 TIMEOUT_END
086 0 0792338440 STIM_START
086 0 0795364116 LICK
086 0 0795613808 STIM_END_RESP_START
086 0 0795618268 LICK
086 0 0795618760 TIMEOUT_START
086 0 0796813852 RESP_END
086 0 0802619276 TIMEOUT_END
087 0 0804714432 STIM_START
087 0 0807744540 LICK
087 0 0807903364 LICK
087 0 0808089808 LICK
087 0 0808134220 LICK
087 0 0808695416 LICK
087 0 0808739892 STIM_END_RESP_START
087 0 0809124848 LICK
087 0 0809125336 TIMEOUT_START
087 0 0809939932 RESP_END
087 0 0816125844 TIMEOUT_END
088 1 0818250528 STIM_START
088 1 0820594744 LICK
088 1 0820808380 LICK
088 1 0821525920 STIM_END_RESP_START
088 1 0821649716 LICK
088 1 0821650200 REWARD_START
088 1 0821798040 LICK
088 1 0822065184 LICK
088 1 0822195332 LICK
088 1 0822343720 LICK
088 1 0822493644 LICK
088 1 0822725968 RESP_END
088 1 0821663224 REWARD_END
089 0 0825206648 STIM_START
089 0 0828982080 STIM_END_RESP_START
089 0 0830182116 RESP_END
090 0 0831942684 STIM_START
090 0 0835968164 STIM_END_RESP_START
090 0 0837168200 RESP_END
091 0 0839266896 STIM_START
091 0 0842542276 STIM_END_RESP_START
091 0 0842861564 LICK
091 0 0842862052 TIMEOUT_START
091 0 0843064512 LICK
091 0 0843064996 TIMEOUT_START
091 0 0843651888 LICK
091 0 0843652376 TIMEOUT_START
091 0 0843742316 RESP_END
091 0 0850652884 TIMEOUT_END
092 1 0852811008 STIM_START
092 1 0853758524 LICK
092 1 0856086392 STIM_END_RESP_START
092 1 0856374640 LICK
092 1 0856375128 REWARD_START
092 1 0856522888 LICK
092 1 0856813840 LICK
092 1 0856933552 LICK
092 1 0857071112 LICK
092 1 0857207260 LICK
092 1 0857286428 RESP_END
092 1 0856388148 REWARD_END
093 0 0859527080 STIM_START
093 0 0863052504 STIM_END_RESP_START
093 0 0863224912 LICK
093 0 0863225396 TIMEOUT_START
093 0 0863422384 LICK
093 0 0863422876 TIMEOUT_START
093 0 0864088444 LICK
093 0 0864088928 TIMEOUT_START
093 0 0864252552 RESP_END
093 0 0871089436 TIMEOUT_END
094 1 0872912252 STIM_START
094 1 0876429684 LICK
094 1 0876437648 STIM_END_RESP_START
094 1 0876669872 LICK
094 1 0876670364 REWARD_START
094 1 0876720124 LICK
094 1 0876851784 LICK
094 1 0877141588 LICK
094 1 0877291156 LICK
094 1 0877431576 LICK
094 1 0877589036 LICK
094 1 0877637664 RESP_END
094 1 0876683372 REWARD_END
095 1 0879697352 STIM_START
095 1 0882972736 STIM_END_RESP_START
095 1 0883271796 LICK
095 1 0883272280 REWARD_START
095 1 0883456644 LICK
095 1 0883584460 LICK
095 1 0883744800 LICK
095 1 0883860840 LICK
095 1 0884010740 LICK
095 1 0884171404 LICK
095 1 0884172748 RESP_END
095 1 0883285304 REWARD_END
096 1 0886572400 STIM_START
096 1 0889509820 LICK
096 1 0889754164 LICK
096 1 0889847788 STIM_END_RESP_START
096 1 0890084564 LICK
096 1 0890085052 REWARD_START
096 1 0890244352 LICK
096 1 0890495296 LICK
096 1 0890643796 LICK
096 1 0890781492 LICK
096 1 0890918464 LICK
096 1 0891047824 RESP_END
096 1 0890098076 REWARD_END
097 0 0894108616 STIM_START
097 0 0897884052 STIM_END_RESP_START
097 0 0898402500 LICK
097 0 0898402988 TIMEOUT_START
097 0 0898594400 LICK
097 0 0898594888 TIMEOUT_START
097 0 0899084080 RESP_END
097 0 0905595384 TIMEOUT_END
098 0 0907457672 STIM_START
098 0 0910498672 LICK
098 0 0910702244 LICK
098 0 0911113004 LICK
098 0 0911152644 LICK
098 0 0911233104 STIM_END_RESP_START
098 0 0911420304 LICK
098 0 0911420796 TIMEOUT_START
098 0 0911637348 LICK
098 0 0911637840 TIMEOUT_START
098 0 0912433132 RESP_END
098 0 0918638336 TIMEOUT_END
099 0 0920403788 STIM_START
099 0 0923548020 LICK
099 0 0923721956 LICK
099 0 0923970436 LICK
099 0 0924179212 STIM_END_RESP_START
099 0 0924709852 LICK
099 0 0924710344 TIMEOUT_START
099 0 0924964560 LICK
099 0 0924965052 TIMEOUT_START
099 0 0925000080 LICK
099 0 0925000564 TIMEOUT_START
099 0 0925379252 RESP_END
099 0 0932001072 TIMEOUT_END
100 1 0934210976 STIM_START
100 1 0937446972 LICK
100 1 0937673420 LICK
100 1 0938236424 STIM_END_RESP_START
100 1 0938468068 LICK
100 1 0938468560 REWARD_START
100 1 0938643744 LICK
100 1 0938800484 LICK
100 1 0938962540 LICK
100 1 0939092100 LICK
100 1 0939223164 LICK
100 1 0939397528 LICK
100 1 0939436464 RESP_END
100 1 0938481580 REWARD_END
101 1 0941571108 STIM_START
101 1 0945346536 STIM_END_RESP_START
101 1 0945703884 LICK
101 1 0945704376 REWARD_START
101 1 0945854040 LICK
101 1 0946139800 LICK
101 1 0946317664 LICK
101 1 0946437688 LICK
101 1 0946546572 RESP_END
101 1 0945717384 REWARD_END
102 1 0949038296 STIM_START
102 1 0951590052 LICK
102 1 0952179020 LICK
102 1 0952778372 LICK
102 1 0952965212 LICK
102 1 0953063748 STIM_END_RESP_START
102 1 0953372532 LICK
102 1 0953373028 REWARD_START
102 1 0953533684 LICK
102 1 0953811296 LICK
102 1 0953974356 LICK
102 1 0954114700 LICK
102 1 0954236844 LICK
102 1 0954263780 RESP_END
102 1 0953386036 REWARD_END
103 0 0956718560 STIM_START
103 0 0959993948 STIM_END_RESP_START
103 0 0960420148 LICK
103 0 0960420632 TIMEOUT_START
103 0 0961193976 RESP_END
103 0 0967421148 TIMEOUT_END
104 1 0969649600 STIM_START
104 1 0973425032 STIM_END_RESP_START
104 1 0973805992 LICK
104 1 0973806480 REWARD_START
104 1 0973939896 LICK
104 1 0974207692 LICK
104 1 0974370172 LICK
104 1 0974507828 LICK
104 1 0974625052 RESP_END
104 1 0973819504 REWARD_END
105 0 0977337820 STIM_START
105 0 0980544620 LICK
105 0 0980613184 STIM_END_RESP_START
105 0 0981248920 LICK
105 0 0981249408 TIMEOUT_START
105 0 0981459720 LICK
105 0 0981460212 TIMEOUT_START
105 0 0981813212 RESP_END
105 0 0988460720 TIMEOUT_END
106 0 0990657936 STIM_START
106 0 0994171280 LICK
106 0 0994357976 LICK
106 0 0994433376 STIM_END_RESP_START
106 0 0995000132 LICK
106 0 0995000624 TIMEOUT_START
106 0 0995633424 RESP_END
106 0 1002001132 TIMEOUT_END
107 1 1003746100 STIM_START
107 1 1007521548 STIM_END_RESP_START
107 1 1007777020 LICK
107 1 1007777556 REWARD_START
107 1 1007944232 LICK
107 1 1008110740 LICK
107 1 1008400672 LICK
107 1 1008562632 LICK
107 1 1008718012 LICK
107 1 1008721576 RESP_END
107 1 1007790632 REWARD_END
108 1 1011182160 STIM_START
108 1 1014957620 STIM_END_RESP_START
108 1 1015079916 LICK
108 1 1015080456 REWARD_START
108 1 1015210984 LICK
108 1 1015354068 LICK
108 1 1015648776 LICK
108 1 1015786048 LICK
108 1 1015953456 LICK
108 1 1016157660 RESP_END
108 1 1015093536 REWARD_END
109 1 1018460316 STIM_START
109 1 1022485772 STIM_END_RESP_START
109 1 1022516352 LICK
109 1 1022516884 REWARD_START
109 1 1022738024 LICK
109 1 1022896224 LICK
109 1 1023045056 LICK
109 1 1023166640 LICK
109 1 1023306684 LICK
109 1 1023637532 LICK
109 1 1023685808 RESP_END
109 1 1022529964 REWARD_END
110 0 1025846496 STIM_START
110 0 1029519632 LICK
110 0 1029621932 STIM_END_RESP_START
110 0 1029765956 LICK
110 0 1029766492 TIMEOUT_START
110 0 1030247192 LICK
110 0 1030247728 TIMEOUT_START
110 0 1030610128 LICK
110 0 1030610660 TIMEOUT_START
110 0 1030821956 RESP_END
110 0 1037611228 TIMEOUT_END
111 0 1039745712 STIM_START
111 0 1043771168 STIM_END_RESP_START
111 0 1044971184 RESP_END
112 0 1047089836 STIM_START
112 0 1050865288 STIM_END_RESP_START
112 0 1051228356 LICK
112 0 1051228884 TIMEOUT_START
112 0 1051267320 LICK
112 0 1051267848 TIMEOUT_START
112 0 1052065324 RESP_END
112 0 1058268408 TIMEOUT_END
113 1 1060005928 STIM_START
113 1 1063781372 STIM_END_RESP_START
113 1 1063999288 LICK
113 1 1063999828 REWARD_START
113 1 1064220444 LICK
113 1 1064358360 LICK
113 1 1064494120 LICK
113 1 1064639712 LICK
113 1 1064791596 LICK
113 1 1064952320 LICK
113 1 1064981416 RESP_END
113 1 1064012892 REWARD_END
114 1 1068173184 STIM_START
114 1 1070892512 LICK
114 1 1071698580 STIM_END_RESP_START
114 1 1072038304 LICK
114 1 1072038840 REWARD_START
114 1 1072269576 LICK
114 1 1072385440 LICK
114 1 1072541788 LICK
114 1 1072686840 LICK
114 1 1072826136 LICK
114 1 1072898592 RESP_END
114 1 1072051916 REWARD_END
115 1 1075077312 STIM_START
115 1 1078352704 STIM_END_RESP_START
115 1 1078583784 LICK
115 1 1078584316 REWARD_START
115 1 1078794584 LICK
115 1 1078919012 LICK
115 1 1079223628 LICK
115 1 1079365928 LICK
115 1 1079520340 LICK
115 1 1079552744 RESP_END
115 1 1078597392 REWARD_END
116 0 1081286264 STIM_START
116 0 1084561660 STIM_END_RESP_START
116 0 1085608136 LICK
116 0 1085608668 TIMEOUT_START
116 0 1085761708 RESP_END
116 0 1092609232 TIMEOUT_END
117 1 1094632432 STIM_START
117 1 1098407880 STIM_END_RESP_START
117 1 1098852500 LICK
117 1 1098853036 REWARD_START
117 1 1099025020 LICK
117 1 1099301724 LICK
117 1 1099453772 LICK
117 1 1099607896 RESP_END
117 1 1098866112 REWARD_END
118 0 1101935604 STIM_START
118 0 1105732468 LICK
118 0 1105961072 STIM_END_RESP_START
118 0 1107161116 RESP_END
119 1 1109244752 STIM_START
119 1 1112770156 STIM_END_RESP_START
119 1 1113041220 LICK
119 1 1113041756 REWARD_START
119 1 1113193892 LICK
119 1 1113364632 LICK
119 1 1113646600 LICK
119 1 1113804616 LICK
119 1 1113945864 LICK
119 1 1113970192 RESP_END
119 1 1113054836 REWARD_END
120 0 1115867812 STIM_START
120 0 1119393220 STIM_END_RESP_START
120 0 1120065364 LICK
120 0 1120065900 TIMEOUT_START
120 0 1120239244 LICK
120 0 1120239784 TIMEOUT_START
120 0 1120593248 RESP_END
120 0 1127240340 TIMEOUT_END
121 0 1129169908 STIM_START
121 0 1129361932 LICK
121 0 1129557912 LICK
121 0 1130106084 LICK
121 0 1130246292 LICK
121 0 1130942108 LICK
121 0 1133195380 STIM_END_RESP_START
121 0 1134395432 RESP_END
122 0 1136346068 STIM_START
122 0 1140371532 STIM_END_RESP_START
122 0 1141571576 RESP_END
123 1 1143463180 STIM_START
123 1 1146988584 STIM_END_RESP_START
123 1 1147254136 LICK
123 1 1147254668 REWARD_START
123 1 1147564988 LICK
123 1 1147847064 LICK
123 1 1148002760 LICK
123 1 1148147312 LICK
123 1 1148188616 RESP_END
123 1 1147267744 REWARD_END
124 1 1150628308 STIM_START
124 1 1154153712 STIM_END_RESP_START
124 1 1154379580 LICK
124 1 1154380120 REWARD_START
124 1 1154578500 LICK
124 1 1154701920 LICK
124 1 1154846740 LICK
124 1 1154992744 LICK
124 1 1155134012 LICK
124 1 1155283264 LICK
124 1 1155353760 RESP_END
124 1 1154393180 REWARD_END
125 0 1157613412 STIM_START
125 0 1161388860 STIM_END_RESP_START
125 0 1162588876 RESP_END
126 1 1164342464 STIM_START
126 1 1168117912 STIM_END_RESP_START
126 1 1168217472 LICK
126 1 1168218004 REWARD_START
126 1 1168431496 LICK
126 1 1168610612 LICK
126 1 1168735476 LICK
126 1 1168893228 LICK
126 1 1169055300 LICK
126 1 1169213360 LICK
126 1 1169317956 RESP_END
126 1 1168231080 REWARD_END
127 1 1171440616 STIM_START
127 1 1174394036 LICK
127 1 1175216060 STIM_END_RESP_START
127 1 1175514688 LICK
127 1 1175515228 REWARD_START
127 1 1175819184 LICK
127 1 1176085924 LICK
127 1 1176232988 LICK
127 1 1176388196 LICK
127 1 1176416088 RESP_END
127 1 1175528300 REWARD_END
128 0 1178967784 STIM_START
128 0 1182518772 LICK
128 0 1182743224 STIM_END_RESP_START
128 0 1183943236 RESP_END
129 0 1185743912 STIM_START
129 0 1189019304 STIM_END_RESP_START
129 0 1190219320 RESP_END
130 1 1192412956 STIM_START
130 1 1196188408 STIM_END_RESP_START
130 1 1196257536 LICK
130 1 1196258068 REWARD_START
130 1 1196563800 LICK
130 1 1196868020 LICK
130 1 1197030940 LICK
130 1 1197198652 LICK
130 1 1197374204 LICK
130 1 1197388436 RESP_END
130 1 1196271148 REWARD_END
131 1 1199956148 STIM_START
131 1 1203632720 LICK
131 1 1203981628 STIM_END_RESP_START
131 1 1204341612 LICK
131 1 1204342152 REWARD_START
131 1 1204468124 LICK
131 1 1204643068 LICK
131 1 1204792652 LICK
131 1 1204954344 LICK
131 1 1205096416 LICK
131 1 1205181676 RESP_END
131 1 1204355212 REWARD_END
132 1 1207413336 STIM_START
132 1 1210938740 STIM_END_RESP_START
132 1 1211247504 LICK
132 1 1211248044 REWARD_START
132 1 1211387328 LICK
132 1 1211550692 LICK
132 1 1211692320 LICK
132 1 1211857212 LICK
132 1 1212016540 LICK
132 1 1212138776 RESP_END
132 1 1211261104 REWARD_END
133 0 1214395440 STIM_START
133 0 1217670836 STIM_END_RESP_START
133 0 1218091560 LICK
133 0 1218092096 TIMEOUT_START
133 0 1218870868 RESP_END
133 0 1225092652 TIMEOUT_END
134 0 1227227460 STIM_START
134 0 1231252916 STIM_END_RESP_START
134 0 1232452932 RESP_END
135 0 1234492616 STIM_START
135 0 1237768008 STIM_END_RESP_START
135 0 1238968020 RESP_END
136 1 1240770596 STIM_START
136 1 1244283644 LICK
136 1 1244503828 LICK
136 1 1244796068 STIM_END_RESP_START
136 1 1245169216 LICK
136 1 1245169760 REWARD_START
136 1 1245345836 LICK
136 1 1245607108 LICK
136 1 1245777312 LICK
136 1 1245928076 LICK
136 1 1245996088 RESP_END
136 1 1245182832 REWARD_END
137 0 1247873776 STIM_START
137 0 1251649228 STIM_END_RESP_START
137 0 1252849240 RESP_END
138 1 1254953828 STIM_START
138 1 1258979288 STIM_END_RESP_START
138 1 1259405332 LICK
138 1 1259405864 REWARD_START
138 1 1259556168 LICK
138 1 1259808860 LICK
138 1 1260101232 LICK
138 1 1260179324 RESP_END
138 1 1259418944 REWARD_END
139 1 1262781120 STIM_START
139 1 1266056516 STIM_END_RESP_START
139 1 1266319920 LICK
139 1 1266320460 REWARD_START
139 1 1266526512 LICK
139 1 1266800652 LICK
139 1 1266951420 LICK
139 1 1267128164 LICK
139 1 1267248176 LICK
139 1 1267256556 RESP_END
139 1 1266333532 REWARD_END
140 1 1269506192 STIM_START
140 1 1272632920 LICK
140 1 1273531644 STIM_END_RESP_START
140 1 1273883024 LICK
140 1 1273883560 REWARD_START
140 1 1274056960 LICK
140 1 1274200400 LICK
140 1 1274349964 LICK
140 1 1274479292 LICK
140 1 1274620084 LICK
140 1 1274731672 RESP_END
140 1 1273896636 REWARD_END
141 0 1276805328 STIM_START
141 0 1280580776 STIM_END_RESP_START
141 0 1281780788 RESP_END
142 1 1283706452 STIM_START
142 1 1287731908 STIM_END_RESP_START
142 1 1287999408 LICK
142 1 1287999948 REWARD_START
142 1 1288129596 LICK
142 1 1288406124 LICK
142 1 1288570108 LICK
142 1 1288727492 LICK
142 1 1288847440 LICK
142 1 1288931924 RESP_END
142 1 1288013028 REWARD_END
143 1 1290924604 STIM_START
143 1 1294450008 STIM_END_RESP_START
143 1 1294771336 LICK
143 1 1294771868 REWARD_START
143 1 1294925148 LICK
143 1 1295076620 LICK
143 1 1295223896 LICK
143 1 1295378404 LICK
143 1 1295525536 LICK
143 1 1295650024 RESP_END
143 1 1294784944 REWARD_END
144 1 1298084720 STIM_START
144 1 1301860168 STIM_END_RESP_START
144 1 1302152732 LICK
144 1 1302153272 REWARD_START
144 1 1302293108 LICK
144 1 1302575564 LICK
144 1 1302759812 LICK
144 1 1302896364 LICK
144 1 1303041400 LICK
144 1 1303060180 RESP_END
144 1 1302166344 REWARD_END
145 0 1304992832 STIM_START
145 0 1308268192 STIM_END_RESP_START
145 0 1309054416 LICK
145 0 1309054952 TIMEOUT_START
145 0 1309256800 LICK
145 0 1309257332 TIMEOUT_START
145 0 1309468212 RESP_END
145 0 1316257900 TIMEOUT_END
146 1 1318045920 STIM_START
146 1 1321321312 STIM_END_RESP_START
146 1 1321789876 LICK
146 1 1321790408 REWARD_START
146 1 1322521324 RESP_END
146 1 1321803484 REWARD_END
147 0 1325670060 STIM_START
147 0 1329695516 STIM_END_RESP_START
147 0 1329733096 LICK
147 0 1329733628 TIMEOUT_START
147 0 1329894824 LICK
147 0 1329895356 TIMEOUT_START
147 0 1330295240 LICK
147 0 1330295772 TIMEOUT_START
147 0 1330824272 LICK
147 0 1330824804 TIMEOUT_START
147 0 1330895544 RESP_END
147 0 1337825368 TIMEOUT_END
148 1 1340012352 STIM_START
148 1 1343233724 LICK
148 1 1343463100 LICK
148 1 1343787796 STIM_END_RESP_START
148 1 1344003892 LICK
148 1 1344004428 REWARD_START
148 1 1344140568 LICK
148 1 1344434764 LICK
148 1 1344581328 LICK
148 1 1344723960 LICK
148 1 1344889224 LICK
148 1 1344987840 RESP_END
148 1 1344017484 REWARD_END
149 0 1347393520 STIM_START
149 0 1349705820 LICK
149 0 1351418968 STIM_END_RESP_START
149 0 1352619020 RESP_END
150 1 1354848704 STIM_START
150 1 1358624152 STIM_END_RESP_START
150 1 1358955792 LICK
150 1 1358956324 REWARD_START
150 1 1359109172 LICK
150 1 1359252260 LICK
150 1 1359397832 LICK
150 1 1359566636 LICK
150 1 1359690516 LICK
150 1 1359824172 RESP_END
150 1 1358969400 REWARD_END
151 0 1362140908 STIM_START
151 0 1365666312 STIM_END_RESP_START
151 0 1365778608 LICK
151 0 1365779136 TIMEOUT_START
151 0 1366366608 LICK
151 0 1366367140 TIMEOUT_START
151 0 1366528696 LICK
151 0 1366529228 TIMEOUT_START
151 0 1366866352 RESP_END
151 0 1373529772 TIMEOUT_END
152 1 1375503024 STIM_START
152 1 1379528484 STIM_END_RESP_START
152 1 1379709704 LICK
152 1 1379710240 REWARD_START
152 1 1379906920 LICK
152 1 1380045852 LICK
152 1 1380203268 LICK
152 1 1380344796 LICK
152 1 1380491608 LICK
152 1 1380637208 LICK
152 1 1380728504 RESP_END
152 1 1379723320 REWARD_END
153 1 1382981156 STIM_START
153 1 1386506560 STIM_END_RESP_START
153 1 1386787036 LICK
153 1 1386787568 REWARD_START
153 1 1386913816 LICK
153 1 1387073812 LICK
153 1 1387232172 LICK
153 1 1387381120 LICK
153 1 1387564608 LICK
153 1 1387706608 RESP_END
153 1 1386800648 REWARD_END
154 1 1390390336 STIM_START
154 1 1393858512 LICK
154 1 1393915736 STIM_END_RESP_START
154 1 1394061404 LICK
154 1 1394061936 REWARD_START
154 1 1394240324 LICK
154 1 1394398124 LICK
154 1 1394543696 LICK
154 1 1394677052 LICK
154 1 1394824352 LICK
154 1 1395115776 RESP_END
154 1 1394075016 REWARD_END
155 0 1397324464 STIM_START
155 0 1400886852 LICK
155 0 1401349924 STIM_END_RESP_START
155 0 1401746168 LICK
155 0 1401746704 TIMEOUT_START
155 0 1401932748 LICK
155 0 1401933288 TIMEOUT_START
155 0 1402549968 RESP_END
155 0 1408933828 TIMEOUT_END
156 1 1410868612 STIM_START
156 1 1414644060 STIM_END_RESP_START
156 1 1415138748 LICK
156 1 1415139280 REWARD_START
156 1 1415330744 LICK
156 1 1415619636 LICK
156 1 1415781504 LICK
156 1 1415844104 RESP_END
156 1 1415152360 REWARD_END
157 0 1418049748 STIM_START
157 0 1421471212 LICK
157 0 1421575176 STIM_END_RESP_START
157 0 1421680576 LICK
157 0 1421681116 TIMEOUT_START
157 0 1422775192 RESP_END
157 0 1428681664 TIMEOUT_END
158 1 1430870792 STIM_START
158 1 1432192424 LICK
158 1 1433139096 LICK
158 1 1434396200 STIM_END_RESP_START
158 1 1435596216 RESP_END
159 0 1437425804 STIM_START
159 0 1440701196 STIM_END_RESP_START
159 0 1441901212 RESP_END
160 0 1443822936 STIM_START
160 0 1447348340 STIM_END_RESP_START
160 0 1448548392 RESP_END
161 1 1450327852 STIM_START
161 1 1453603248 STIM_END_RESP_START
161 1 1454070700 LICK
161 1 1454071240 REWARD_START
161 1 1454259424 LICK
161 1 1454564456 LICK
161 1 1454714468 LICK
161 1 1454803272 RESP_END
161 1 1454084304 REWARD_END
162 0 1457868104 STIM_START
162 0 1461393512 STIM_END_RESP_START
162 0 1462593520 RESP_END
163 0 1464675184 STIM_START
163 0 1467950580 STIM_END_RESP_START
163 0 1469150600 RESP_END
164 0 1470935152 STIM_START
164 0 1474960612 STIM_END_RESP_START
164 0 1475535288 LICK
164 0 1475535816 TIMEOUT_START
164 0 1476160640 RESP_END
164 0 1482536372 TIMEOUT_END
165 1 1484551288 STIM_START
165 1 1488326736 STIM_END_RESP_START
165 1 1488850376 LICK
165 1 1488850912 REWARD_START
165 1 1489057124 LICK
165 1 1489199372 LICK
165 1 1489365420 LICK
165 1 1489500984 LICK
165 1 1489526780 RESP_END
165 1 1488863992 REWARD_END
166 1 1492122512 STIM_START
166 1 1495397876 STIM_END_RESP_START
166 1 1495721764 LICK
166 1 1495722304 REWARD_START
166 1 1495857052 LICK
166 1 1496138976 LICK
166 1 1496415712 LICK
166 1 1496582832 LICK
166 1 1496597920 RESP_END
166 1 1495735364 REWARD_END
167 0 1499066636 STIM_START
167 0 1502341996 STIM_END_RESP_START
167 0 1502370000 LICK
167 0 1502370532 TIMEOUT_START
167 0 1502792508 LICK
167 0 1502793048 TIMEOUT_START
167 0 1503542024 RESP_END
167 0 1509793608 TIMEOUT_END
168 1 1511572596 STIM_START
168 1 1514847988 STIM_END_RESP_START
168 1 1515281624 LICK
168 1 1515282156 REWARD_START
168 1 1515478572 LICK
168 1 1515764032 LICK
168 1 1516048000 RESP_END
168 1 1515295236 REWARD_END
169 1 1518271672 STIM_START
169 1 1522297132 STIM_END_RESP_START
169 1 1522579172 LICK
169 1 1522579712 REWARD_START
169 1 1522770800 LICK
169 1 1522902628 LICK
169 1 1523064896 LICK
169 1 1523224048 LICK
169 1 1523497164 RESP_END
169 1 1522592792 REWARD_END
170 0 1525848872 STIM_START
170 0 1529374276 STIM_END_RESP_START
170 0 1530574292 RESP_END
171 1 1532754988 STIM_START
171 1 1536530440 STIM_END_RESP_START
171 1 1536820940 LICK
171 1 1536821476 REWARD_START
171 1 1536951104 LICK
171 1 1537228012 LICK
171 1 1537500468 LICK
171 1 1537643896 LICK
171 1 1537730468 RESP_END
171 1 1536834548 REWARD_END
172 1 1540004072 STIM_START
172 1 1543779524 STIM_END_RESP_START
172 1 1544245616 LICK
172 1 1544246148 REWARD_START
172 1 1544384932 LICK
172 1 1544555508 LICK
172 1 1544857248 LICK
172 1 1544979556 RESP_END
172 1 1544259224 REWARD_END
173 1 1547393312 STIM_START
173 1 1551418768 STIM_END_RESP_START
173 1 1551683776 LICK
173 1 1551684312 REWARD_START
173 1 1551879228 LICK
173 1 1552011336 LICK
173 1 1552168388 LICK
173 1 1552317260 LICK
173 1 1552469444 LICK
173 1 1552618784 RESP_END
173 1 1551697392 REWARD_END
174 0 1555719544 STIM_START
174 0 1558994936 STIM_END_RESP_START
174 0 1560194956 RESP_END
175 0 1562015588 STIM_START
175 0 1565791040 STIM_END_RESP_START
175 0 1566991056 RESP_END
176 1 1568957668 STIM_START
176 1 1572983124 STIM_END_RESP_START
176 1 1573263588 LICK
176 1 1573264120 REWARD_START
176 1 1573472692 LICK
176 1 1573625656 LICK
176 1 1573918484 LICK
176 1 1574043320 LICK
176 1 1574183164 RESP_END
176 1 1573277196 REWARD_END
177 0 1576706880 STIM_START
177 0 1580232284 STIM_END_RESP_START
177 0 1581432300 RESP_END
178 1 1583633040 STIM_START
178 1 1587457964 LICK
178 1 1587658504 STIM_END_RESP_START
178 1 1587910660 LICK
178 1 1587911196 REWARD_START
178 1 1588078996 LICK
178 1 1588238848 LICK
178 1 1588387508 LICK
178 1 1588536728 LICK
178 1 1588684444 LICK
178 1 1588843832 LICK
178 1 1588858520 RESP_END
178 1 1587924276 REWARD_END
179 0 1591361208 STIM_START
179 0 1595386668 STIM_END_RESP_START
179 0 1596586688 RESP_END
180 1 1598764412 STIM_START
180 1 1602039804 STIM_END_RESP_START
180 1 1602342696 LICK
180 1 1602343236 REWARD_START
180 1 1602474520 LICK
180 1 1602778204 LICK
180 1 1603079532 LICK
180 1 1603232264 LICK
180 1 1603239836 RESP_END
180 1 1602356296 REWARD_END
181 1 1606048580 STIM_START
181 1 1609471792 LICK
181 1 1610074032 STIM_END_RESP_START
181 1 1610215204 LICK
181 1 1610215740 REWARD_START
181 1 1610347820 LICK
181 1 1610630296 LICK
181 1 1610787308 LICK
181 1 1610938416 LICK
181 1 1611116692 LICK
181 1 1611274064 RESP_END
181 1 1610228804 REWARD_END
182 1 1614223844 STIM_START
182 1 1617749248 STIM_END_RESP_START
182 1 1617976260 LICK
182 1 1617976796 REWARD_START
182 1 1618183228 LICK
182 1 1618433152 LICK
182 1 1618746020 LICK
182 1 1618907764 LICK
182 1 1618949276 RESP_END
182 1 1617989876 REWARD_END
183 0 1621740068 STIM_START
183 0 1625418264 LICK
183 0 1625515492 STIM_END_RESP_START
183 0 1626715508 RESP_END
184 1 1628729180 STIM_START
184 1 1632004576 STIM_END_RESP_START
184 1 1632334216 LICK
184 1 1632334752 REWARD_START
184 1 1632466432 LICK
184 1 1632765032 LICK
184 1 1632943912 LICK
184 1 1633074640 LICK
184 1 1633204620 RESP_END
184 1 1632347828 REWARD_END
185 1 1635755264 STIM_START
185 1 1638841084 LICK
185 1 1639280676 STIM_END_RESP_START
185 1 1639390416 LICK
185 1 1639390948 REWARD_START
185 1 1639595396 LICK
185 1 1639732760 LICK
185 1 1640063320 LICK
185 1 1640209168 LICK
185 1 1640403312 LICK
185 1 1640480700 RESP_END
185 1 1639404024 REWARD_END
186 1 1643597560 STIM_START
186 1 1647373008 STIM_END_RESP_START
186 1 1647725268 LICK
186 1 1647725808 REWARD_START
186 1 1647923244 LICK
186 1 1648203076 LICK
186 1 1648356920 LICK
186 1 1648502984 LICK
186 1 1648573032 RESP_END
186 1 1647738884 REWARD_END
187 0 1651119688 STIM_START
187 0 1654554996 LICK
187 0 1655145136 STIM_END_RESP_START
187 0 1655275792 LICK
187 0 1655276320 TIMEOUT_START
187 0 1655725420 LICK
187 0 1655725952 TIMEOUT_START
187 0 1656345168 RESP_END
187 0 1662726508 TIMEOUT_END
188 0 1664852888 STIM_START
188 0 1668628336 STIM_END_RESP_START
188 0 1669828352 RESP_END
189 1 1671954996 STIM_START
189 1 1675230356 STIM_END_RESP_START
189 1 1675655392 LICK
189 1 1675655928 REWARD_START
189 1 1675822604 LICK
189 1 1676088824 LICK
189 1 1676430408 RESP_END
189 1 1675669008 REWARD_END
190 1 1679113112 STIM_START
190 1 1681643548 LICK
190 1 1681764008 LICK
190 1 1681930652 LICK
190 1 1682139476 LICK
190 1 1682529056 LICK
190 1 1682638516 STIM_END_RESP_START
190 1 1682927844 LICK
190 1 1682928376 REWARD_START
190 1 1683712648 LICK
190 1 1683838540 RESP_END
190 1 1682941452 REWARD_END
191 0 1687340464 STIM_START
191 0 1690865868 STIM_END_RESP_START
191 0 1691012192 LICK
191 0 1691012720 TIMEOUT_START
191 0 1691201684 LICK
191 0 1691202212 TIMEOUT_START
191 0 1691425676 LICK
191 0 1691426212 TIMEOUT_START
191 0 1692065884 RESP_END
191 0 1698426772 TIMEOUT_END
192 0 1700234476 STIM_START
192 0 1701740288 LICK
192 0 1702342344 LICK
192 0 1702791808 LICK
192 0 1703759884 STIM_END_RESP_START
192 0 1703916128 LICK
192 0 1703916668 TIMEOUT_START
192 0 1704959904 RESP_END
192 0 1710917236 TIMEOUT_END
193 0 1713165528 STIM_START
193 0 1716197832 LICK
193 0 1716397176 LICK
193 0 1716440912 STIM_END_RESP_START
193 0 1716460248 LICK
193 0 1716460788 TIMEOUT_START
193 0 1716685860 LICK
193 0 1716686392 TIMEOUT_START
193 0 1716868384 LICK
193 0 1716868916 TIMEOUT_START
193 0 1717567224 LICK
193 0 1717567760 TIMEOUT_START
193 0 1717640948 RESP_END
193 0 1724568312 TIMEOUT_END
194 1 1726609680 STIM_START
194 1 1729885072 STIM_END_RESP_START
194 1 1730101084 LICK
194 1 1730101624 REWARD_START
194 1 1730268476 LICK
194 1 1730532084 LICK
194 1 1730699608 LICK
194 1 1730850660 LICK
194 1 1730982612 LICK
194 1 1731085100 RESP_END
194 1 1730114684 REWARD_END
195 1 1732985664 STIM_START
195 1 1735321332 LICK
195 1 1735519248 LICK
195 1 1736511060 STIM_END_RESP_START
195 1 1736657108 LICK
195 1 1736657640 REWARD_START
195 1 1736801324 LICK
195 1 1737104892 LICK
195 1 1737267296 LICK
195 1 1737430828 LICK
195 1 1737548392 LICK
195 1 1737711076 RESP_END
195 1 1736670720 REWARD_END
196 1 1739915768 STIM_START
196 1 1743941228 STIM_END_RESP_START
196 1 1744125408 LICK
196 1 1744125940 REWARD_START
196 1 1744304668 LICK
196 1 1744598640 LICK
196 1 1744772196 LICK
196 1 1745079352 LICK
196 1 1745141248 RESP_END
196 1 1744139020 REWARD_END
197 0 1747795080 STIM_START
197 0 1751070472 STIM_END_RESP_START
197 0 1751336180 LICK
197 0 1751336712 TIMEOUT_START
197 0 1751512212 LICK
197 0 1751512744 TIMEOUT_START
197 0 1752270508 RESP_END
197 0 1758513316 TIMEOUT_END
198 1 1760285008 STIM_START
198 1 1763810412 STIM_END_RESP_START
198 1 1764268152 LICK
198 1 1764268684 REWARD_START
198 1 1764458440 LICK
198 1 1764784724 LICK
198 1 1765010456 RESP_END
198 1 1764281764 REWARD_END
199 1 1767894252 STIM_START
199 1 1771169644 STIM_END_RESP_START
199 1 1771412884 LICK
199 1 1771413416 REWARD_START
199 1 1771565732 LICK
199 1 1771753908 LICK
199 1 1772250668 LICK
199 1 1772369660 RESP_END
199 1 1771426496 REWARD_END
200 0 1775254412 STIM_START
200 0 1778779816 STIM_END_RESP_START
200 0 1778845184 LICK
200 0 1778845724 TIMEOUT_START
200 0 1779314064 LICK
200 0 1779314596 TIMEOUT_START
200 0 1779550488 LICK
200 0 1779551020 TIMEOUT_START
200 0 1779792980 LICK
200 0 1779793512 TIMEOUT_START
200 0 1779979840 RESP_END
200 0 1786794076 TIMEOUT_END
201 0 1788627484 STIM_START
201 0 1792402932 STIM_END_RESP_START
201 0 1793602948 RESP_END
202 1 1795849656 STIM_START
202 1 1799875112 STIM_END_RESP_START
202 1 1800258360 LICK
202 1 1800258900 REWARD_START
202 1 1800411528 LICK
202 1 1800705572 LICK
202 1 1800869944 LICK
202 1 1801017996 LICK
202 1 1801075136 RESP_END
202 1 1800271960 REWARD_END
203 0 1803886908 STIM_START
203 0 1807104384 LICK
203 0 1807162280 STIM_END_RESP_START
203 0 1807582260 LICK
203 0 1807582792 TIMEOUT_START
203 0 1807996592 LICK
203 0 1807997132 TIMEOUT_START
203 0 1808362304 RESP_END
203 0 1814997688 TIMEOUT_END
204 0 1817130048 STIM_START
204 0 1820905500 STIM_END_RESP_START
204 0 1822105544 RESP_END
205 1 1826259460 STIM_START
205 1 1829534856 STIM_END_RESP_START
205 1 1829778316 LICK
205 1 1829778856 REWARD_START
205 1 1829932480 LICK
205 1 1830248728 LICK
205 1 1830422572 LICK
205 1 1830567668 LICK
205 1 1830723020 LICK
205 1 1830734908 RESP_END
205 1 1829791936 REWARD_END
206 0 1833083572 STIM_START
206 0 1835043044 LICK
206 0 1835527632 LICK
206 0 1835689724 LICK
206 0 1836181024 LICK
206 0 1836588880 LICK
206 0 1836608980 STIM_END_RESP_START
206 0 1837808996 RESP_END
207 1 1839725600 STIM_START
207 1 1843000992 STIM_END_RESP_START
207 1 1843287648 LICK
207 1 1843288184 REWARD_START
207 1 1843330356 LICK
207 1 1843488904 LICK
207 1 1843629456 LICK
207 1 1843791612 LICK
207 1 1843932504 LICK
207 1 1844080356 LICK
207 1 1844201028 RESP_END
207 1 1843301252 REWARD_END
208 0 1846712700 STIM_START
208 0 1850738156 STIM_END_RESP_START
208 0 1851938172 RESP_END
209 0 1853928904 STIM_START
209 0 1857954360 STIM_END_RESP_START
209 0 1859154376 RESP_END
210 0 1861341056 STIM_START
210 0 1864866460 STIM_END_RESP_START
210 0 1866066476 RESP_END
211 1 1867866104 STIM_START
211 1 1871141500 STIM_END_RESP_START
211 1 1871415328 LICK
211 1 1871415860 REWARD_START
211 1 1871552820 LICK
211 1 1871721620 LICK
211 1 1871863904 LICK
211 1 1872030652 LICK
211 1 1872184552 LICK
211 1 1872341528 RESP_END
211 1 1871428940 REWARD_END
212 0 1874719180 STIM_START
212 0 1878494632 STIM_END_RESP_START
212 0 1879694648 RESP_END
213 0 1881610256 STIM_START
213 0 1884885644 STIM_END_RESP_START
213 0 1886085660 RESP_END
214 0 1888056284 STIM_START
214 0 1890648860 LICK
214 0 1891046036 LICK
214 0 1891107800 LICK
214 0 1891831732 STIM_END_RESP_START
214 0 1892230396 LICK
214 0 1892230932 TIMEOUT_START
214 0 1893031756 RESP_END
214 0 1899231500 TIMEOUT_END
215 1 1900989324 STIM_START
215 1 1903858156 LICK
215 1 1904264700 STIM_END_RESP_START
215 1 1904565320 LICK
215 1 1904565852 REWARD_START
215 1 1904730032 LICK
215 1 1905035688 LICK
215 1 1905464720 RESP_END
215 1 1904578932 REWARD_END
216 0 1908445524 STIM_START
216 0 1911557812 LICK
216 0 1911970932 STIM_END_RESP_START
216 0 1912271392 LICK
216 0 1912271932 TIMEOUT_START
216 0 1912459216 LICK
216 0 1912459756 TIMEOUT_START
216 0 1913019976 LICK
216 0 1913020520 TIMEOUT_START
216 0 1913170980 RESP_END
216 0 1920021076 TIMEOUT_END
217 0 1922026684 STIM_START
217 0 1926052140 STIM_END_RESP_START
217 0 1926096296 LICK
217 0 1926096828 TIMEOUT_START
217 0 1926671068 LICK
217 0 1926671604 TIMEOUT_START
217 0 1927252156 RESP_END
217 0 1933672160 TIMEOUT_END
218 0 1935881852 STIM_START
218 0 1939907308 STIM_END_RESP_START
218 0 1941107324 RESP_END
219 1 1943293092 STIM_START
219 1 1947068544 STIM_END_RESP_START
219 1 1947554132 LICK
219 1 1947554668 REWARD_START
219 1 1947746160 LICK
219 1 1947910268 LICK
219 1 1948209908 LICK
219 1 1948268572 RESP_END
219 1 1947567748 REWARD_END
220 0 1951345348 STIM_START
220 0 1955370804 STIM_END_RESP_START
220 0 1956570820 RESP_END
221 0 1958540464 STIM_START
221 0 1961044328 LICK
221 0 1961250200 LICK
221 0 1962022808 LICK
221 0 1962565924 STIM_END_RESP_START
221 0 1963765940 RESP_END
222 0 1965664572 STIM_START
222 0 1969189980 STIM_END_RESP_START
222 0 1970390032 RESP_END
223 1 1972332680 STIM_START
223 1 1975608072 STIM_END_RESP_START
223 1 1975975352 LICK
223 1 1975975884 REWARD_START
223 1 1976164496 LICK
223 1 1976495032 LICK
223 1 1976641380 LICK
223 1 1976793320 LICK
223 1 1976808104 RESP_END
223 1 1975988964 REWARD_END
224 1 1979246776 STIM_START
224 1 1983022196 STIM_END_RESP_START
224 1 1983365020 LICK
224 1 1983365560 REWARD_START
224 1 1983509956 LICK
224 1 1983658312 LICK
224 1 1983825748 LICK
224 1 1983958768 LICK
224 1 1984108608 LICK
224 1 1984222224 RESP_END
224 1 1983378620 REWARD_END
225 0 1986510936 STIM_START
225 0 1990181560 LICK
225 0 1990374948 LICK
225 0 1990536420 STIM_END_RESP_START
225 0 1991736436 RESP_END
226 0 1993647052 STIM_START
226 0 1997672512 STIM_END_RESP_START
226 0 1998872560 RESP_END
227 0 2000901296 STIM_START
227 0 2004426692 STIM_END_RESP_START
227 0 2005626708 RESP_END
228 1 2007526300 STIM_START
228 1 2010801700 STIM_END_RESP_START
228 1 2011123684 LICK
228 1 2011124224 REWARD_START
228 1 2011277728 LICK
228 1 2011571456 LICK
228 1 2011754572 LICK
228 1 2011912104 LICK
228 1 2012001744 RESP_END
228 1 2011137304 REWARD_END
229 0 2014168320 STIM_START
229 0 2018193776 STIM_END_RESP_START
229 0 2019393792 RESP_END
230 1 2021147416 STIM_START
230 1 2022317272 LICK
230 1 2025172868 STIM_END_RESP_START
230 1 2025478176 LICK
230 1 2025478708 REWARD_START
230 1 2025587680 LICK
230 1 2025899444 LICK
230 1 2026247980 LICK
230 1 2026372904 RESP_END
230 1 2025491788 REWARD_END
231 1 2028857676 STIM_START
231 1 2032383080 STIM_END_RESP_START
231 1 2032693208 LICK
231 1 2032693748 REWARD_START
231 1 2032866772 LICK
231 1 2033166052 LICK
231 1 2033323336 LICK
231 1 2033583128 RESP_END
231 1 2032706828 REWARD_END
232 0 2036145804 STIM_START
232 0 2039921216 STIM_END_RESP_START
232 0 2040531988 LICK
232 0 2040532520 TIMEOUT_START
232 0 2041121256 RESP_END
232 0 2047533096 TIMEOUT_END
233 0 2049353888 STIM_START
233 0 2053129336 STIM_END_RESP_START
233 0 2054329388 RESP_END
234 1 2056563016 STIM_START
234 1 2060338464 STIM_END_RESP_START
234 1 2060691752 LICK
234 1 2060692284 REWARD_START
234 1 2060819600 LICK
234 1 2061116592 LICK
234 1 2061538484 RESP_END
234 1 2060705364 REWARD_END
235 1 2064185252 STIM_START
235 1 2067930544 LICK
235 1 2068092888 LICK
235 1 2068210720 STIM_END_RESP_START
235 1 2068287376 LICK
235 1 2068287916 REWARD_START
235 1 2068515628 LICK
235 1 2068648772 LICK
235 1 2068814280 LICK
235 1 2068972644 LICK
235 1 2069134400 LICK
235 1 2069303420 LICK
235 1 2069410748 RESP_END
235 1 2068300980 REWARD_END
236 1 2071590428 STIM_START
236 1 2075115832 STIM_END_RESP_START
236 1 2075341224 LICK
236 1 2075341756 REWARD_START
236 1 2075458788 LICK
236 1 2075770220 LICK
236 1 2075959784 LICK
236 1 2076307100 LICK
236 1 2076315868 RESP_END
236 1 2075354836 REWARD_END
237 0 2079548668 STIM_START
237 0 2082824064 STIM_END_RESP_START
237 0 2083193552 LICK
237 0 2083194096 TIMEOUT_START
237 0 2084024112 RESP_END
237 0 2090194660 TIMEOUT_END
238 1 2092040708 STIM_START
238 1 2095316104 STIM_END_RESP_START
238 1 2095647948 LICK
238 1 2095648484 REWARD_START
238 1 2095789156 LICK
238 1 2095977588 LICK
238 1 2096160276 LICK
238 1 2096293004 LICK
238 1 2096445520 LICK
238 1 2096516136 RESP_END
238 1 2095661564 REWARD_END
239 0 2098851784 STIM_START
239 0 2102627232 STIM_END_RESP_START
239 0 2102759408 LICK
239 0 2102759944 TIMEOUT_START
239 0 2102906900 LICK
239 0 2102907428 TIMEOUT_START
239 0 2103081980 LICK
239 0 2103082516 TIMEOUT_START
239 0 2103331124 LICK
239 0 2103331656 TIMEOUT_START
239 0 2103827276 RESP_END
239 0 2110332212 TIMEOUT_END
240 1 2112545932 STIM_START
240 1 2116571388 STIM_END_RESP_START
240 1 2116863956 LICK
240 1 2116864496 REWARD_START
240 1 2117031552 LICK
240 1 2117336944 LICK
240 1 2117481604 LICK
240 1 2117649632 LICK
240 1 2117771420 RESP_END
240 1 2116877572 REWARD_END
241 0 2119933124 STIM_START
241 0 2122964524 LICK
241 0 2123154280 LICK
241 0 2123347440 LICK
241 0 2123958596 STIM_END_RESP_START
241 0 2125158608 RESP_END
242 1 2127125256 STIM_START
242 1 2130650664 STIM_END_RESP_START
242 1 2130956404 LICK
242 1 2130956936 REWARD_START
242 1 2131110808 LICK
242 1 2131273032 LICK
242 1 2131582884 LICK
242 1 2131746584 LICK
242 1 2131850700 RESP_END
242 1 2130970012 REWARD_END
243 0 2134312336 STIM_START
243 0 2137837740 STIM_END_RESP_START
243 0 2139037756 RESP_END
244 1 2141033468 STIM_START
244 1 2144808916 STIM_END_RESP_START
244 1 2145080696 LICK
244 1 2145081228 REWARD_START
244 1 2145427956 LICK
244 1 2145748764 LICK
244 1 2145888572 LICK
244 1 2146008952 RESP_END
244 1 2145094308 REWARD_END
245 0 2148572640 STIM_START
245 0 2152598096 STIM_END_RESP_START
245 0 2153154364 LICK
245 0 2153154904 TIMEOUT_START
245 0 2153302020 LICK
245 0 2153302552 TIMEOUT_START
245 0 2153798140 RESP_END
245 0 2160303124 TIMEOUT_END
246 1 2162283800 STIM_START
246 1 2165559188 STIM_END_RESP_START
246 1 2165756392 LICK
246 1 2165756932 REWARD_START
246 1 2165962028 LICK
246 1 2166414052 LICK
246 1 2166746828 LICK
246 1 2166759204 RESP_END
246 1 2165770008 REWARD_END
247 0 2170152072 STIM_START
247 0 2172736040 LICK
247 0 2172913736 LICK
247 0 2173927512 STIM_END_RESP_START
247 0 2175127568 RESP_END
248 1 2177101120 STIM_START
248 1 2180362176 LICK
248 1 2180876560 STIM_END_RESP_START
248 1 2180938472 LICK
248 1 2180939012 REWARD_START
248 1 2181082636 LICK
248 1 2181386776 LICK
248 1 2181555420 LICK
248 1 2181718888 LICK
248 1 2181866180 LICK
248 1 2182026596 LICK
248 1 2182076600 RESP_END
248 1 2180952092 REWARD_END
249 1 2184367336 STIM_START
249 1 2187892740 STIM_END_RESP_START
249 1 2188161992 LICK
249 1 2188162532 REWARD_START
249 1 2188337172 LICK
249 1 2188635580 LICK
249 1 2188798476 LICK
249 1 2188948544 LICK
249 1 2189092784 RESP_END
249 1 2188175612 REWARD_END
250 1 2191864552 STIM_START
250 1 2194646724 LICK
250 1 2195139936 STIM_END_RESP_START
250 1 2195402152 LICK
250 1 2195402688 REWARD_START
250 1 2195554808 LICK
250 1 2195712032 LICK
250 1 2196032396 LICK
250 1 2196200404 LICK
250 1 2196339960 RESP_END
250 1 2195415768 REWARD_END
251 0 2198797612 STIM_START
251 0 2202573064 STIM_END_RESP_START
251 0 2203773076 RESP_END
252 0 2205578664 STIM_START
252 0 2209604120 STIM_END_RESP_START
252 0 2210804136 RESP_END
253 0 2212932864 STIM_START
253 0 2216958320 STIM_END_RESP_START
253 0 2218158340 RESP_END
254 1 2220137016 STIM_START
254 1 2224162472 STIM_END_RESP_START
254 1 2224376268 LICK
254 1 2224376800 REWARD_START
254 1 2224590780 LICK
254 1 2224761984 LICK
254 1 2225045464 LICK
254 1 2225198900 LICK
254 1 2225362516 RESP_END
254 1 2224389880 REWARD_END
255 0 2227617188 STIM_START
255 0 2229414072 LICK
255 0 2230892564 STIM_END_RESP_START
255 0 2232092572 RESP_END
256 1 2234001212 STIM_START
256 1 2237005016 LICK
256 1 2237776664 STIM_END_RESP_START
256 1 2238116248 LICK
256 1 2238116780 REWARD_START
256 1 2238255848 LICK
256 1 2238571580 LICK
256 1 2238735936 LICK
256 1 2238864156 LICK
256 1 2238976692 RESP_END
256 1 2238129860 REWARD_END
257 1 2241134308 STIM_START
257 1 2244409668 STIM_END_RESP_START
257 1 2244779400 LICK
257 1 2244779932 REWARD_START
257 1 2244935828 LICK
257 1 2245204568 LICK
257 1 2245360700 LICK
257 1 2245527536 LICK
257 1 2245609708 RESP_END
257 1 2244793012 REWARD_END
258 0 2247830396 STIM_START
258 0 2251355792 STIM_END_RESP_START
258 0 2251356860 LICK
258 0 2251357400 TIMEOUT_START
258 0 2251912584 LICK
258 0 2251913120 TIMEOUT_START
258 0 2252169700 LICK
258 0 2252170232 TIMEOUT_START
258 0 2252555836 RESP_END
258 0 2259170792 TIMEOUT_END
259 0 2261346540 STIM_START
259 0 2265121992 STIM_END_RESP_START
259 0 2266322004 RESP_END
260 1 2268223632 STIM_START
260 1 2272249088 STIM_END_RESP_START
260 1 2272391876 LICK
260 1 2272392416 REWARD_START
260 1 2272661892 LICK
260 1 2272939812 LICK
260 1 2273239196 LICK
260 1 2273409660 LICK
260 1 2273449124 RESP_END
260 1 2272405488 REWARD_END
261 1 2275941864 STIM_START
261 1 2279217224 STIM_END_RESP_START
261 1 2279262928 LICK
261 1 2279263468 REWARD_START
261 1 2279491120 LICK
261 1 2279620624 LICK
261 1 2279801112 LICK
261 1 2279945776 LICK
261 1 2280115460 LICK
261 1 2280263064 LICK
261 1 2280417252 RESP_END
261 1 2279276548 REWARD_END
262 0 2282299840 STIM_START
262 0 2285757372 LICK
262 0 2285825256 STIM_END_RESP_START
262 0 2285982156 LICK
262 0 2285982688 TIMEOUT_START
262 0 2286483060 LICK
262 0 2286483600 TIMEOUT_START
262 0 2287025292 RESP_END
262 0 2293484160 TIMEOUT_END
263 0 2295615984 STIM_START
263 0 2299263816 LICK
263 0 2299391428 STIM_END_RESP_START
263 0 2300591452 RESP_END
264 1 2302430260 STIM_START
264 1 2306205708 STIM_END_RESP_START
264 1 2306443484 LICK
264 1 2306444016 REWARD_START
264 1 2306615352 LICK
264 1 2306916552 LICK
264 1 2307223568 LICK
264 1 2307355452 LICK
264 1 2307405728 RESP_END
264 1 2306457096 REWARD_END
265 1 2310095296 STIM_START
265 1 2312217888 LICK
265 1 2312599804 LICK
265 1 2313153704 LICK
265 1 2313369156 LICK
265 1 2313567520 LICK
265 1 2313620704 STIM_END_RESP_START
265 1 2313863640 LICK
265 1 2313864176 REWARD_START
265 1 2314082912 LICK
265 1 2314218032 LICK
265 1 2314371208 LICK
265 1 2314535260 LICK
265 1 2314674536 LICK
265 1 2314820740 RESP_END
265 1 2313877252 REWARD_END
266 1 2317442416 STIM_START
266 1 2319228840 LICK
266 1 2320717788 STIM_END_RESP_START
266 1 2320973324 LICK
266 1 2320973860 REWARD_START
266 1 2321154296 LICK
266 1 2321429432 LICK
266 1 2321605844 LICK
266 1 2321730392 LICK
266 1 2321875476 LICK
266 1 2321917836 RESP_END
266 1 2320986932 REWARD_END
267 0 2324525552 STIM_START
267 0 2326282144 LICK
267 0 2326485044 LICK
267 0 2326741972 LICK
267 0 2327800052 LICK
267 0 2328551000 STIM_END_RESP_START
267 0 2329751020 RESP_END
268 0 2331693680 STIM_START
268 0 2335719136 STIM_END_RESP_START
268 0 2336919152 RESP_END
269 1 2338840852 STIM_START
269 1 2342116244 STIM_END_RESP_START
269 1 2342303120 LICK
269 1 2342303656 REWARD_START
269 1 2342442688 LICK
269 1 2342731428 LICK
269 1 2342901824 LICK
269 1 2343066976 LICK
269 1 2343212220 LICK
269 1 2343316276 RESP_END
269 1 2342316736 REWARD_END
270 1 2345466900 STIM_START
270 1 2349492356 STIM_END_RESP_START
270 1 2350036632 LICK
270 1 2350037172 REWARD_START
270 1 2350280896 LICK
270 1 2350555644 LICK
270 1 2350692408 RESP_END
270 1 2350050248 REWARD_END
271 1 2353626140 STIM_START
271 1 2357651596 STIM_END_RESP_START
271 1 2357932236 LICK
271 1 2357932772 REWARD_START
271 1 2358079068 LICK
271 1 2358405816 LICK
271 1 2358564292 LICK
271 1 2358725664 LICK
271 1 2358851640 RESP_END
271 1 2357945852 REWARD_END
272 0 2361155392 STIM_START
272 0 2364680796 STIM_END_RESP_START
272 0 2364744196 LICK
272 0 2364744736 TIMEOUT_START
272 0 2365880828 RESP_END
272 0 2371745284 TIMEOUT_END
273 0 2373679364 STIM_START
273 0 2377204768 STIM_END_RESP_START
273 0 2377732960 LICK
273 0 2377733496 TIMEOUT_START
273 0 2378404796 RESP_END
273 0 2384734044 TIMEOUT_END
274 0 2387214516 STIM_START
274 0 2389767724 LICK
274 0 2390489904 STIM_END_RESP_START
274 0 2391689932 RESP_END
275 1 2394494616 STIM_START
275 1 2394896228 LICK
275 1 2398270072 STIM_END_RESP_START
275 1 2398705596 LICK
275 1 2398706140 REWARD_START
275 1 2398878572 LICK
275 1 2399175268 LICK
275 1 2399322776 LICK
275 1 2399470108 RESP_END
275 1 2398719220 REWARD_END
276 0 2401631776 STIM_START
276 0 2405407188 STIM_END_RESP_START
276 0 2406607204 RESP_END
277 1 2408561872 STIM_START
277 1 2412337324 STIM_END_RESP_START
277 1 2412650624 LICK
277 1 2412651160 REWARD_START
277 1 2412801340 LICK
277 1 2413087564 LICK
277 1 2413424112 LICK
277 1 2413537364 RESP_END
277 1 2412664236 REWARD_END
278 0 2416209180 STIM_START
278 0 2419084376 LICK
278 0 2419997124 LICK
278 0 2420175332 LICK
278 0 2420234640 STIM_END_RESP_START
278 0 2421434656 RESP_END
279 0 2423624304 STIM_START
279 0 2427149708 STIM_END_RESP_START
279 0 2428349728 RESP_END
280 0 2430458344 STIM_START
280 0 2433983748 STIM_END_RESP_START
280 0 2434648756 LICK
280 0 2434649296 TIMEOUT_START
280 0 2434828308 LICK
280 0 2434828840 TIMEOUT_START
280 0 2435183768 RESP_END
280 0 2441829400 TIMEOUT_END
281 1 2443600424 STIM_START
281 1 2447125828 STIM_END_RESP_START
281 1 2447615904 LICK
281 1 2447616448 REWARD_START
281 1 2447761032 LICK
281 1 2448051128 LICK
281 1 2448325868 RESP_END
281 1 2447629508 REWARD_END
282 0 2451005596 STIM_START
282 0 2454530996 STIM_END_RESP_START
282 0 2454954516 LICK
282 0 2454955056 TIMEOUT_START
282 0 2455136280 LICK
282 0 2455136816 TIMEOUT_START
282 0 2455731020 RESP_END
282 0 2462137380 TIMEOUT_END
283 1 2464019696 STIM_START
283 1 2467295088 STIM_END_RESP_START
283 1 2467797152 LICK
283 1 2467797688 REWARD_START
283 1 2468398680 LICK
283 1 2468495108 RESP_END
283 1 2467810768 REWARD_END
284 0 2471761896 STIM_START
284 0 2475037296 STIM_END_RESP_START
284 0 2476237312 RESP_END
285 0 2478028940 STIM_START
285 0 2481304332 STIM_END_RESP_START
285 0 2482431784 LICK
285 0 2482432324 TIMEOUT_START
285 0 2482504348 RESP_END
285 0 2489432880 TIMEOUT_END
286 0 2491350040 STIM_START
286 0 2494625392 STIM_END_RESP_START
286 0 2495825408 RESP_END
287 1 2497864044 STIM_START
287 1 2501889500 STIM_END_RESP_START
287 1 2502179940 LICK
287 1 2502180476 REWARD_START
287 1 2502489056 LICK
287 1 2502797744 LICK
287 1 2503089540 RESP_END
287 1 2502193556 REWARD_END
288 1 2506168416 STIM_START
288 1 2509943868 STIM_END_RESP_START
288 1 2510289760 LICK
288 1 2510290300 REWARD_START
288 1 2510413512 LICK
288 1 2510588676 LICK
288 1 2510751968 LICK
288 1 2510907764 LICK
288 1 2511042884 LICK
288 1 2511143904 RESP_END
288 1 2510303364 REWARD_END
289 1 2513830620 STIM_START
289 1 2517356028 STIM_END_RESP_START
289 1 2517768016 LICK
289 1 2517768556 REWARD_START
289 1 2517883544 LICK
289 1 2518037872 LICK
289 1 2518190752 LICK
289 1 2518352264 LICK
289 1 2518509240 LICK
289 1 2518556052 RESP_END
289 1 2517781616 REWARD_END
290 0 2521003720 STIM_START
290 0 2524529124 STIM_END_RESP_START
290 0 2525729140 RESP_END
291 1 2527704776 STIM_START
291 1 2531730236 STIM_END_RESP_START
291 1 2532017332 LICK
291 1 2532017868 REWARD_START
291 1 2532168420 LICK
291 1 2532489328 LICK
291 1 2532640620 LICK
291 1 2532930260 RESP_END
291 1 2532030948 REWARD_END
292 1 2535132984 STIM_START
292 1 2538658388 STIM_END_RESP_START
292 1 2538951040 LICK
292 1 2538951572 REWARD_START
292 1 2539128908 LICK
292 1 2539282656 LICK
292 1 2539611888 LICK
292 1 2539767364 LICK
292 1 2539858408 RESP_END
292 1 2538964656 REWARD_END
293 1 2542647148 STIM_START
293 1 2546672608 STIM_END_RESP_START
293 1 2546970940 LICK
293 1 2546971472 REWARD_START
293 1 2547148964 LICK
293 1 2547435132 LICK
293 1 2547619488 LICK
293 1 2547782312 LICK
293 1 2547872616 RESP_END
293 1 2546984556 REWARD_END
294 0 2550351384 STIM_START
294 0 2553626744 STIM_END_RESP_START
294 0 2554826764 RESP_END
295 1 2556780412 STIM_START
295 1 2560805872 STIM_END_RESP_START
295 1 2561135592 LICK
295 1 2561136132 REWARD_START
295 1 2561279496 LICK
295 1 2561590732 LICK
295 1 2561753776 LICK
295 1 2561904976 LICK
295 1 2562005896 RESP_END
295 1 2561149212 REWARD_END
296 1 2564481584 STIM_START
296 1 2568257032 STIM_END_RESP_START
296 1 2568536576 LICK
296 1 2568537116 REWARD_START
296 1 2568743860 LICK
296 1 2569002596 LICK
296 1 2569188096 LICK
296 1 2569325908 LICK
296 1 2569457052 RESP_END
296 1 2568550188 REWARD_END
297 0 2571633732 STIM_START
297 0 2574909124 STIM_END_RESP_START
297 0 2576109140 RESP_END
298 0 2578099788 STIM_START
298 0 2581375148 STIM_END_RESP_START
298 0 2582069472 LICK
298 0 2582070004 TIMEOUT_START
298 0 2582575192 RESP_END
298 0 2589070568 TIMEOUT_END
299 1 2591089880 STIM_START
299 1 2593809040 LICK
299 1 2594596112 LICK
299 1 2595040288 LICK
299 1 2595115348 STIM_END_RESP_START
299 1 2595259916 LICK
299 1 2595260456 REWARD_START
299 1 2595453468 LICK
299 1 2595802100 LICK
299 1 2596102320 LICK
299 1 2596254460 LICK
299 1 2596315376 RESP_END
299 1 2595273528 REWARD_END
300 0 2598757036 STIM_START
300 0 2601980256 LICK
300 0 2602782508 STIM_END_RESP_START
300 0 2602914428 LICK
300 0 2602914964 TIMEOUT_START
300 0 2603079332 LICK
300 0 2603079872 TIMEOUT_START
300 0 2603982520 RESP_END
300 0 2610080432 TIMEOUT_END
301 1 2611899152 STIM_START
301 1 2612318904 LICK
301 1 2615924616 STIM_END_RESP_START
301 1 2616158192 LICK
301 1 2616158736 REWARD_START
301 1 2616288284 LICK
301 1 2616600980 LICK
301 1 2616766796 LICK
301 1 2616934728 LICK
301 1 2617058992 LICK
301 1 2617124632 RESP_END
301 1 2616171816 REWARD_END
302 0 2619437296 STIM_START
302 0 2623212748 STIM_END_RESP_START
302 0 2623714020 LICK
302 0 2623714560 TIMEOUT_START
302 0 2624412788 RESP_END
302 0 2630715108 TIMEOUT_END
303 1 2632677440 STIM_START
303 1 2636452892 STIM_END_RESP_START
303 1 2636672292 LICK
303 1 2636672824 REWARD_START
303 1 2636823532 LICK
303 1 2637125252 LICK
303 1 2637303432 LICK
303 1 2637455080 LICK
303 1 2637578176 LICK
303 1 2637652904 RESP_END
303 1 2636685904 REWARD_END
304 0 2639784612 STIM_START
304 0 2643560064 STIM_END_RESP_START
304 0 2644288092 LICK
304 0 2644288628 TIMEOUT_START
304 0 2644760096 RESP_END
304 0 2651289180 TIMEOUT_END
305 0 2653038644 STIM_START
305 0 2653480736 LICK
305 0 2656564040 STIM_END_RESP_START
305 0 2657764056 RESP_END
306 0 2659589664 STIM_START
306 0 2663615120 STIM_END_RESP_START
306 0 2664815136 RESP_END
307 1 2666687816 STIM_START
307 1 2670713276 STIM_END_RESP_START
307 1 2671023756 LICK
307 1 2671024296 REWARD_START
307 1 2671186508 LICK
307 1 2671386192 LICK
307 1 2671528636 LICK
307 1 2671682272 LICK
307 1 2671831600 LICK
307 1 2671913296 RESP_END
307 1 2671037368 REWARD_END
308 1 2673907988 STIM_START
308 1 2677183376 STIM_END_RESP_START
308 1 2677458804 LICK
308 1 2677459344 REWARD_START
308 1 2677640968 LICK
308 1 2677915728 LICK
308 1 2678096180 LICK
308 1 2678223972 LICK
308 1 2678378728 LICK
308 1 2678383400 RESP_END
308 1 2677472424 REWARD_END
309 1 2681126096 STIM_START
309 1 2684401456 STIM_END_RESP_START
309 1 2684652440 LICK
309 1 2684652980 REWARD_START
309 1 2684795336 LICK
309 1 2684963900 LICK
309 1 2685254444 LICK
309 1 2685423660 LICK
309 1 2685581436 LICK
309 1 2685601496 RESP_END
309 1 2684666056 REWARD_END
310 0 2687811140 STIM_START
310 0 2691586556 STIM_END_RESP_START
310 0 2692786608 RESP_END
311 1 2694764284 STIM_START
311 1 2698039680 STIM_END_RESP_START
311 1 2698308348 LICK
311 1 2698308888 REWARD_START
311 1 2698465548 LICK
311 1 2698763084 LICK
311 1 2698927164 LICK
311 1 2699111488 LICK
311 1 2699239716 RESP_END
311 1 2698321964 REWARD_END
312 0 2701724348 STIM_START
312 0 2705249752 STIM_END_RESP_START
312 0 2706449768 RESP_END
313 1 2708512472 STIM_START
313 1 2711414420 LICK
313 1 2711633136 LICK
313 1 2711787852 STIM_END_RESP_START
313 1 2711930000 LICK
313 1 2711930536 REWARD_START
313 1 2712170236 LICK
313 1 2712434136 LICK
313 1 2712746636 LICK
313 1 2712907352 LICK
313 1 2712987892 RESP_END
313 1 2711943616 REWARD_END
314 1 2715622596 STIM_START
314 1 2718897984 STIM_END_RESP_START
314 1 2720098000 RESP_END
315 1 2722254624 STIM_START
315 1 2726030072 STIM_END_RESP_START
315 1 2726292448 LICK
315 1 2726292988 REWARD_START
315 1 2726446224 LICK
315 1 2726616144 LICK
315 1 2727146560 LICK
315 1 2727230084 RESP_END
315 1 2726306068 REWARD_END
316 0 2729761864 STIM_START
316 0 2733037256 STIM_END_RESP_START
316 0 2734237268 RESP_END
317 0 2736361884 STIM_START
317 0 2738747596 LICK
317 0 2739628976 LICK
317 0 2739810680 LICK
317 0 2740387364 STIM_END_RESP_START
317 0 2741587380 RESP_END
318 1 2743538980 STIM_START
318 1 2747064388 STIM_END_RESP_START
318 1 2747354452 LICK
318 1 2747354984 REWARD_START
318 1 2747528128 LICK
318 1 2747688588 LICK
318 1 2747982436 LICK
318 1 2748147272 LICK
318 1 2748264420 RESP_END
318 1 2747368064 REWARD_END
319 1 2751123228 STIM_START
319 1 2755148688 STIM_END_RESP_START
319 1 2755456804 LICK
319 1 2755457340 REWARD_START
319 1 2755624096 LICK
319 1 2755796292 LICK
319 1 2756112456 LICK
319 1 2756256680 LICK
319 1 2756348708 RESP_END
319 1 2755470420 REWARD_END
320 0 2759079492 STIM_START
320 0 2762354888 STIM_END_RESP_START
320 0 2763554904 RESP_END
321 0 2765506460 STIM_START
321 0 2768781856 STIM_END_RESP_START
321 0 2769981872 RESP_END
322 0 2772125572 STIM_START
322 0 2775650976 STIM_END_RESP_START
322 0 2776850992 RESP_END
323 1 2778662592 STIM_START
323 1 2782187996 STIM_END_RESP_START
323 1 2782498580 LICK
323 1 2782499120 REWARD_START
323 1 2782675912 LICK
323 1 2782844972 LICK
323 1 2783311480 LICK
323 1 2783388016 RESP_END
323 1 2782512180 REWARD_END
324 0 2785876760 STIM_START
324 0 2788991468 LICK
324 0 2789902216 STIM_END_RESP_START
324 0 2791102232 RESP_END
325 0 2793222908 STIM_START
325 0 2796998360 STIM_END_RESP_START
325 0 2798198376 RESP_END
326 0 2800381056 STIM_START
326 0 2803906456 STIM_END_RESP_START
326 0 2805106472 RESP_END
327 1 2807010164 STIM_START
327 1 2810285536 STIM_END_RESP_START
327 1 2810293984 LICK
327 1 2810294524 REWARD_START
327 1 2810471224 LICK
327 1 2810737788 LICK
327 1 2811041852 LICK
327 1 2811179372 LICK
327 1 2811356724 LICK
327 1 2811485572 RESP_END
327 1 2810307600 REWARD_END
328 1 2813613112 STIM_START
328 1 2817638572 STIM_END_RESP_START
328 1 2817908992 LICK
328 1 2817909528 REWARD_START
328 1 2818077796 LICK
328 1 2818393072 LICK
328 1 2818561612 LICK
328 1 2818838600 RESP_END
328 1 2817922608 REWARD_END
329 1 2821456360 STIM_START
329 1 2824731756 STIM_END_RESP_START
329 1 2824929080 LICK
329 1 2824929620 REWARD_START
329 1 2825116344 LICK
329 1 2825408680 LICK
329 1 2825588520 LICK
329 1 2825729564 LICK
329 1 2825884132 LICK
329 1 2825931788 RESP_END
329 1 2824942680 REWARD_END
330 0 2828943572 STIM_START
330 0 2832969028 STIM_END_RESP_START
330 0 2834169044 RESP_END
331 1 2836318740 STIM_START
331 1 2837214384 LICK
331 1 2839844152 STIM_END_RESP_START
331 1 2840186312 LICK
331 1 2840186848 REWARD_START
331 1 2840439248 LICK
331 1 2840606536 LICK
331 1 2840743072 LICK
331 1 2840884768 LICK
331 1 2841042244 LICK
331 1 2841044168 RESP_END
331 1 2840199924 REWARD_END
332 1 2843688904 STIM_START
332 1 2847464324 STIM_END_RESP_START
332 1 2847806516 LICK
332 1 2847807052 REWARD_START
332 1 2847975996 LICK
332 1 2848264488 LICK
332 1 2848457052 LICK
332 1 2848605956 LICK
332 1 2848664344 RESP_END
332 1 2847820132 REWARD_END
333 0 2850999016 STIM_START
333 0 2851582808 LICK
333 0 2854774452 STIM_END_RESP_START
333 0 2855974468 RESP_END
334 0 2858055248 STIM_START
334 0 2860836460 LICK
334 0 2861039592 LICK
334 0 2861221356 LICK
334 0 2861818920 LICK
334 0 2862080696 STIM_END_RESP_START
334 0 2863280712 RESP_END
335 1 2865378324 STIM_START
335 1 2869153768 STIM_END_RESP_START
335 1 2869478504 LICK
335 1 2869479036 REWARD_START
335 1 2869789220 LICK
335 1 2870104828 LICK
335 1 2870246852 LICK
335 1 2870353796 RESP_END
335 1 2869492116 REWARD_END
336 1 2872322424 STIM_START
336 1 2875847828 STIM_END_RESP_START
336 1 2876314880 LICK
336 1 2876315412 REWARD_START
336 1 2876473528 LICK
336 1 2876618812 LICK
336 1 2876928716 LICK
336 1 2877047876 RESP_END
336 1 2876328492 REWARD_END
337 0 2879190516 STIM_START
337 0 2882715924 STIM_END_RESP_START
337 0 2883915940 RESP_END
338 0 2885721560 STIM_START
338 0 2889246964 STIM_END_RESP_START
338 0 2890446980 RESP_END
339 1 2892555656 STIM_START
339 1 2896581112 STIM_END_RESP_START
339 1 2896995068 LICK
339 1 2896995608 REWARD_START
339 1 2897155136 LICK
339 1 2897338892 LICK
339 1 2897490844 LICK
339 1 2897625140 LICK
339 1 2897781140 RESP_END
339 1 2897008688 REWARD_END
340 0 2899926820 STIM_START
340 0 2903452224 STIM_END_RESP_START
340 0 2904652240 RESP_END
341 1 2906475844 STIM_START
341 1 2910501304 STIM_END_RESP_START
341 1 2911701316 RESP_END
342 0 2913450968 STIM_START
342 0 2917476432 STIM_END_RESP_START
342 0 2918676440 RESP_END
343 0 2920745156 STIM_START
343 0 2924770612 STIM_END_RESP_START
343 0 2925970628 RESP_END
344 1 2927781256 STIM_START
344 1 2931806716 STIM_END_RESP_START
344 1 2933006732 RESP_END
345 0 2934781384 STIM_START
345 0 2938556836 STIM_END_RESP_START
345 0 2939756852 RESP_END
346 0 2941653440 STIM_START
346 0 2945428892 STIM_END_RESP_START
346 0 2946628908 RESP_END
347 1 2948388544 STIM_START
347 1 2952163996 STIM_END_RESP_START
347 1 2952664800 LICK
347 1 2952665340 REWARD_START
347 1 2952857220 LICK
347 1 2952992204 LICK
347 1 2953278764 LICK
347 1 2953364040 RESP_END
347 1 2952678420 REWARD_END
348 1 2955990696 STIM_START
348 1 2959766148 STIM_END_RESP_START
348 1 2960206464 LICK
348 1 2960207000 REWARD_START
348 1 2960378596 LICK
348 1 2960818280 LICK
348 1 2960966168 RESP_END
348 1 2960220072 REWARD_END
349 0 2963496920 STIM_START
349 0 2967022324 STIM_END_RESP_START
349 0 2968222344 RESP_END
350 0 2970405976 STIM_START
350 0 2973931372 STIM_END_RESP_START
350 0 2975131388 RESP_END
351 1 2977167052 STIM_START
351 1 2980442452 STIM_END_RESP_START
351 1 2981642468 RESP_END
352 1 2983731108 STIM_START
352 1 2987506560 STIM_END_RESP_START
352 1 2987969064 LICK
352 1 2987969604 REWARD_START
352 1 2988141252 LICK
352 1 2988447876 LICK
352 1 2988706580 RESP_END
352 1 2987982680 REWARD_END
353 0 2991814368 STIM_START
353 0 2995589820 STIM_END_RESP_START
353 0 2996789832 RESP_END
354 0 2998503460 STIM_START
354 0 3001778852 STIM_END_RESP_START
354 0 3002978868 RESP_END
355 0 3005005536 STIM_START
355 0 3008087340 LICK
355 0 3008280912 STIM_END_RESP_START
355 0 3008294184 LICK
355 0 3008294720 TIMEOUT_START
355 0 3008501108 LICK
355 0 3008501640 TIMEOUT_START
355 0 3008710756 LICK
355 0 3008711292 TIMEOUT_START
355 0 3008955304 LICK
355 0 3008955844 TIMEOUT_START
355 0 3009480924 RESP_END
355 0 3015956400 TIMEOUT_END
356 1 3018022520 STIM_START
356 1 3021547924 STIM_END_RESP_START
356 1 3022747940 RESP_END
357 1 3024518616 STIM_START
357 1 3028544072 STIM_END_RESP_START
357 1 3028944144 LICK
357 1 3028944680 REWARD_START
357 1 3029090340 LICK
357 1 3029420596 LICK
357 1 3029730472 LICK
357 1 3029744096 RESP_END
357 1 3028957760 REWARD_END
358 1 3032811900 STIM_START
358 1 3036587356 STIM_END_RESP_START
358 1 3037787372 RESP_END
359 0 3039559944 STIM_START
359 0 3043585404 STIM_END_RESP_START
359 0 3044785420 RESP_END
360 1 3046847140 STIM_START
360 1 3050622592 STIM_END_RESP_START
360 1 3051822608 RESP_END
361 0 3053580244 STIM_START
361 0 3056855640 STIM_END_RESP_START
361 0 3058055660 RESP_END
362 1 3059807180 STIM_START
362 1 3063582592 STIM_END_RESP_START
362 1 3064782612 RESP_END
363 1 3066687264 STIM_START
363 1 3070712724 STIM_END_RESP_START
363 1 3071912744 RESP_END
364 1 3073995464 STIM_START
364 1 3077270864 STIM_END_RESP_START
364 1 3078470880 RESP_END
365 0 3080556492 STIM_START
365 0 3084581956 STIM_END_RESP_START
365 0 3085781964 RESP_END
USER_EXIT