001 2 4 1 0010744008 STIM_START
001 2 4 1 0013122736 LICK
001 2 4 1 0014233856 LICK
001 2 4 1 0014269452 STIM_END_RESP_START
001 2 4 1 0015469476 RESP_END
002 2 4 8 0017245156 STIM_START
002 2 4 8 0020770576 STIM_END_RESP_START
002 2 4 8 0021970592 RESP_END
003 0 5 7 0023779184 STIM_START
003 0 5 7 0027804664 STIM_END_RESP_START
003 0 5 7 0029004684 RESP_END
004 0 3 1 0030760324 STIM_START
004 0 3 1 0034035752 STIM_END_RESP_START
004 0 3 1 0035235804 RESP_END
005 1 3 3 0037019364 STIM_START
005 1 3 3 0040294756 STIM_END_RESP_START
005 1 3 3 0040620460 LICK
005 1 3 3 0040620896 REWARD_START
005 1 3 3 0041494804 RESP_END
005 1 3 3 0040633872 REWARD_END
006 1 2 9 0043218504 STIM_START
006 1 2 9 0046343880 STIM_END_RESP_START
006 1 2 9 0047543900 RESP_END
007 0 1 6 0049262392 STIM_START
007 0 1 6 0052337784 STIM_END_RESP_START
007 0 1 6 0053537804 RESP_END
008 0 5 2 0055297396 STIM_START
008 0 5 2 0057547720 LICK
008 0 5 2 0057916324 LICK
008 0 5 2 0058363068 LICK
008 0 5 2 0058537280 LICK
008 0 5 2 0058712244 LICK
008 0 5 2 0059322880 STIM_END_RESP_START
008 0 5 2 0060522896 RESP_END
009 0 5 2 0064151880 STIM_START
009 0 5 2 0068177360 STIM_END_RESP_START
009 0 5 2 0069377380 RESP_END
010 1 4 4 0071114068 STIM_START
010 1 4 4 0073763776 LICK
010 1 4 4 0073988524 LICK
010 1 4 4 0074215036 LICK
010 1 4 4 0074639500 STIM_END_RESP_START
010 1 4 4 0074849976 LICK
010 1 4 4 0074850420 REWARD_START
010 1 4 4 0075052264 LICK
010 1 4 4 0075224336 LICK
010 1 4 4 0075402732 LICK
010 1 4 4 0075560504 LICK
010 1 4 4 0075839548 RESP_END
010 1 4 4 0074863392 REWARD_END
011 1 3 8 0077546140 STIM_START
011 1 3 8 0080821532 STIM_END_RESP_START
011 1 3 8 0081119144 LICK
011 1 3 8 0081119588 REWARD_START
011 1 3 8 0081324744 LICK
011 1 3 8 0081618596 LICK
011 1 3 8 0081789388 LICK
011 1 3 8 0081933788 LICK
011 1 3 8 0082021576 RESP_END
011 1 3 8 0081132564 REWARD_END
012 1 2 10 0083725140 STIM_START
012 1 2 10 0086850520 STIM_END_RESP_START
012 1 2 10 0087090716 LICK
012 1 2 10 0087091152 REWARD_START
012 1 2 10 0087308068 LICK
012 1 2 10 0087480056 LICK
012 1 2 10 0087651100 LICK
012 1 2 10 0087828628 LICK
012 1 2 10 0087985776 LICK
012 1 2 10 0088050560 RESP_END
012 1 2 10 0087104128 REWARD_END
013 0 1 4 0089764180 STIM_START
013 0 1 4 0092740592 LICK
013 0 1 4 0092839560 STIM_END_RESP_START
013 0 1 4 0092964572 LICK
013 0 1 4 0092965016 TIMEOUT_START
013 0 1 4 0093131208 LICK
013 0 1 4 0093131648 TIMEOUT_START
013 0 1 4 0093816740 LICK
013 0 1 4 0093817180 TIMEOUT_START
013 0 1 4 0094019784 LICK
013 0 1 4 0094020220 TIMEOUT_START
013 0 1 4 0094039600 RESP_END
013 0 1 4 0101020664 TIMEOUT_END
014 0 3 10 0102743252 STIM_START
014 0 3 10 0105180432 LICK
014 0 3 10 0105438156 LICK
014 0 3 10 0106018656 STIM_END_RESP_START
014 0 3 10 0106548820 LICK
014 0 3 10 0106549304 TIMEOUT_START
014 0 3 10 0107218692 RESP_END
014 0 3 10 0113549788 TIMEOUT_END
015 1 4 1 0115268380 STIM_START
015 1 4 1 0116428724 LICK
015 1 4 1 0117360088 LICK
015 1 4 1 0118308176 LICK
015 1 4 1 0118793816 STIM_END_RESP_START
015 1 4 1 0119059560 LICK
015 1 4 1 0119060044 REWARD_START
015 1 4 1 0119457208 LICK
015 1 4 1 0119608708 LICK
015 1 4 1 0119808956 LICK
015 1 4 1 0119962200 LICK
015 1 4 1 0119993844 RESP_END
015 1 4 1 0119073064 REWARD_END
016 1 2 6 0121700424 STIM_START
016 1 2 6 0124704464 LICK
016 1 2 6 0124825784 STIM_END_RESP_START
016 1 2 6 0124886036 LICK
016 1 2 6 0124886520 REWARD_START
016 1 2 6 0125085768 LICK
016 1 2 6 0125237032 LICK
016 1 2 6 0125379408 LICK
016 1 2 6 0125586904 LICK
016 1 2 6 0125760372 LICK
016 1 2 6 0126025808 RESP_END
016 1 2 6 0124899524 REWARD_END
017 0 5 8 0127761416 STIM_START
017 0 5 8 0130486392 LICK
017 0 5 8 0130655480 LICK
017 0 5 8 0131435708 LICK
017 0 5 8 0131650880 LICK
017 0 5 8 0131786900 STIM_END_RESP_START
017 0 5 8 0132376256 LICK
017 0 5 8 0132376748 TIMEOUT_START
017 0 5 8 0132574224 LICK
017 0 5 8 0132574708 TIMEOUT_START
017 0 5 8 0132986948 RESP_END
017 0 5 8 0139575196 TIMEOUT_END
018 1 3 3 0141294664 STIM_START
018 1 3 3 0141632128 LICK
018 1 3 3 0143679676 LICK
018 1 3 3 0143877740 LICK
018 1 3 3 0144570056 STIM_END_RESP_START
018 1 3 3 0144814480 LICK
018 1 3 3 0144814964 REWARD_START
018 1 3 3 0145150956 LICK
018 1 3 3 0145322720 LICK
018 1 3 3 0145494236 LICK
018 1 3 3 0145770096 RESP_END
018 1 3 3 0144827984 REWARD_END
019 1 1 5 0147474672 STIM_START
019 1 1 5 0150278400 LICK
019 1 1 5 0150502012 LICK
019 1 1 5 0150550068 STIM_END_RESP_START
019 1 1 5 0150761964 LICK
019 1 1 5 0150762448 REWARD_START
019 1 1 5 0150963104 LICK
019 1 1 5 0151126176 LICK
019 1 1 5 0151311080 LICK
019 1 1 5 0151476840 LICK
019 1 1 5 0151750080 RESP_END
019 1 1 5 0150775468 REWARD_END
020 1 5 7 0153504700 STIM_START
020 1 5 7 0157530204 STIM_END_RESP_START
020 1 5 7 0157839944 LICK
020 1 5 7 0157840436 REWARD_START
020 1 5 7 0158044428 LICK
020 1 5 7 0158190900 LICK
020 1 5 7 0158377096 LICK
020 1 5 7 0158545772 LICK
020 1 5 7 0158730236 RESP_END
020 1 5 7 0157853452 REWARD_END
021 0 5 2 0160466868 STIM_START
021 0 5 2 0164492368 STIM_END_RESP_START
021 0 5 2 0165692396 RESP_END
022 0 3 6 0167418024 STIM_START
022 0 3 6 0170034252 LICK
022 0 3 6 0170269416 LICK
022 0 3 6 0170693428 STIM_END_RESP_START
022 0 3 6 0171893464 RESP_END
023 0 2 2 0173810036 STIM_START
023 0 2 2 0173838732 LICK
023 0 2 2 0174099596 LICK
023 0 2 2 0174805164 LICK
023 0 2 2 0175327648 LICK
023 0 2 2 0175577404 LICK
023 0 2 2 0175867496 LICK
023 0 2 2 0176445580 LICK
023 0 2 2 0176935432 STIM_END_RESP_START
023 0 2 2 0177335980 LICK
023 0 2 2 0177336468 TIMEOUT_START
023 0 2 2 0178135480 RESP_END
023 0 2 2 0184336956 TIMEOUT_END
024 1 3 5 0186056104 STIM_START
024 1 3 5 0189331512 STIM_END_RESP_START
024 1 3 5 0190531544 RESP_END
025 2 4 4 0192260160 STIM_START
025 2 4 4 0195785588 STIM_END_RESP_START
025 2 4 4 0196985628 RESP_END
026 1 4 9 0198707176 STIM_START
026 1 4 9 0199956764 LICK
026 1 4 9 0200182908 LICK
026 1 4 9 0201520432 LICK
026 1 4 9 0201743316 LICK
026 1 4 9 0202232600 STIM_END_RESP_START
026 1 4 9 0202378416 LICK
026 1 4 9 0202378900 REWARD_START
026 1 4 9 0202746336 LICK
026 1 4 9 0203058448 LICK
026 1 4 9 0203239640 LICK
026 1 4 9 0203432640 RESP_END
026 1 4 9 0202391924 REWARD_END
027 0 4 5 0205165280 STIM_START
027 0 4 5 0208690716 STIM_END_RESP_START
027 0 4 5 0209258860 LICK
027 0 4 5 0209259344 TIMEOUT_START
027 0 4 5 0209472960 LICK
027 0 4 5 0209473444 TIMEOUT_START
027 0 4 5 0209890760 RESP_END
027 0 4 5 0216473928 TIMEOUT_END
028 1 1 7 0218179428 STIM_START
028 1 1 7 0219542116 LICK
028 1 1 7 0220238560 LICK
028 1 1 7 0221254816 STIM_END_RESP_START
028 1 1 7 0222454852 RESP_END
029 1 2 5 0224172400 STIM_START
029 1 2 5 0227297796 STIM_END_RESP_START
029 1 2 5 0227549328 LICK
029 1 2 5 0227549812 REWARD_START
029 1 2 5 0227862808 LICK
029 1 2 5 0228174144 LICK
029 1 2 5 0228363936 LICK
029 1 2 5 0228497840 RESP_END
029 1 2 5 0227562832 REWARD_END
030 1 5 6 0230254456 STIM_START
030 1 5 6 0232587496 LICK
030 1 5 6 0233433356 LICK
030 1 5 6 0234279932 STIM_END_RESP_START
030 1 5 6 0234510632 LICK
030 1 5 6 0234511116 REWARD_START
030 1 5 6 0234668060 LICK
030 1 5 6 0234861368 LICK
030 1 5 6 0235013628 LICK
030 1 5 6 0235198520 LICK
030 1 5 6 0235479940 RESP_END
030 1 5 6 0234524140 REWARD_END
031 0 1 5 0237192584 STIM_START
031 0 1 5 0240267944 STIM_END_RESP_START
031 0 1 5 0240581740 LICK
031 0 1 5 0240582228 TIMEOUT_START
031 0 1 5 0241467976 RESP_END
031 0 1 5 0247582728 TIMEOUT_END
032 1 5 10 0249332572 STIM_START
032 1 5 10 0253358068 STIM_END_RESP_START
032 1 5 10 0254558108 RESP_END
033 0 2 4 0256464808 STIM_START
033 0 2 4 0257594944 LICK
033 0 2 4 0258798836 LICK
033 0 2 4 0259265288 LICK
033 0 2 4 0259590180 STIM_END_RESP_START
033 0 2 4 0260045036 LICK
033 0 2 4 0260045516 TIMEOUT_START
033 0 2 4 0260790212 RESP_END
033 0 2 4 0267046008 TIMEOUT_END
034 1 3 8 0268762852 STIM_START
034 1 3 8 0269498776 LICK
034 1 3 8 0269738148 LICK
034 1 3 8 0269929076 LICK
034 1 3 8 0270651496 LICK
034 1 3 8 0270939436 LICK
034 1 3 8 0271437800 LICK
034 1 3 8 0271701164 LICK
034 1 3 8 0272038252 STIM_END_RESP_START
034 1 3 8 0272224840 LICK
034 1 3 8 0272225328 REWARD_START
034 1 3 8 0272388200 LICK
034 1 3 8 0272565644 LICK
034 1 3 8 0272872340 LICK
034 1 3 8 0273040660 LICK
034 1 3 8 0273238304 RESP_END
034 1 3 8 0272238344 REWARD_END
035 1 4 6 0274953836 STIM_START
035 1 4 6 0276720384 LICK
035 1 4 6 0276843104 LICK
035 1 4 6 0276989744 LICK
035 1 4 6 0277861460 LICK
035 1 4 6 0278479252 STIM_END_RESP_START
035 1 4 6 0278544672 LICK
035 1 4 6 0278545156 REWARD_START
035 1 4 6 0278742556 LICK
035 1 4 6 0278884576 LICK
035 1 4 6 0279043148 LICK
035 1 4 6 0279227668 LICK
035 1 4 6 0279679268 RESP_END
035 1 4 6 0278558176 REWARD_END
036 0 5 1 0281423904 STIM_START
036 0 5 1 0285449400 STIM_END_RESP_START
036 0 5 1 0286649436 RESP_END
037 1 1 10 0288352060 STIM_START
037 1 1 10 0289042592 LICK
037 1 1 10 0289727428 LICK
037 1 1 10 0290290740 LICK
037 1 1 10 0290754332 LICK
037 1 1 10 0291129548 LICK
037 1 1 10 0291427452 STIM_END_RESP_START
037 1 1 10 0291729460 LICK
037 1 1 10 0291729944 REWARD_START
037 1 1 10 0291929676 LICK
037 1 1 10 0292071408 LICK
037 1 1 10 0292226096 LICK
037 1 1 10 0292380368 LICK
037 1 1 10 0292546268 LICK
037 1 1 10 0292627500 RESP_END
037 1 1 10 0291742948 REWARD_END
038 1 5 9 0294638096 STIM_START
038 1 5 9 0296479796 LICK
038 1 5 9 0296717224 LICK
038 1 5 9 0297182200 LICK
038 1 5 9 0297470092 LICK
038 1 5 9 0297856524 LICK
038 1 5 9 0298559268 LICK
038 1 5 9 0298663604 STIM_END_RESP_START
038 1 5 9 0298852412 LICK
038 1 5 9 0298852896 REWARD_START
038 1 5 9 0299037432 LICK
038 1 5 9 0299165364 LICK
038 1 5 9 0299332320 LICK
038 1 5 9 0299498044 LICK
038 1 5 9 0299659776 LICK
038 1 5 9 0299863640 RESP_END
038 1 5 9 0298865916 REWARD_END
039 1 3 1 0301579276 STIM_START
039 1 3 1 0304854680 STIM_END_RESP_START
039 1 3 1 0305162964 LICK
039 1 3 1 0305163456 REWARD_START
039 1 3 1 0305299076 LICK
039 1 3 1 0305465744 LICK
039 1 3 1 0305618444 LICK
039 1 3 1 0305779280 LICK
039 1 3 1 0305947584 LICK
039 1 3 1 0306054716 RESP_END
039 1 3 1 0305176472 REWARD_END
040 0 2 7 0307774316 STIM_START
040 0 2 7 0310403036 LICK
040 0 2 7 0310568620 LICK
040 0 2 7 0310899692 STIM_END_RESP_START
040 0 2 7 0311232520 LICK
040 0 2 7 0311233004 TIMEOUT_START
040 0 2 7 0311841804 LICK
040 0 2 7 0311842288 TIMEOUT_START
040 0 2 7 0312099720 RESP_END
040 0 2 7 0318842772 TIMEOUT_END
041 2 4 7 0321272528 STIM_START
041 2 4 7 0322173712 LICK
041 2 4 7 0323071668 LICK
041 2 4 7 0324389400 LICK
041 2 4 7 0324797964 STIM_END_RESP_START
041 2 4 7 0324931132 LICK
041 2 4 7 0324931628 REWARD_START
041 2 4 7 0325257332 LICK
041 2 4 7 0325414892 LICK
041 2 4 7 0325589720 LICK
041 2 4 7 0325752004 LICK
041 2 4 7 0325905568 LICK
041 2 4 7 0325998012 RESP_END
041 2 4 7 0324944644 REWARD_END
042 0 4 6 0327729628 STIM_START
042 0 4 6 0330684224 LICK
042 0 4 6 0330856228 LICK
042 0 4 6 0331255064 STIM_END_RESP_START
042 0 4 6 0332455100 RESP_END
043 0 5 3 0334196660 STIM_START
043 0 5 3 0338222164 STIM_END_RESP_START
043 0 5 3 0339422192 RESP_END
044 0 4 5 0341132812 STIM_START
044 0 4 5 0344658244 STIM_END_RESP_START
044 0 4 5 0345858280 RESP_END
045 1 2 9 0347579964 STIM_START
045 1 2 9 0347866572 LICK
045 1 2 9 0348057540 LICK
045 1 2 9 0348225692 LICK
045 1 2 9 0348475760 LICK
045 1 2 9 0348657372 LICK
045 1 2 9 0348881312 LICK
045 1 2 9 0349122628 LICK
045 1 2 9 0349687516 LICK
045 1 2 9 0350348884 LICK
045 1 2 9 0350705328 STIM_END_RESP_START
045 1 2 9 0350911888 LICK
045 1 2 9 0350912372 REWARD_START
045 1 2 9 0351070352 LICK
045 1 2 9 0351236944 LICK
045 1 2 9 0351410592 LICK
045 1 2 9 0351567644 LICK
045 1 2 9 0351739756 LICK
045 1 2 9 0351905360 RESP_END
045 1 2 9 0350925396 REWARD_END
046 0 3 6 0353619064 STIM_START
046 0 3 6 0355026756 LICK
046 0 3 6 0355206616 LICK
046 0 3 6 0355434788 LICK
046 0 3 6 0355792116 LICK
046 0 3 6 0356013728 LICK
046 0 3 6 0356756228 LICK
046 0 3 6 0356894468 STIM_END_RESP_START
046 0 3 6 0357371988 LICK
046 0 3 6 0357372472 TIMEOUT_START
046 0 3 6 0357607292 LICK
046 0 3 6 0357607780 TIMEOUT_START
046 0 3 6 0357862852 LICK
046 0 3 6 0357863336 TIMEOUT_START
046 0 3 6 0358053860 LICK
046 0 3 6 0358054352 TIMEOUT_START
046 0 3 6 0358094496 RESP_END
046 0 3 6 0365054840 TIMEOUT_END
047 1 4 1 0366785080 STIM_START
047 1 4 1 0368062696 LICK
047 1 4 1 0368278428 LICK
047 1 4 1 0369366660 LICK
047 1 4 1 0369609288 LICK
047 1 4 1 0369819924 LICK
047 1 4 1 0370310500 STIM_END_RESP_START
047 1 4 1 0370538200 LICK
047 1 4 1 0370538692 REWARD_START
047 1 4 1 0370722768 LICK
047 1 4 1 0370879072 LICK
047 1 4 1 0371046104 LICK
047 1 4 1 0371217544 LICK
047 1 4 1 0371383560 LICK
047 1 4 1 0371510516 RESP_END
047 1 4 1 0370551708 REWARD_END
048 0 3 1 0373235192 STIM_START
048 0 3 1 0375506956 LICK
048 0 3 1 0375752368 LICK
048 0 3 1 0376270540 LICK
048 0 3 1 0376510604 STIM_END_RESP_START
048 0 3 1 0376533460 LICK
048 0 3 1 0376533944 TIMEOUT_START
048 0 3 1 0376717036 LICK
048 0 3 1 0376717528 TIMEOUT_START
048 0 3 1 0376983584 LICK
048 0 3 1 0376984068 TIMEOUT_START
048 0 3 1 0377187888 LICK
048 0 3 1 0377188376 TIMEOUT_START
048 0 3 1 0377365852 LICK
048 0 3 1 0377366336 TIMEOUT_START
048 0 3 1 0377595672 LICK
048 0 3 1 0377596164 TIMEOUT_START
048 0 3 1 0377710632 RESP_END
048 0 3 1 0384596644 TIMEOUT_END
049 2 5 1 0386346368 STIM_START
049 2 5 1 0389679956 LICK
049 2 5 1 0389889492 LICK
049 2 5 1 0390371844 STIM_END_RESP_START
049 2 5 1 0390616080 LICK
049 2 5 1 0390616564 REWARD_START
049 2 5 1 0390795536 LICK
049 2 5 1 0391060336 LICK
049 2 5 1 0391221940 LICK
049 2 5 1 0391398116 LICK
049 2 5 1 0391571868 RESP_END
049 2 5 1 0390629584 REWARD_END
050 1 5 6 0393308488 STIM_START
050 1 5 6 0395358660 LICK
050 1 5 6 0395552424 LICK
050 1 5 6 0396393812 LICK
050 1 5 6 0396589952 LICK
050 1 5 6 0396822324 LICK
050 1 5 6 0397019240 LICK
050 1 5 6 0397254572 LICK
050 1 5 6 0397333976 STIM_END_RESP_START
050 1 5 6 0397458376 LICK
050 1 5 6 0397458868 REWARD_START
050 1 5 6 0397678876 LICK
050 1 5 6 0397821732 LICK
050 1 5 6 0398002848 LICK
050 1 5 6 0398150400 LICK
050 1 5 6 0398330352 LICK
050 1 5 6 0398534008 RESP_END
050 1 5 6 0397471892 REWARD_END
051 1 5 4 0400278640 STIM_START
051 1 5 4 0403249696 LICK
051 1 5 4 0404304124 STIM_END_RESP_START
051 1 5 4 0404513188 LICK
051 1 5 4 0404513672 REWARD_START
051 1 5 4 0404694144 LICK
051 1 5 4 0404871328 LICK
051 1 5 4 0405020340 LICK
051 1 5 4 0405162620 LICK
051 1 5 4 0405326744 LICK
051 1 5 4 0405504152 RESP_END
051 1 5 4 0404526692 REWARD_END
052 0 5 3 0407255828 STIM_START
052 0 5 3 0411281328 STIM_END_RESP_START
052 0 5 3 0412481360 RESP_END
053 0 4 4 0414205000 STIM_START
053 0 4 4 0415068512 LICK
053 0 4 4 0415213476 LICK
053 0 4 4 0415406768 LICK
053 0 4 4 0415608700 LICK
053 0 4 4 0415977464 LICK
053 0 4 4 0416671972 LICK
053 0 4 4 0416939088 LICK
053 0 4 4 0417168192 LICK
053 0 4 4 0417530524 LICK
053 0 4 4 0417730424 STIM_END_RESP_START
053 0 4 4 0417794796 LICK
053 0 4 4 0417795284 TIMEOUT_START
053 0 4 4 0418029688 LICK
053 0 4 4 0418030172 TIMEOUT_START
053 0 4 4 0418567396 LICK
053 0 4 4 0418567880 TIMEOUT_START
053 0 4 4 0418749296 LICK
053 0 4 4 0418749788 TIMEOUT_START
053 0 4 4 0418930472 RESP_END
053 0 4 4 0425750276 TIMEOUT_END
054 1 5 6 0427494188 STIM_START
054 1 5 6 0431519684 STIM_END_RESP_START
054 1 5 6 0432719720 RESP_END
055 0 1 3 0434432336 STIM_START
055 0 1 3 0437507736 STIM_END_RESP_START
055 0 1 3 0438707772 RESP_END
056 0 2 9 0440416336 STIM_START
056 0 2 9 0441101448 LICK
056 0 2 9 0441295828 LICK
056 0 2 9 0442844584 LICK
056 0 2 9 0443541732 STIM_END_RESP_START
056 0 2 9 0444026620 LICK
056 0 2 9 0444027112 TIMEOUT_START
056 0 2 9 0444741752 RESP_END
056 0 2 9 0451027592 TIMEOUT_END
057 0 4 3 0452751388 STIM_START
057 0 4 3 0456276820 STIM_END_RESP_START
057 0 4 3 0457476856 RESP_END
058 2 5 4 0459217476 STIM_START
058 2 5 4 0459587712 LICK
058 2 5 4 0459718280 LICK
058 2 5 4 0460264136 LICK
058 2 5 4 0460531288 LICK
058 2 5 4 0461169000 LICK
058 2 5 4 0461372124 LICK
058 2 5 4 0461530272 LICK
058 2 5 4 0461936780 LICK
058 2 5 4 0462609312 LICK
058 2 5 4 0463242944 STIM_END_RESP_START
058 2 5 4 0463328284 LICK
058 2 5 4 0463328772 REWARD_START
058 2 5 4 0463732560 LICK
058 2 5 4 0463986204 LICK
058 2 5 4 0464287716 LICK
058 2 5 4 0464442968 RESP_END
058 2 5 4 0463341792 REWARD_END
059 2 2 10 0466170636 STIM_START
059 2 2 10 0469296032 STIM_END_RESP_START
059 2 2 10 0470496068 RESP_END
060 1 1 9 0472208684 STIM_START
060 1 1 9 0475284088 STIM_END_RESP_START
060 1 1 9 0475521816 LICK
060 1 1 9 0475522308 REWARD_START
060 1 1 9 0475722336 LICK
060 1 1 9 0476005552 LICK
060 1 1 9 0476157252 LICK
060 1 1 9 0476316300 LICK
060 1 1 9 0476484128 RESP_END
060 1 1 9 0475535324 REWARD_END
061 0 4 7 0478211632 STIM_START
061 0 4 7 0480146912 LICK
061 0 4 7 0480321192 LICK
061 0 4 7 0480739836 LICK
061 0 4 7 0481576812 LICK
061 0 4 7 0481737056 STIM_END_RESP_START
061 0 4 7 0482635600 LICK
061 0 4 7 0482636092 TIMEOUT_START
061 0 4 7 0482937104 RESP_END
061 0 4 7 0489636580 TIMEOUT_END
062 1 3 1 0491362844 STIM_START
062 1 3 1 0491713760 LICK
062 1 3 1 0491989320 LICK
062 1 3 1 0492496492 LICK
062 1 3 1 0493212160 LICK
062 1 3 1 0493438104 LICK
062 1 3 1 0494134260 LICK
062 1 3 1 0494638240 STIM_END_RESP_START
062 1 3 1 0494923288 LICK
062 1 3 1 0494923780 REWARD_START
062 1 3 1 0495116780 LICK
062 1 3 1 0495272572 LICK
062 1 3 1 0495426832 LICK
062 1 3 1 0495582528 LICK
062 1 3 1 0495838284 RESP_END
062 1 3 1 0494936796 REWARD_END
063 0 2 9 0497557824 STIM_START
063 0 2 9 0500683220 STIM_END_RESP_START
063 0 2 9 0501883260 RESP_END
064 0 5 3 0503632848 STIM_START
064 0 5 3 0504926068 LICK
064 0 5 3 0505070044 LICK
064 0 5 3 0505326540 LICK
064 0 5 3 0505547948 LICK
064 0 5 3 0506274296 LICK
064 0 5 3 0506480388 LICK
064 0 5 3 0506694912 LICK
064 0 5 3 0507055176 LICK
064 0 5 3 0507286072 LICK
064 0 5 3 0507314028 LICK
064 0 5 3 0507498112 LICK
064 0 5 3 0507658332 STIM_END_RESP_START
064 0 5 3 0507891304 LICK
064 0 5 3 0507891796 TIMEOUT_START
064 0 5 3 0508715584 LICK
064 0 5 3 0508716076 TIMEOUT_START
064 0 5 3 0508858388 RESP_END
064 0 5 3 0515716560 TIMEOUT_END
065 1 1 5 0517434124 STIM_START
065 1 1 5 0520509496 STIM_END_RESP_START
065 1 1 5 0520867768 LICK
065 1 1 5 0520868260 REWARD_START
065 1 1 5 0521709540 RESP_END
065 1 1 5 0520881264 REWARD_END
066 0 4 3 0523428168 STIM_START
066 0 4 3 0526953604 STIM_END_RESP_START
066 0 4 3 0528153640 RESP_END
067 1 2 6 0529853200 STIM_START
067 1 2 6 0530128020 LICK
067 1 2 6 0530441400 LICK
067 1 2 6 0530583460 LICK
067 1 2 6 0530753356 LICK
067 1 2 6 0530934336 LICK
067 1 2 6 0532978592 STIM_END_RESP_START
067 1 2 6 0533215560 LICK
067 1 2 6 0533216044 REWARD_START
067 1 2 6 0533423168 LICK
067 1 2 6 0533576964 LICK
067 1 2 6 0533736336 LICK
067 1 2 6 0533896140 LICK
067 1 2 6 0534067568 LICK
067 1 2 6 0534178628 RESP_END
067 1 2 6 0533229064 REWARD_END
068 1 4 7 0535895248 STIM_START
068 1 4 7 0537073184 LICK
068 1 4 7 0537317632 LICK
068 1 4 7 0537777408 LICK
068 1 4 7 0538055460 LICK
068 1 4 7 0538414216 LICK
068 1 4 7 0538616592 LICK
068 1 4 7 0539225756 LICK
068 1 4 7 0539420668 STIM_END_RESP_START
068 1 4 7 0539511216 LICK
068 1 4 7 0539511700 REWARD_START
068 1 4 7 0539703280 LICK
068 1 4 7 0539863332 LICK
068 1 4 7 0540000360 LICK
068 1 4 7 0540183208 LICK
068 1 4 7 0540352028 LICK
068 1 4 7 0540620692 RESP_END
068 1 4 7 0539524724 REWARD_END
069 0 3 3 0542335268 STIM_START
069 0 3 3 0545470128 LICK
069 0 3 3 0545500952 LICK
069 0 3 3 0545610676 STIM_END_RESP_START
069 0 3 3 0546369824 LICK
069 0 3 3 0546370308 TIMEOUT_START
069 0 3 3 0546552344 LICK
069 0 3 3 0546552828 TIMEOUT_START
069 0 3 3 0546810700 RESP_END
069 0 3 3 0553553316 TIMEOUT_END
070 2 4 4 0555278476 STIM_START
070 2 4 4 0558803908 STIM_END_RESP_START
070 2 4 4 0559055220 LICK
070 2 4 4 0559055704 REWARD_START
070 2 4 4 0559280092 LICK
070 2 4 4 0559424316 LICK
070 2 4 4 0559581556 LICK
070 2 4 4 0559738024 LICK
070 2 4 4 0559886048 LICK
070 2 4 4 0560003948 RESP_END
070 2 4 4 0559068728 REWARD_END
071 1 5 2 0561760500 STIM_START
071 1 5 2 0564904692 LICK
071 1 5 2 0565131000 LICK
071 1 5 2 0565628952 LICK
071 1 5 2 0565786004 STIM_END_RESP_START
071 1 5 2 0565879960 LICK
071 1 5 2 0565880448 REWARD_START
071 1 5 2 0566082892 LICK
071 1 5 2 0566287936 LICK
071 1 5 2 0566415064 LICK
071 1 5 2 0566594516 LICK
071 1 5 2 0566733984 LICK
071 1 5 2 0566986028 RESP_END
071 1 5 2 0565893468 REWARD_END
072 1 3 3 0568703660 STIM_START
072 1 3 3 0569110776 LICK
072 1 3 3 0570538360 LICK
072 1 3 3 0570767952 LICK
072 1 3 3 0570930728 LICK
072 1 3 3 0571295412 LICK
072 1 3 3 0571473376 LICK
072 1 3 3 0571691780 LICK
072 1 3 3 0571867348 LICK
072 1 3 3 0571979080 STIM_END_RESP_START
072 1 3 3 0572056312 LICK
072 1 3 3 0572056804 REWARD_START
072 1 3 3 0572249628 LICK
072 1 3 3 0572417636 LICK
072 1 3 3 0572602804 LICK
072 1 3 3 0572773196 LICK
072 1 3 3 0573179112 RESP_END
072 1 3 3 0572069820 REWARD_END
073 0 4 8 0574909720 STIM_START
073 0 4 8 0578435160 STIM_END_RESP_START
073 0 4 8 0579108588 LICK
073 0 4 8 0579109076 TIMEOUT_START
073 0 4 8 0579306800 LICK
073 0 4 8 0579307288 TIMEOUT_START
073 0 4 8 0579484252 LICK
073 0 4 8 0579484740 TIMEOUT_START
073 0 4 8 0579635212 RESP_END
073 0 4 8 0586485224 TIMEOUT_END
074 1 4 2 0588208896 STIM_START
074 1 4 2 0591734332 STIM_END_RESP_START
074 1 4 2 0591986912 LICK
074 1 4 2 0591987400 REWARD_START
074 1 4 2 0592164536 LICK
074 1 4 2 0592332532 LICK
074 1 4 2 0592482268 LICK
074 1 4 2 0592639152 LICK
074 1 4 2 0592795668 LICK
074 1 4 2 0592934368 RESP_END
074 1 4 2 0592000420 REWARD_END
075 1 5 2 0594678972 STIM_START
075 1 5 2 0597541540 LICK
075 1 5 2 0597750444 LICK
075 1 5 2 0597951520 LICK
075 1 5 2 0598148868 LICK
075 1 5 2 0598334916 LICK
075 1 5 2 0598704476 STIM_END_RESP_START
075 1 5 2 0598748808 LICK
075 1 5 2 0598749300 REWARD_START
075 1 5 2 0598961820 LICK
075 1 5 2 0599112548 LICK
075 1 5 2 0599239712 LICK
075 1 5 2 0599393720 LICK
075 1 5 2 0599559952 LICK
075 1 5 2 0599756736 LICK
075 1 5 2 0599904512 RESP_END
075 1 5 2 0598762316 REWARD_END
076 1 3 9 0601622176 STIM_START
076 1 3 9 0604897584 STIM_END_RESP_START
076 1 3 9 0605137572 LICK
076 1 3 9 0605138068 REWARD_START
076 1 3 9 0605321764 LICK
076 1 3 9 0605469924 LICK
076 1 3 9 0605618308 LICK
076 1 3 9 0605760692 LICK
076 1 3 9 0605917724 LICK
076 1 3 9 0606097628 RESP_END
076 1 3 9 0605151084 REWARD_END
077 0 5 7 0607845168 STIM_START
077 0 5 7 0608931752 LICK
077 0 5 7 0609101196 LICK
077 0 5 7 0609720496 LICK
077 0 5 7 0610068732 LICK
077 0 5 7 0610271536 LICK
077 0 5 7 0610467032 LICK
077 0 5 7 0610698296 LICK
077 0 5 7 0610942352 LICK
077 0 5 7 0611117152 LICK
077 0 5 7 0611323148 LICK
077 0 5 7 0611538424 LICK
077 0 5 7 0611870652 STIM_END_RESP_START
077 0 5 7 0611940480 LICK
077 0 5 7 0611940964 TIMEOUT_START
077 0 5 7 0612150144 LICK
077 0 5 7 0612150636 TIMEOUT_START
077 0 5 7 0612350680 LICK
077 0 5 7 0612351176 TIMEOUT_START
077 0 5 7 0612706964 LICK
077 0 5 7 0612707460 TIMEOUT_START
077 0 5 7 0612927876 LICK
077 0 5 7 0612928364 TIMEOUT_START
077 0 5 7 0613070688 RESP_END
077 0 5 7 0619928856 TIMEOUT_END
078 1 4 2 0630015892 STIM_START
078 1 4 2 0633541332 STIM_END_RESP_START
078 1 4 2 0633802276 LICK
078 1 4 2 0633802768 REWARD_START
078 1 4 2 0633962724 LICK
078 1 4 2 0634128172 LICK
078 1 4 2 0634270848 LICK
078 1 4 2 0634435044 LICK
078 1 4 2 0634589840 LICK
078 1 4 2 0634741372 RESP_END
078 1 4 2 0633815784 REWARD_END
079 2 4 9 0636461984 STIM_START
079 2 4 9 0637803392 LICK
079 2 4 9 0638985564 LICK
079 2 4 9 0639234828 LICK
079 2 4 9 0639829608 LICK
079 2 4 9 0639987440 STIM_END_RESP_START
079 2 4 9 0640041864 LICK
079 2 4 9 0640042352 REWARD_START
079 2 4 9 0640292368 LICK
079 2 4 9 0640455732 LICK
079 2 4 9 0640616648 LICK
079 2 4 9 0640795984 LICK
079 2 4 9 0640933536 LICK
079 2 4 9 0641187464 RESP_END
079 2 4 9 0640055372 REWARD_END
080 0 3 2 0642905016 STIM_START
080 0 3 2 0643993548 LICK
080 0 3 2 0644180812 LICK
080 0 3 2 0644562980 LICK
080 0 3 2 0644795096 LICK
080 0 3 2 0645111520 LICK
080 0 3 2 0645320524 LICK
080 0 3 2 0645810348 LICK
080 0 3 2 0646003052 LICK
080 0 3 2 0646180396 STIM_END_RESP_START
080 0 3 2 0646531000 LICK
080 0 3 2 0646531488 TIMEOUT_START
080 0 3 2 0646744088 LICK
080 0 3 2 0646744572 TIMEOUT_START
080 0 3 2 0647044652 LICK
080 0 3 2 0647045144 TIMEOUT_START
080 0 3 2 0647380436 RESP_END
080 0 3 2 0654045628 TIMEOUT_END
081 1 2 1 0655754136 STIM_START
081 1 2 1 0656023412 LICK
081 1 2 1 0656736264 LICK
081 1 2 1 0657569348 LICK
081 1 2 1 0658177600 LICK
081 1 2 1 0658664352 LICK
081 1 2 1 0658867532 LICK
081 1 2 1 0658879524 STIM_END_RESP_START
081 1 2 1 0659040528 LICK
081 1 2 1 0659041016 REWARD_START
081 1 2 1 0659214388 LICK
081 1 2 1 0659393236 LICK
081 1 2 1 0659568500 LICK
081 1 2 1 0659706836 LICK
081 1 2 1 0660079544 RESP_END
081 1 2 1 0659054036 REWARD_END
082 0 3 2 0661787180 STIM_START
082 0 3 2 0665062588 STIM_END_RESP_START
082 0 3 2 0666262628 RESP_END
083 2 4 6 0667988176 STIM_START
083 2 4 6 0671513612 STIM_END_RESP_START
083 2 4 6 0671922524 LICK
083 2 4 6 0671923012 REWARD_START
083 2 4 6 0672713652 RESP_END
083 2 4 6 0671936032 REWARD_END
084 1 3 5 0674434316 STIM_START
084 1 3 5 0677709716 STIM_END_RESP_START
084 1 3 5 0678273768 LICK
084 1 3 5 0678274260 REWARD_START
084 1 3 5 0678561280 LICK
084 1 3 5 0678909752 RESP_END
084 1 3 5 0678287276 REWARD_END
085 1 5 10 0683078728 STIM_START
085 1 5 10 0683428068 LICK
085 1 5 10 0685089720 LICK
085 1 5 10 0685263892 LICK
085 1 5 10 0685987880 LICK
085 1 5 10 0686134796 LICK
085 1 5 10 0686388988 LICK
085 1 5 10 0686602720 LICK
085 1 5 10 0687104216 STIM_END_RESP_START
085 1 5 10 0687286236 LICK
085 1 5 10 0687286728 REWARD_START
085 1 5 10 0687484372 LICK
085 1 5 10 0688003752 LICK
085 1 5 10 0688304264 RESP_END
085 1 5 10 0687299748 REWARD_END
086 0 5 6 0690048844 STIM_START
086 0 5 6 0694074340 STIM_END_RESP_START
086 0 5 6 0695274376 RESP_END
087 0 5 1 0697027088 STIM_START
087 0 5 1 0699888384 LICK
087 0 5 1 0700257672 LICK
087 0 5 1 0700425472 LICK
087 0 5 1 0700857904 LICK
087 0 5 1 0701052588 STIM_END_RESP_START
087 0 5 1 0701598088 LICK
087 0 5 1 0701598572 TIMEOUT_START
087 0 5 1 0701789816 LICK
087 0 5 1 0701790308 TIMEOUT_START
087 0 5 1 0702070820 LICK
087 0 5 1 0702071308 TIMEOUT_START
087 0 5 1 0702252616 RESP_END
087 0 5 1 0709071792 TIMEOUT_END
088 0 2 4 0710777352 STIM_START
088 0 2 4 0713902748 STIM_END_RESP_START
088 0 2 4 0715102788 RESP_END
089 1 2 9 0716814304 STIM_START
089 1 2 9 0717108684 LICK
089 1 2 9 0717286980 LICK
089 1 2 9 0718150628 LICK
089 1 2 9 0719530380 LICK
089 1 2 9 0719939696 STIM_END_RESP_START
089 1 2 9 0720207232 LICK
089 1 2 9 0720207716 REWARD_START
089 1 2 9 0720388776 LICK
089 1 2 9 0720686260 LICK
089 1 2 9 0720985872 LICK
089 1 2 9 0721131644 LICK
089 1 2 9 0721139728 RESP_END
089 1 2 9 0720220740 REWARD_END
090 0 1 2 0722868312 STIM_START
090 0 1 2 0725943684 STIM_END_RESP_START
090 0 1 2 0727143724 RESP_END
091 1 4 10 0728878320 STIM_START
091 1 4 10 0732403760 STIM_END_RESP_START
091 1 4 10 0732702076 LICK
091 1 4 10 0732702564 REWARD_START
091 1 4 10 0732843364 LICK
091 1 4 10 0733003040 LICK
091 1 4 10 0733288704 LICK
091 1 4 10 0733430532 LICK
091 1 4 10 0733603796 RESP_END
091 1 4 10 0732715588 REWARD_END
092 1 5 9 0735358420 STIM_START
092 1 5 9 0739383916 STIM_END_RESP_START
092 1 5 9 0739811388 LICK
092 1 5 9 0739811876 REWARD_START
092 1 5 9 0739975740 LICK
092 1 5 9 0740128148 LICK
092 1 5 9 0740451624 LICK
092 1 5 9 0740583932 RESP_END
092 1 5 9 0739824900 REWARD_END
093 1 5 7 0742338572 STIM_START
093 1 5 7 0746291808 LICK
093 1 5 7 0746364076 STIM_END_RESP_START
093 1 5 7 0746452388 LICK
093 1 5 7 0746452872 REWARD_START
093 1 5 7 0746632532 LICK
093 1 5 7 0746812424 LICK
093 1 5 7 0746957840 LICK
093 1 5 7 0747114036 LICK
093 1 5 7 0747564116 RESP_END
093 1 5 7 0746465896 REWARD_END
094 0 5 3 0749313764 STIM_START
094 0 5 3 0753339264 STIM_END_RESP_START
094 0 5 3 0753493180 LICK
094 0 5 3 0753493664 TIMEOUT_START
094 0 5 3 0753649452 LICK
094 0 5 3 0753649944 TIMEOUT_START
094 0 5 3 0753835844 LICK
094 0 5 3 0753836336 TIMEOUT_START
094 0 5 3 0754539308 RESP_END
094 0 5 3 0760836824 TIMEOUT_END
095 1 2 10 0762554000 STIM_START
095 1 2 10 0765679396 STIM_END_RESP_START
095 1 2 10 0766879436 RESP_END
096 2 4 1 0768614932 STIM_START
096 2 4 1 0772140368 STIM_END_RESP_START
096 2 4 1 0773340408 RESP_END
097 1 4 1 0775077012 STIM_START
097 1 4 1 0778602444 STIM_END_RESP_START
097 1 4 1 0778931228 LICK
097 1 4 1 0778931712 REWARD_START
097 1 4 1 0779107744 LICK
097 1 4 1 0779417864 LICK
097 1 4 1 0779576948 LICK
097 1 4 1 0779745780 LICK
097 1 4 1 0779802460 RESP_END
097 1 4 1 0778944736 REWARD_END
098 0 4 5 0781520104 STIM_START
098 0 4 5 0785045540 STIM_END_RESP_START
098 0 4 5 0786245572 RESP_END
099 1 3 2 0787962164 STIM_START
099 1 3 2 0789995680 LICK
099 1 3 2 0790188592 LICK
099 1 3 2 0790856204 LICK
099 1 3 2 0791088116 LICK
099 1 3 2 0791237560 STIM_END_RESP_START
099 1 3 2 0791362784 LICK
099 1 3 2 0791363268 REWARD_START
099 1 3 2 0791576108 LICK
099 1 3 2 0791758164 LICK
099 1 3 2 0791894416 LICK
099 1 3 2 0792061356 LICK
099 1 3 2 0792437588 RESP_END
099 1 3 2 0791376288 REWARD_END
100 0 1 7 0794153192 STIM_START
100 0 1 7 0797228556 STIM_END_RESP_START
100 0 1 7 0798428596 RESP_END
101 1 5 5 0800178244 STIM_START
101 1 5 5 0803374576 LICK
101 1 5 5 0803593412 LICK
101 1 5 5 0804203752 STIM_END_RESP_START
101 1 5 5 0804299820 LICK
101 1 5 5 0804300308 REWARD_START
101 1 5 5 0804521572 LICK
101 1 5 5 0804683564 LICK
101 1 5 5 0804979964 LICK
101 1 5 5 0805130492 LICK
101 1 5 5 0805403788 RESP_END
101 1 5 5 0804313332 REWARD_END
102 0 3 2 0807115344 STIM_START
102 0 3 2 0809937268 LICK
102 0 3 2 0810101880 LICK
102 0 3 2 0810390748 STIM_END_RESP_START
102 0 3 2 0811590788 RESP_END
103 1 2 7 0814950664 STIM_START
103 1 2 7 0818076060 STIM_END_RESP_START
103 1 2 7 0818502492 LICK
103 1 2 7 0818502984 REWARD_START
103 1 2 7 0818658852 LICK
103 1 2 7 0818974384 LICK
103 1 2 7 0819136968 LICK
103 1 2 7 0819276080 RESP_END
103 1 2 7 0818516008 REWARD_END
104 1 4 10 0821093700 STIM_START
104 1 4 10 0824619136 STIM_END_RESP_START
104 1 4 10 0824921308 LICK
104 1 4 10 0824921792 REWARD_START
104 1 4 10 0825086392 LICK
104 1 4 10 0825257688 LICK
104 1 4 10 0825408768 LICK
104 1 4 10 0825577992 LICK
104 1 4 10 0825753252 LICK
104 1 4 10 0825819192 RESP_END
104 1 4 10 0824934816 REWARD_END
105 1 3 3 0827541772 STIM_START
105 1 3 3 0830817172 STIM_END_RESP_START
105 1 3 3 0831009072 LICK
105 1 3 3 0831009556 REWARD_START
105 1 3 3 0831200896 LICK
105 1 3 3 0831508496 LICK
105 1 3 3 0831660504 LICK
105 1 3 3 0831823224 LICK
105 1 3 3 0831986936 LICK
105 1 3 3 0832017196 RESP_END
105 1 3 3 0831022580 REWARD_END
106 0 3 9 0833727828 STIM_START
106 0 3 9 0836178172 LICK
106 0 3 9 0836373528 LICK
106 0 3 9 0836778556 LICK
106 0 3 9 0837003248 STIM_END_RESP_START
106 0 3 9 0837020960 LICK
106 0 3 9 0837021444 TIMEOUT_START
106 0 3 9 0837652436 LICK
106 0 3 9 0837652924 TIMEOUT_START
106 0 3 9 0837899272 LICK
106 0 3 9 0837899756 TIMEOUT_START
106 0 3 9 0838203292 RESP_END
106 0 3 9 0844900244 TIMEOUT_END
107 1 5 8 0846651004 STIM_START
107 1 5 8 0850676500 STIM_END_RESP_START
107 1 5 8 0850995184 LICK
107 1 5 8 0850995676 REWARD_START
107 1 5 8 0851174544 LICK
107 1 5 8 0851350764 LICK
107 1 5 8 0851672556 LICK
107 1 5 8 0851832244 LICK
107 1 5 8 0851876508 RESP_END
107 1 5 8 0851008700 REWARD_END
108 1 1 9 0853732124 STIM_START
108 1 1 9 0855709004 LICK
108 1 1 9 0855873060 LICK
108 1 1 9 0856807508 STIM_END_RESP_START
108 1 1 9 0857025560 LICK
108 1 1 9 0857026044 REWARD_START
108 1 1 9 0857240532 LICK
108 1 1 9 0857401760 LICK
108 1 1 9 0857557772 LICK
108 1 1 9 0858007556 RESP_END
108 1 1 9 0857039052 REWARD_END
109 1 1 2 0859713132 STIM_START
109 1 1 2 0862788496 STIM_END_RESP_START
109 1 1 2 0863032344 LICK
109 1 1 2 0863032832 REWARD_START
109 1 1 2 0863189916 LICK
109 1 1 2 0863364032 LICK
109 1 1 2 0863522956 LICK
109 1 1 2 0863692512 LICK
109 1 1 2 0863988532 RESP_END
109 1 1 2 0863045836 REWARD_END
110 0 1 1 0865699152 STIM_START
110 0 1 1 0868774516 STIM_END_RESP_START
110 0 1 1 0869521992 LICK
110 0 1 1 0869522480 TIMEOUT_START
110 0 1 1 0869724288 LICK
110 0 1 1 0869724772 TIMEOUT_START
110 0 1 1 0869974548 RESP_END
110 0 1 1 0876725272 TIMEOUT_END
111 0 4 6 0878444272 STIM_START
111 0 4 6 0880627440 LICK
111 0 4 6 0880814280 LICK
111 0 4 6 0881057752 LICK
111 0 4 6 0881969708 STIM_END_RESP_START
111 0 4 6 0882091440 LICK
111 0 4 6 0882091924 TIMEOUT_START
111 0 4 6 0882908040 LICK
111 0 4 6 0882908528 TIMEOUT_START
111 0 4 6 0883169728 RESP_END
111 0 4 6 0889909016 TIMEOUT_END
112 1 4 10 0891641452 STIM_START
112 1 4 10 0895166892 STIM_END_RESP_START
112 1 4 10 0895239612 LICK
112 1 4 10 0895240096 REWARD_START
112 1 4 10 0895755432 LICK
112 1 4 10 0896066612 LICK
112 1 4 10 0896366928 RESP_END
112 1 4 10 0895253120 REWARD_END
113 1 3 4 0898310596 STIM_START
113 1 3 4 0900069324 LICK
113 1 3 4 0900250808 LICK
113 1 3 4 0900849476 LICK
113 1 3 4 0901096884 LICK
113 1 3 4 0901465324 LICK
113 1 3 4 0901585984 STIM_END_RESP_START
113 1 3 4 0902572988 LICK
113 1 3 4 0902573480 REWARD_START
113 1 3 4 0902785996 RESP_END
113 1 3 4 0902586484 REWARD_END
114 1 4 3 0906235912 STIM_START
114 1 4 3 0908544432 LICK
114 1 4 3 0908738960 LICK
114 1 4 3 0909169460 LICK
114 1 4 3 0909363352 LICK
114 1 4 3 0909521416 LICK
114 1 4 3 0909705228 LICK
114 1 4 3 0909761348 STIM_END_RESP_START
114 1 4 3 0909930768 LICK
114 1 4 3 0909931252 REWARD_START
114 1 4 3 0910363260 LICK
114 1 4 3 0910551208 LICK
114 1 4 3 0910880676 LICK
114 1 4 3 0910961380 RESP_END
114 1 4 3 0909944276 REWARD_END
115 0 4 2 0912947028 STIM_START
115 0 4 2 0916472468 STIM_END_RESP_START
115 0 4 2 0917672508 RESP_END
116 1 4 9 0924468928 STIM_START
116 1 4 9 0926383032 LICK
116 1 4 9 0927014128 LICK
116 1 4 9 0927674056 LICK
116 1 4 9 0927994372 STIM_END_RESP_START
116 1 4 9 0928183072 LICK
116 1 4 9 0928183564 REWARD_START
116 1 4 9 0928535556 LICK
116 1 4 9 0928874724 LICK
116 1 4 9 0929003108 LICK
116 1 4 9 0929194380 RESP_END
116 1 4 9 0928196576 REWARD_END
117 2 3 4 0930907008 STIM_START
117 2 3 4 0934182416 STIM_END_RESP_START
117 2 3 4 0935382452 RESP_END
118 1 1 5 0937096052 STIM_START
118 1 1 5 0940171420 STIM_END_RESP_START
118 1 1 5 0940454908 LICK
118 1 1 5 0940455400 REWARD_START
118 1 1 5 0940644132 LICK
118 1 1 5 0940964204 LICK
118 1 1 5 0941124284 LICK
118 1 1 5 0941371472 RESP_END
118 1 1 5 0940468408 REWARD_END
119 0 4 9 0943100040 STIM_START
119 0 4 9 0946625476 STIM_END_RESP_START
119 0 4 9 0947825512 RESP_END
120 2 5 3 0949582136 STIM_START
120 2 5 3 0949888832 LICK
120 2 5 3 0950104692 LICK
120 2 5 3 0950280984 LICK
120 2 5 3 0950739960 LICK
120 2 5 3 0951397984 LICK
120 2 5 3 0951570444 LICK
120 2 5 3 0952018824 LICK
120 2 5 3 0952251580 LICK
120 2 5 3 0952496208 LICK
120 2 5 3 0952538936 LICK
120 2 5 3 0953020532 LICK
120 2 5 3 0953607628 STIM_END_RESP_START
120 2 5 3 0953825760 LICK
120 2 5 3 0953826244 REWARD_START
120 2 5 3 0954047060 LICK
120 2 5 3 0954209352 LICK
120 2 5 3 0954370364 LICK
120 2 5 3 0954520904 LICK
120 2 5 3 0954807652 RESP_END
120 2 5 3 0953839268 REWARD_END
121 1 2 2 0956524272 STIM_START
121 1 2 2 0959649668 STIM_END_RESP_START
121 1 2 2 0960056628 LICK
121 1 2 2 0960057112 REWARD_START
121 1 2 2 0960240036 LICK
121 1 2 2 0960374848 LICK
121 1 2 2 0960685492 LICK
121 1 2 2 0960849688 RESP_END
121 1 2 2 0960070136 REWARD_END
122 0 2 5 0962737280 STIM_START
122 0 2 5 0965862672 STIM_END_RESP_START
122 0 2 5 0967062712 RESP_END
123 1 4 2 0968793308 STIM_START
123 1 4 2 0972318748 STIM_END_RESP_START
123 1 4 2 0972574228 LICK
123 1 4 2 0972574716 REWARD_START
123 1 4 2 0972764824 LICK
123 1 4 2 0972911700 LICK
123 1 4 2 0973065740 LICK
123 1 4 2 0973253940 LICK
123 1 4 2 0973518784 RESP_END
123 1 4 2 0972587740 REWARD_END
124 1 3 2 0975224388 STIM_START
124 1 3 2 0978235076 LICK
124 1 3 2 0978471336 LICK
124 1 3 2 0978499804 STIM_END_RESP_START
124 1 3 2 0978703696 LICK
124 1 3 2 0978704180 REWARD_START
124 1 3 2 0978884340 LICK
124 1 3 2 0979374760 LICK
124 1 3 2 0979699848 RESP_END
124 1 3 2 0978717204 REWARD_END
125 0 3 3 0981420444 STIM_START
125 0 3 3 0984695852 STIM_END_RESP_START
125 0 3 3 0985895884 RESP_END
126 0 2 10 0991259008 STIM_START
126 0 2 10 0991479984 LICK
126 0 2 10 0991860764 LICK
126 0 2 10 0992071488 LICK
126 0 2 10 0992532704 LICK
126 0 2 10 0992728308 LICK
126 0 2 10 0993187140 LICK
126 0 2 10 0994236172 LICK
126 0 2 10 0994384384 STIM_END_RESP_START
126 0 2 10 0995437360 LICK
126 0 2 10 0995437852 TIMEOUT_START
126 0 2 10 0995584396 RESP_END
126 0 2 10 1002438340 TIMEOUT_END
127 1 5 1 1004183220 STIM_START
127 1 5 1 1008208732 STIM_END_RESP_START
127 1 5 1 1008530792 LICK
127 1 5 1 1008531324 REWARD_START
127 1 5 1 1008717420 LICK
127 1 5 1 1008902760 LICK
127 1 5 1 1009205420 LICK
127 1 5 1 1009365196 LICK
127 1 5 1 1009408780 RESP_END
127 1 5 1 1008544400 REWARD_END
128 1 3 7 1011137372 STIM_START
128 1 3 7 1014357532 LICK
128 1 3 7 1014412784 STIM_END_RESP_START
128 1 3 7 1014539368 LICK
128 1 3 7 1014539900 REWARD_START
128 1 3 7 1014740576 LICK
128 1 3 7 1014899020 LICK
128 1 3 7 1015072560 LICK
128 1 3 7 1015213880 LICK
128 1 3 7 1015612828 RESP_END
128 1 3 7 1014552976 REWARD_END
129 1 1 6 1017323356 STIM_START
129 1 1 6 1020398740 STIM_END_RESP_START
129 1 1 6 1020666484 LICK
129 1 1 6 1020667024 REWARD_START
129 1 1 6 1020807956 LICK
129 1 1 6 1021114480 LICK
129 1 1 6 1021280596 LICK
129 1 1 6 1021598792 RESP_END
129 1 1 6 1020680096 REWARD_END
130 0 2 10 1023316352 STIM_START
130 0 2 10 1026441724 STIM_END_RESP_START
130 0 2 10 1027641736 RESP_END
131 2 2 7 1029363364 STIM_START
131 2 2 7 1029672604 LICK
131 2 2 7 1029819200 LICK
131 2 2 7 1030209884 LICK
131 2 2 7 1030411572 LICK
131 2 2 7 1031066084 LICK
131 2 2 7 1031722676 LICK
131 2 2 7 1032178388 LICK
131 2 2 7 1032464920 LICK
131 2 2 7 1032488728 STIM_END_RESP_START
131 2 2 7 1032918236 LICK
131 2 2 7 1032918768 REWARD_START
131 2 2 7 1033183896 LICK
131 2 2 7 1033366340 LICK
131 2 2 7 1033644576 LICK
131 2 2 7 1033688756 RESP_END
131 2 2 7 1032931844 REWARD_END
132 1 3 1 1035548440 STIM_START
132 1 3 1 1038216524 LICK
132 1 3 1 1038394912 LICK
132 1 3 1 1038576476 LICK
132 1 3 1 1038785880 LICK
132 1 3 1 1038823824 STIM_END_RESP_START
132 1 3 1 1039028244 LICK
132 1 3 1 1039028776 REWARD_START
132 1 3 1 1039188972 LICK
132 1 3 1 1039338500 LICK
132 1 3 1 1039492020 LICK
132 1 3 1 1039653376 LICK
132 1 3 1 1040023840 RESP_END
132 1 3 1 1039041856 REWARD_END
133 0 2 6 1041741424 STIM_START
133 0 2 6 1044866792 STIM_END_RESP_START
133 0 2 6 1046066808 RESP_END
134 0 5 1 1047804472 STIM_START
134 0 5 1 1048749020 LICK
134 0 5 1 1048979824 LICK
134 0 5 1 1049106024 LICK
134 0 5 1 1049311604 LICK
134 0 5 1 1049788548 LICK
134 0 5 1 1050013980 LICK
134 0 5 1 1050274964 LICK
134 0 5 1 1050679196 LICK
134 0 5 1 1051483500 LICK
134 0 5 1 1051672152 LICK
134 0 5 1 1051829976 STIM_END_RESP_START
134 0 5 1 1053001924 LICK
134 0 5 1 1053002452 TIMEOUT_START
134 0 5 1 1053029996 RESP_END
134 0 5 1 1060002984 TIMEOUT_END
135 1 2 1 1061718756 STIM_START
135 1 2 1 1064844128 STIM_END_RESP_START
135 1 2 1 1064982328 LICK
135 1 2 1 1064982864 REWARD_START
135 1 2 1 1065187800 LICK
135 1 2 1 1065478448 LICK
135 1 2 1 1065625096 LICK
135 1 2 1 1066044164 RESP_END
135 1 2 1 1064995936 REWARD_END
136 2 5 8 1067781800 STIM_START
136 2 5 8 1070935008 LICK
136 2 5 8 1071097864 LICK
136 2 5 8 1071807292 STIM_END_RESP_START
136 2 5 8 1072063728 LICK
136 2 5 8 1072064260 REWARD_START
136 2 5 8 1072239728 LICK
136 2 5 8 1072393932 LICK
136 2 5 8 1072541756 LICK
136 2 5 8 1072722732 LICK
136 2 5 8 1073007328 RESP_END
136 2 5 8 1072077336 REWARD_END
137 2 4 6 1074744936 STIM_START
137 2 4 6 1076809544 LICK
137 2 4 6 1076932372 LICK
137 2 4 6 1078270364 STIM_END_RESP_START
137 2 4 6 1078651872 LICK
137 2 4 6 1078652408 REWARD_START
137 2 4 6 1079470392 RESP_END
137 2 4 6 1078665488 REWARD_END
138 0 4 8 1082483208 STIM_START
138 0 4 8 1085542700 LICK
138 0 4 8 1086008636 STIM_END_RESP_START
138 0 4 8 1086092664 LICK
138 0 4 8 1086093192 TIMEOUT_START
138 0 4 8 1086680516 LICK
138 0 4 8 1086681048 TIMEOUT_START
138 0 4 8 1086854600 LICK
138 0 4 8 1086855132 TIMEOUT_START
138 0 4 8 1087208668 RESP_END
138 0 4 8 1093855676 TIMEOUT_END
139 1 5 7 1097778796 STIM_START
139 1 5 7 1101804308 STIM_END_RESP_START
139 1 5 7 1103004324 RESP_END
140 2 2 6 1104721952 STIM_START
140 2 2 6 1107847360 STIM_END_RESP_START
140 2 2 6 1109047372 RESP_END
141 0 3 7 1110752960 STIM_START
141 0 3 7 1114028344 STIM_END_RESP_START
141 0 3 7 1115228364 RESP_END
142 0 3 2 1116952948 STIM_START
142 0 3 2 1118933956 LICK
142 0 3 2 1119293052 LICK
142 0 3 2 1119612196 LICK
142 0 3 2 1120228364 STIM_END_RESP_START
142 0 3 2 1120370332 LICK
142 0 3 2 1120370868 TIMEOUT_START
142 0 3 2 1121428404 RESP_END
142 0 3 2 1127371408 TIMEOUT_END
143 2 2 6 1129078992 STIM_START
143 2 2 6 1132204364 STIM_END_RESP_START
143 2 2 6 1132392504 LICK
143 2 2 6 1132393036 REWARD_START
143 2 2 6 1132979168 LICK
143 2 2 6 1133307488 LICK
143 2 2 6 1133404392 RESP_END
143 2 2 6 1132406112 REWARD_END
144 1 4 4 1135195996 STIM_START
144 1 4 4 1136834132 LICK
144 1 4 4 1137411324 LICK
144 1 4 4 1137982936 LICK
144 1 4 4 1138204072 LICK
144 1 4 4 1138677536 LICK
144 1 4 4 1138721416 STIM_END_RESP_START
144 1 4 4 1139107752 LICK
144 1 4 4 1139108292 REWARD_START
144 1 4 4 1139304956 LICK
144 1 4 4 1139448656 LICK
144 1 4 4 1139762072 LICK
144 1 4 4 1139921444 RESP_END
144 1 4 4 1139121368 REWARD_END
145 1 3 6 1141646104 STIM_START
145 1 3 6 1144921528 STIM_END_RESP_START
145 1 3 6 1145176108 LICK
145 1 3 6 1145176640 REWARD_START
145 1 3 6 1145323960 LICK
145 1 3 6 1145494656 LICK
145 1 3 6 1145648632 LICK
145 1 3 6 1145808360 LICK
145 1 3 6 1146121556 RESP_END
145 1 3 6 1145189720 REWARD_END
146 0 2 1 1147837104 STIM_START
146 0 2 1 1150962476 STIM_END_RESP_START
146 0 2 1 1152162496 RESP_END
147 0 4 5 1153895168 STIM_START
147 0 4 5 1156030700 LICK
147 0 4 5 1156226128 LICK
147 0 4 5 1156513872 LICK
147 0 4 5 1156767096 LICK
147 0 4 5 1157420604 STIM_END_RESP_START
147 0 4 5 1157797316 LICK
147 0 4 5 1157797848 TIMEOUT_START
147 0 4 5 1158620628 RESP_END
147 0 4 5 1164798396 TIMEOUT_END
148 2 5 8 1166540268 STIM_START
148 2 5 8 1170565744 STIM_END_RESP_START
148 2 5 8 1171765760 RESP_END
149 1 1 10 1173471392 STIM_START
149 1 1 10 1176546772 STIM_END_RESP_START
149 1 1 10 1177746792 RESP_END
150 2 1 10 1179457372 STIM_START
150 2 1 10 1179520312 LICK
150 2 1 10 1180001848 LICK
150 2 1 10 1182532772 STIM_END_RESP_START
150 2 1 10 1182792496 LICK
150 2 1 10 1182793032 REWARD_START
150 2 1 10 1183732824 RESP_END
150 2 1 10 1182806112 REWARD_END
151 0 3 10 1185455404 STIM_START
151 0 3 10 1186569840 LICK
151 0 3 10 1188730804 STIM_END_RESP_START
151 0 3 10 1189930820 RESP_END
152 0 1 3 1191643408 STIM_START
152 0 1 3 1194718788 STIM_END_RESP_START
152 0 1 3 1195918804 RESP_END
153 0 5 4 1197671404 STIM_START
153 0 5 4 1201696920 STIM_END_RESP_START
153 0 5 4 1202896936 RESP_END
154 1 2 1 1204615560 STIM_START
154 1 2 1 1207740972 STIM_END_RESP_START
154 1 2 1 1208084972 LICK
154 1 2 1 1208085504 REWARD_START
154 1 2 1 1208290880 LICK
154 1 2 1 1208580304 LICK
154 1 2 1 1208887780 LICK
154 1 2 1 1208941004 RESP_END
154 1 2 1 1208098580 REWARD_END
155 1 1 2 1210776592 STIM_START
155 1 1 2 1212646048 LICK
155 1 1 2 1212856868 LICK
155 1 1 2 1213644016 LICK
155 1 1 2 1213851960 STIM_END_RESP_START
155 1 1 2 1214012600 LICK
155 1 1 2 1214013132 REWARD_START
155 1 1 2 1214211588 LICK
155 1 1 2 1214366820 LICK
155 1 1 2 1214535664 LICK
155 1 1 2 1215051988 RESP_END
155 1 1 2 1214026212 REWARD_END
156 1 4 1 1216781600 STIM_START
156 1 4 1 1220307052 STIM_END_RESP_START
156 1 4 1 1220610224 LICK
156 1 4 1 1220610756 REWARD_START
156 1 4 1 1220769520 LICK
156 1 4 1 1220937572 LICK
156 1 4 1 1221096100 LICK
156 1 4 1 1221262192 LICK
156 1 4 1 1221507088 RESP_END
156 1 4 1 1220623832 REWARD_END
157 0 4 1 1223233688 STIM_START
157 0 4 1 1225832632 LICK
157 0 4 1 1226007964 LICK
157 0 4 1 1226239508 LICK
157 0 4 1 1226759120 STIM_END_RESP_START
157 0 4 1 1227959136 RESP_END
158 0 4 2 1229689744 STIM_START
158 0 4 2 1233215196 STIM_END_RESP_START
158 0 4 2 1234102364 LICK
158 0 4 2 1234102896 TIMEOUT_START
158 0 4 2 1234415244 RESP_END
158 0 4 2 1241103444 TIMEOUT_END
159 1 2 5 1242822936 STIM_START
159 1 2 5 1245948308 STIM_END_RESP_START
159 1 2 5 1246218276 LICK
159 1 2 5 1246218808 REWARD_START
159 1 2 5 1246499148 LICK
159 1 2 5 1246840924 LICK
159 1 2 5 1247025332 LICK
159 1 2 5 1247148340 RESP_END
159 1 2 5 1246231884 REWARD_END
160 0 5 9 1248932952 STIM_START
160 0 5 9 1252747204 LICK
160 0 5 9 1252958456 STIM_END_RESP_START
160 0 5 9 1252987968 LICK
160 0 5 9 1252988500 TIMEOUT_START
160 0 5 9 1253185740 LICK
160 0 5 9 1253186272 TIMEOUT_START
160 0 5 9 1253635212 LICK
160 0 5 9 1253635740 TIMEOUT_START
160 0 5 9 1254158504 RESP_END
160 0 5 9 1260636292 TIMEOUT_END
161 0 1 10 1262343232 STIM_START
161 0 1 10 1262877212 LICK
161 0 1 10 1263718240 LICK
161 0 1 10 1263990372 LICK
161 0 1 10 1265418620 STIM_END_RESP_START
161 0 1 10 1266618632 RESP_END
162 0 1 7 1268318236 STIM_START
162 0 1 7 1271393616 STIM_END_RESP_START
162 0 1 7 1272593632 RESP_END
163 1 1 2 1274305196 STIM_START
163 1 1 2 1277380576 STIM_END_RESP_START
163 1 1 2 1277575836 LICK
163 1 1 2 1277576376 REWARD_START
163 1 1 2 1277917348 LICK
163 1 1 2 1278096988 LICK
163 1 1 2 1278257480 LICK
163 1 1 2 1278580592 RESP_END
163 1 1 2 1277589448 REWARD_END
164 0 2 4 1280291180 STIM_START
164 0 2 4 1283416548 STIM_END_RESP_START
164 0 2 4 1284423128 LICK
164 0 2 4 1284423660 TIMEOUT_START
164 0 2 4 1284616596 RESP_END
164 0 2 4 1291424204 TIMEOUT_END
165 0 2 4 1293142384 STIM_START
165 0 2 4 1296267752 STIM_END_RESP_START
165 0 2 4 1297467768 RESP_END
166 0 3 4 1299189340 STIM_START
166 0 3 4 1302464728 STIM_END_RESP_START
166 0 3 4 1303664744 RESP_END
167 2 4 7 1305391400 STIM_START
167 2 4 7 1308916852 STIM_END_RESP_START
167 2 4 7 1310116872 RESP_END
168 0 5 3 1311859492 STIM_START
168 0 5 3 1315884964 STIM_END_RESP_START
168 0 5 3 1317084976 RESP_END
169 0 5 8 1318818628 STIM_START
169 0 5 8 1322844140 STIM_END_RESP_START
169 0 5 8 1324044156 RESP_END
170 0 1 2 1325745792 STIM_START
170 0 1 2 1326598456 LICK
170 0 1 2 1326806084 LICK
170 0 1 2 1328821152 STIM_END_RESP_START
170 0 1 2 1330021168 RESP_END
171 1 4 7 1331749772 STIM_START
171 1 4 7 1335275224 STIM_END_RESP_START
171 1 4 7 1336475244 RESP_END
172 1 1 2 1338189836 STIM_START
172 1 1 2 1341265216 STIM_END_RESP_START
172 1 1 2 1341549892 LICK
172 1 1 2 1341550424 REWARD_START
172 1 1 2 1341732000 LICK
172 1 1 2 1342074936 LICK
172 1 1 2 1342242612 LICK
172 1 1 2 1342395332 LICK
172 1 1 2 1342465252 RESP_END
172 1 1 2 1341563500 REWARD_END
173 0 5 6 1344214908 STIM_START
173 0 5 6 1346158376 LICK
173 0 5 6 1346332824 LICK
173 0 5 6 1347841260 LICK
173 0 5 6 1348090788 LICK
173 0 5 6 1348240392 STIM_END_RESP_START
173 0 5 6 1348834796 LICK
173 0 5 6 1348835324 TIMEOUT_START
173 0 5 6 1349285476 LICK
173 0 5 6 1349286012 TIMEOUT_START
173 0 5 6 1349440432 RESP_END
173 0 5 6 1356286552 TIMEOUT_END
174 1 1 9 1357998144 STIM_START
174 1 1 9 1361073520 STIM_END_RESP_START
174 1 1 9 1362273536 RESP_END
175 1 5 8 1364024156 STIM_START
175 1 5 8 1368049672 STIM_END_RESP_START
175 1 5 8 1368156040 LICK
175 1 5 8 1368156580 REWARD_START
175 1 5 8 1368460672 LICK
175 1 5 8 1368776996 LICK
175 1 5 8 1368934636 LICK
175 1 5 8 1369249708 RESP_END
175 1 5 8 1368169640 REWARD_END
176 0 1 5 1370949288 STIM_START
176 0 1 5 1373778496 LICK
176 0 1 5 1373897504 LICK
176 0 1 5 1374024676 STIM_END_RESP_START
176 0 1 5 1374646984 LICK
176 0 1 5 1374647520 TIMEOUT_START
176 0 1 5 1375224708 RESP_END
176 0 1 5 1381648056 TIMEOUT_END
177 1 4 3 1383369360 STIM_START
177 1 4 3 1386894812 STIM_END_RESP_START
177 1 4 3 1388094828 RESP_END
178 0 3 1 1389805432 STIM_START
178 0 3 1 1393080856 STIM_END_RESP_START
178 0 3 1 1394280868 RESP_END
179 1 5 6 1396024472 STIM_START
179 1 5 6 1400049984 STIM_END_RESP_START
179 1 5 6 1401249996 RESP_END
180 1 1 3 1402965636 STIM_START
180 1 1 3 1406041012 STIM_END_RESP_START
180 1 1 3 1407241028 RESP_END
181 1 1 7 1408954632 STIM_START
181 1 1 7 1412030012 STIM_END_RESP_START
181 1 1 7 1412544252 LICK
181 1 1 7 1412544792 REWARD_START
181 1 1 7 1413230052 RESP_END
181 1 1 7 1412557868 REWARD_END
182 0 2 10 1414940632 STIM_START
182 0 2 10 1415302104 LICK
182 0 2 10 1415844876 LICK
182 0 2 10 1416000272 LICK
182 0 2 10 1418066008 STIM_END_RESP_START
182 0 2 10 1419266064 RESP_END
183 0 5 7 1421014684 STIM_START
183 0 5 7 1423945348 LICK
183 0 5 7 1424175348 LICK
183 0 5 7 1424380536 LICK
183 0 5 7 1424621860 LICK
183 0 5 7 1425006460 LICK
183 0 5 7 1425040172 STIM_END_RESP_START
183 0 5 7 1425261656 LICK
183 0 5 7 1425262188 TIMEOUT_START
183 0 5 7 1425750728 LICK
183 0 5 7 1425751268 TIMEOUT_START
183 0 5 7 1426105308 LICK
183 0 5 7 1426105848 TIMEOUT_START
183 0 5 7 1426240220 RESP_END
183 0 5 7 1433106388 TIMEOUT_END
184 1 3 9 1434826940 STIM_START
184 1 3 9 1438102356 STIM_END_RESP_START
184 1 3 9 1439302376 RESP_END
185 1 5 8 1441044028 STIM_START
185 1 5 8 1445069536 STIM_END_RESP_START
185 1 5 8 1445411272 LICK
185 1 5 8 1445411804 REWARD_START
185 1 5 8 1445576648 LICK
185 1 5 8 1445899420 LICK
185 1 5 8 1446234848 LICK
185 1 5 8 1446269580 RESP_END
185 1 5 8 1445424880 REWARD_END
186 0 2 10 1448121212 STIM_START
186 0 2 10 1451246584 STIM_END_RESP_START
186 0 2 10 1452446600 RESP_END
187 2 4 6 1454180192 STIM_START
187 2 4 6 1455836912 LICK
187 2 4 6 1456034616 LICK
187 2 4 6 1457458716 LICK
187 2 4 6 1457705628 STIM_END_RESP_START
187 2 4 6 1458905640 RESP_END
188 1 4 2 1460638308 STIM_START
188 1 4 2 1464163764 STIM_END_RESP_START
188 1 4 2 1464490348 LICK
188 1 4 2 1464490880 REWARD_START
188 1 4 2 1464711608 LICK
188 1 4 2 1464907512 LICK
188 1 4 2 1465253820 LICK
188 1 4 2 1465363788 RESP_END
188 1 4 2 1464503956 REWARD_END
189 2 3 5 1467301388 STIM_START
189 2 3 5 1469364764 LICK
189 2 3 5 1470107968 LICK
189 2 3 5 1470576808 STIM_END_RESP_START
189 2 3 5 1470791640 LICK
189 2 3 5 1470792180 REWARD_START
189 2 3 5 1471161740 LICK
189 2 3 5 1471334116 LICK
189 2 3 5 1471776848 RESP_END
189 2 3 5 1470805256 REWARD_END
190 0 1 3 1473485444 STIM_START
190 0 1 3 1476560824 STIM_END_RESP_START
190 0 1 3 1476650244 LICK
190 0 1 3 1476650776 TIMEOUT_START
190 0 1 3 1476881388 LICK
190 0 1 3 1476881928 TIMEOUT_START
190 0 1 3 1477760864 RESP_END
190 0 1 3 1483882472 TIMEOUT_END
191 1 5 3 1485626420 STIM_START
191 1 5 3 1489651892 STIM_END_RESP_START
191 1 5 3 1490029332 LICK
191 1 5 3 1490029868 REWARD_START
191 1 5 3 1490718780 LICK
191 1 5 3 1490851920 RESP_END
191 1 5 3 1490042948 REWARD_END
192 0 2 5 1492944640 STIM_START
192 0 2 5 1496070012 STIM_END_RESP_START
192 0 2 5 1497038684 LICK
192 0 2 5 1497039220 TIMEOUT_START
192 0 2 5 1497270056 RESP_END
192 0 2 5 1504039760 TIMEOUT_END
193 2 4 8 1505760768 STIM_START
193 2 4 8 1509286224 STIM_END_RESP_START
193 2 4 8 1510486240 RESP_END
194 0 5 1 1513103048 STIM_START
194 0 5 1 1517128564 STIM_END_RESP_START
194 0 5 1 1518328580 RESP_END
195 1 2 8 1520048156 STIM_START
195 1 2 8 1523173528 STIM_END_RESP_START
195 1 2 8 1524373544 RESP_END
196 1 2 7 1526091200 STIM_START
196 1 2 7 1529216612 STIM_END_RESP_START
196 1 2 7 1529648184 LICK
196 1 2 7 1529648716 REWARD_START
196 1 2 7 1530416644 RESP_END
196 1 2 7 1529661792 REWARD_END
197 1 2 10 1532134172 STIM_START
197 1 2 10 1535259544 STIM_END_RESP_START
197 1 2 10 1535596588 LICK
197 1 2 10 1535597124 REWARD_START
197 1 2 10 1536092408 LICK
197 1 2 10 1536459556 RESP_END
197 1 2 10 1535610204 REWARD_END
198 0 4 2 1538944308 STIM_START
198 0 4 2 1542469720 STIM_END_RESP_START
198 0 4 2 1543669776 RESP_END
199 0 4 5 1545391380 STIM_START
199 0 4 5 1548916836 STIM_END_RESP_START
199 0 4 5 1550116888 RESP_END
200 1 2 10 1551827480 STIM_START
200 1 2 10 1552419824 LICK
200 1 2 10 1554952864 STIM_END_RESP_START
200 1 2 10 1555177292 LICK
200 1 2 10 1555177832 REWARD_START
200 1 2 10 1555329128 LICK
200 1 2 10 1555659468 LICK
200 1 2 10 1555815744 LICK
200 1 2 10 1556152908 RESP_END
200 1 2 10 1555190912 REWARD_END
201 2 4 1 1557889460 STIM_START
201 2 4 1 1561414916 STIM_END_RESP_START
201 2 4 1 1562614928 RESP_END
202 2 3 4 1567033012 STIM_START
202 2 3 4 1568056340 LICK
202 2 3 4 1568593492 LICK
202 2 3 4 1569226196 LICK
202 2 3 4 1570308408 STIM_END_RESP_START
202 2 3 4 1571508424 RESP_END
203 0 1 2 1573219092 STIM_START
203 0 1 2 1574906232 LICK
203 0 1 2 1576294456 STIM_END_RESP_START
203 0 1 2 1577494504 RESP_END
204 0 5 2 1579888124 STIM_START
204 0 5 2 1583146360 LICK
204 0 5 2 1583190340 LICK
204 0 5 2 1583913620 STIM_END_RESP_START
204 0 5 2 1585113636 RESP_END
205 2 2 4 1586826324 STIM_START
205 2 2 4 1587224728 LICK
205 2 2 4 1589102512 LICK
205 2 2 4 1589951708 STIM_END_RESP_START
205 2 2 4 1590882076 LICK
205 2 2 4 1590882620 REWARD_START
205 2 2 4 1591151728 RESP_END
205 2 2 4 1590895696 REWARD_END
206 0 5 7 1592888292 STIM_START
206 0 5 7 1595265320 LICK
206 0 5 7 1596142968 LICK
206 0 5 7 1596913768 STIM_END_RESP_START
206 0 5 7 1598113776 RESP_END
207 2 2 8 1602005812 STIM_START
207 2 2 8 1602524480 LICK
207 2 2 8 1602641584 LICK
207 2 2 8 1603686604 LICK
207 2 2 8 1604768392 LICK
207 2 2 8 1605037988 LICK
207 2 2 8 1605131196 STIM_END_RESP_START
207 2 2 8 1605324316 LICK
207 2 2 8 1605324856 REWARD_START
207 2 2 8 1606331236 RESP_END
207 2 2 8 1605337924 REWARD_END
208 0 4 2 1608054812 STIM_START
208 0 4 2 1608125052 LICK
208 0 4 2 1609755764 LICK
208 0 4 2 1610129908 LICK
208 0 4 2 1610271608 LICK
208 0 4 2 1610404148 LICK
208 0 4 2 1610665704 LICK
208 0 4 2 1611228876 LICK
208 0 4 2 1611407256 LICK
208 0 4 2 1611580260 STIM_END_RESP_START
208 0 4 2 1611858512 LICK
208 0 4 2 1611859052 TIMEOUT_START
208 0 4 2 1612780280 RESP_END
208 0 4 2 1618859596 TIMEOUT_END
209 1 2 1 1620571920 STIM_START
209 1 2 1 1623697288 STIM_END_RESP_START
209 1 2 1 1624035996 LICK
209 1 2 1 1624036536 REWARD_START
209 1 2 1 1624203836 LICK
209 1 2 1 1624512288 LICK
209 1 2 1 1624684484 LICK
209 1 2 1 1624897320 RESP_END
209 1 2 1 1624049608 REWARD_END
210 2 3 7 1626613908 STIM_START
210 2 3 7 1628206920 LICK
210 2 3 7 1628390348 LICK
210 2 3 7 1628804948 LICK
210 2 3 7 1629556928 LICK
210 2 3 7 1629889316 STIM_END_RESP_START
210 2 3 7 1630156448 LICK
210 2 3 7 1630156988 REWARD_START
210 2 3 7 1630364472 LICK
210 2 3 7 1630525856 LICK
210 2 3 7 1630699312 LICK
210 2 3 7 1631089344 RESP_END
210 2 3 7 1630170060 REWARD_END
211 2 5 4 1632836936 STIM_START
211 2 5 4 1634808564 LICK
211 2 5 4 1635003972 LICK
211 2 5 4 1635711792 LICK
211 2 5 4 1636862444 STIM_END_RESP_START
211 2 5 4 1637246740 LICK
211 2 5 4 1637247280 REWARD_START
211 2 5 4 1637296500 LICK
211 2 5 4 1637432924 LICK
211 2 5 4 1637603880 LICK
211 2 5 4 1637764168 LICK
211 2 5 4 1637961388 LICK
211 2 5 4 1638062464 RESP_END
211 2 5 4 1637260360 REWARD_END
212 0 4 2 1639787156 STIM_START
212 0 4 2 1643312608 STIM_END_RESP_START
212 0 4 2 1644512624 RESP_END
213 0 3 2 1646225200 STIM_START
213 0 3 2 1647388224 LICK
213 0 3 2 1648043200 LICK
213 0 3 2 1648441004 LICK
213 0 3 2 1649500588 STIM_END_RESP_START
213 0 3 2 1649853252 LICK
213 0 3 2 1649853792 TIMEOUT_START
213 0 3 2 1650700620 RESP_END
213 0 3 2 1656854332 TIMEOUT_END
214 1 2 9 1658566232 STIM_START
214 1 2 9 1661691604 STIM_END_RESP_START
214 1 2 9 1661976176 LICK
214 1 2 9 1661976716 REWARD_START
214 1 2 9 1662370868 LICK
214 1 2 9 1662527640 LICK
214 1 2 9 1662682580 LICK
214 1 2 9 1662851592 LICK
214 1 2 9 1662891620 RESP_END
214 1 2 9 1661989792 REWARD_END
215 1 3 1 1664600232 STIM_START
215 1 3 1 1667875652 STIM_END_RESP_START
215 1 3 1 1668021720 LICK
215 1 3 1 1668022252 REWARD_START
215 1 3 1 1668258952 LICK
215 1 3 1 1668412596 LICK
215 1 3 1 1668570540 LICK
215 1 3 1 1668751700 LICK
215 1 3 1 1669075672 RESP_END
215 1 3 1 1668035328 REWARD_END
216 1 1 3 1670787272 STIM_START
216 1 1 3 1673862652 STIM_END_RESP_START
216 1 1 3 1674084896 LICK
216 1 1 3 1674085432 REWARD_START
216 1 1 3 1674193196 LICK
216 1 1 3 1674463960 LICK
216 1 1 3 1674775840 LICK
216 1 1 3 1674943276 LICK
216 1 1 3 1675062664 RESP_END
216 1 1 3 1674098508 REWARD_END
217 0 3 7 1676780360 STIM_START
217 0 3 7 1680055744 STIM_END_RESP_START
217 0 3 7 1681255796 RESP_END
218 1 1 2 1682958348 STIM_START
218 1 1 2 1685767524 LICK
218 1 1 2 1686033736 STIM_END_RESP_START
218 1 1 2 1686250260 LICK
218 1 1 2 1686250796 REWARD_START
218 1 1 2 1686477548 LICK
218 1 1 2 1686641100 LICK
218 1 1 2 1686811956 LICK
218 1 1 2 1686984468 LICK
218 1 1 2 1687233764 RESP_END
218 1 1 2 1686263856 REWARD_END
219 1 1 3 1688952312 STIM_START
219 1 1 3 1692027692 STIM_END_RESP_START
219 1 1 3 1693227704 RESP_END
220 1 5 4 1694976324 STIM_START
220 1 5 4 1699001832 STIM_END_RESP_START
220 1 5 4 1699344676 LICK
220 1 5 4 1699345204 REWARD_START
220 1 5 4 1699476820 LICK
220 1 5 4 1699655596 LICK
220 1 5 4 1699955452 LICK
220 1 5 4 1700122664 LICK
220 1 5 4 1700201868 RESP_END
220 1 5 4 1699358284 REWARD_END
221 0 2 6 1702973632 STIM_START
221 0 2 6 1705421816 LICK
221 0 2 6 1705627264 LICK
221 0 2 6 1706099020 STIM_END_RESP_START
221 0 2 6 1707299032 RESP_END
222 0 4 5 1709033652 STIM_START
222 0 4 5 1709761812 LICK
222 0 4 5 1712559100 STIM_END_RESP_START
222 0 4 5 1713759112 RESP_END
223 0 4 6 1715983852 STIM_START
223 0 4 6 1719509268 STIM_END_RESP_START
223 0 4 6 1720709284 RESP_END
224 2 2 9 1722426900 STIM_START
224 2 2 9 1725552268 STIM_END_RESP_START
224 2 2 9 1726752284 RESP_END
225 1 1 8 1728467936 STIM_START
225 1 1 8 1730377960 LICK
225 1 1 8 1731543296 STIM_END_RESP_START
225 1 1 8 1731766492 LICK
225 1 1 8 1731767024 REWARD_START
225 1 1 8 1731970480 LICK
225 1 1 8 1732142092 LICK
225 1 1 8 1732286552 LICK
225 1 1 8 1732463652 LICK
225 1 1 8 1732618720 LICK
225 1 1 8 1732743328 RESP_END
225 1 1 8 1731780100 REWARD_END
226 1 2 1 1737148376 STIM_START
226 1 2 1 1740273752 STIM_END_RESP_START
226 1 2 1 1741473804 RESP_END
227 0 2 9 1743192376 STIM_START
227 0 2 9 1746317748 STIM_END_RESP_START
227 0 2 9 1747517764 RESP_END
228 0 4 10 1749249412 STIM_START
228 0 4 10 1752774864 STIM_END_RESP_START
228 0 4 10 1753974884 RESP_END
229 1 5 4 1755717492 STIM_START
229 1 5 4 1759743012 STIM_END_RESP_START
229 1 5 4 1760196944 LICK
229 1 5 4 1760197476 REWARD_START
229 1 5 4 1760437060 LICK
229 1 5 4 1760943036 RESP_END
229 1 5 4 1760210552 REWARD_END
230 0 5 9 1763321708 STIM_START
230 0 5 9 1767347228 STIM_END_RESP_START
230 0 5 9 1768547272 RESP_END
231 1 2 3 1770252876 STIM_START
231 1 2 3 1773378244 STIM_END_RESP_START
231 1 2 3 1773617168 LICK
231 1 2 3 1773617700 REWARD_START
231 1 2 3 1773811888 LICK
231 1 2 3 1774006948 LICK
231 1 2 3 1774193768 LICK
231 1 2 3 1774349900 LICK
231 1 2 3 1774578260 RESP_END
231 1 2 3 1773630776 REWARD_END
232 1 4 8 1776310856 STIM_START
232 1 4 8 1779836308 STIM_END_RESP_START
232 1 4 8 1780071056 LICK
232 1 4 8 1780071592 REWARD_START
232 1 4 8 1780207220 LICK
232 1 4 8 1780526800 LICK
232 1 4 8 1780706480 LICK
232 1 4 8 1780860840 LICK
232 1 4 8 1781036332 RESP_END
232 1 4 8 1780084664 REWARD_END
233 2 5 5 1782792952 STIM_START
233 2 5 5 1786818464 STIM_END_RESP_START
233 2 5 5 1787155524 LICK
233 2 5 5 1787156056 REWARD_START
233 2 5 5 1787342480 LICK
233 2 5 5 1787501880 LICK
233 2 5 5 1787821192 LICK
233 2 5 5 1787994056 LICK
233 2 5 5 1788018492 RESP_END
233 2 5 5 1787169136 REWARD_END
234 0 5 5 1789759160 STIM_START
234 0 5 5 1792611628 LICK
234 0 5 5 1793784648 STIM_END_RESP_START
234 0 5 5 1794984664 RESP_END
235 1 3 5 1797462384 STIM_START
235 1 3 5 1800737808 STIM_END_RESP_START
235 1 3 5 1801248652 LICK
235 1 3 5 1801249192 REWARD_START
235 1 3 5 1801937832 RESP_END
235 1 3 5 1801262272 REWARD_END
236 2 2 8 1803654428 STIM_START
236 2 2 8 1806779836 STIM_END_RESP_START
236 2 2 8 1807969536 LICK
236 2 2 8 1807970068 REWARD_START
236 2 2 8 1807983184 RESP_END
236 2 2 8 1807983148 REWARD_END
237 1 1 5 1809705424 STIM_START
237 1 1 5 1812386536 LICK
237 1 1 5 1812780812 STIM_END_RESP_START
237 1 1 5 1812870104 LICK
237 1 1 5 1812870644 REWARD_START
237 1 1 5 1813173640 LICK
237 1 1 5 1813768600 LICK
237 1 1 5 1813951848 LICK
237 1 1 5 1813980828 RESP_END
237 1 1 5 1812883720 REWARD_END
238 0 3 8 1815854452 STIM_START
238 0 3 8 1818374928 LICK
238 0 3 8 1818571064 LICK
238 0 3 8 1819129868 STIM_END_RESP_START
238 0 3 8 1819319804 LICK
238 0 3 8 1819320340 TIMEOUT_START
238 0 3 8 1820329884 RESP_END
238 0 3 8 1826320884 TIMEOUT_END
239 2 4 7 1828052504 STIM_START
239 2 4 7 1831577916 STIM_END_RESP_START
239 2 4 7 1831820692 LICK
239 2 4 7 1831821224 REWARD_START
239 2 4 7 1832038728 LICK
239 2 4 7 1832206068 LICK
239 2 4 7 1832542288 LICK
239 2 4 7 1832685220 LICK
239 2 4 7 1832777952 RESP_END
239 2 4 7 1831834304 REWARD_END
240 0 5 3 1834532616 STIM_START
240 0 5 3 1838344700 LICK
240 0 5 3 1838558088 STIM_END_RESP_START
240 0 5 3 1839758108 RESP_END
241 1 2 10 1841476772 STIM_START
241 1 2 10 1844602144 STIM_END_RESP_START
241 1 2 10 1844859488 LICK
241 1 2 10 1844860028 REWARD_START
241 1 2 10 1845053648 LICK
241 1 2 10 1845393332 LICK
241 1 2 10 1845699548 LICK
241 1 2 10 1845802192 RESP_END
241 1 2 10 1844873096 REWARD_END
242 1 2 8 1847614780 STIM_START
242 1 2 8 1848570244 LICK
242 1 2 8 1849046532 LICK
242 1 2 8 1849853368 LICK
242 1 2 8 1850740156 STIM_END_RESP_START
242 1 2 8 1850749256 LICK
242 1 2 8 1850749800 REWARD_START
242 1 2 8 1851024104 LICK
242 1 2 8 1851144712 LICK
242 1 2 8 1851348136 LICK
242 1 2 8 1851524460 LICK
242 1 2 8 1851682752 LICK
242 1 2 8 1851940188 RESP_END
242 1 2 8 1850762868 REWARD_END
243 2 1 3 1853643744 STIM_START
243 2 1 3 1854328960 LICK
243 2 1 3 1854609148 LICK
243 2 1 3 1855251648 LICK
243 2 1 3 1856152552 LICK
243 2 1 3 1856321224 LICK
243 2 1 3 1856719112 STIM_END_RESP_START
243 2 1 3 1857919128 RESP_END
244 0 3 7 1867758104 STIM_START
244 0 3 7 1869043308 LICK
244 0 3 7 1869151248 LICK
244 0 3 7 1870008848 LICK
244 0 3 7 1870841112 LICK
244 0 3 7 1871033524 STIM_END_RESP_START
244 0 3 7 1872220132 LICK
244 0 3 7 1872220668 TIMEOUT_START
244 0 3 7 1872233552 RESP_END
244 0 3 7 1879221216 TIMEOUT_END
245 0 2 9 1881653436 STIM_START
245 0 2 9 1882352604 LICK
245 0 2 9 1882571464 LICK
245 0 2 9 1884778836 STIM_END_RESP_START
245 0 2 9 1884945048 LICK
245 0 2 9 1884945584 TIMEOUT_START
245 0 2 9 1885127956 LICK
245 0 2 9 1885128488 TIMEOUT_START
245 0 2 9 1885320632 LICK
245 0 2 9 1885321164 TIMEOUT_START
245 0 2 9 1885537612 LICK
245 0 2 9 1885538144 TIMEOUT_START
245 0 2 9 1885978852 RESP_END
245 0 2 9 1892538688 TIMEOUT_END
246 0 3 2 1895294668 STIM_START
246 0 3 2 1896066432 LICK
246 0 3 2 1897994676 LICK
246 0 3 2 1898258228 LICK
246 0 3 2 1898570072 STIM_END_RESP_START
246 0 3 2 1899238336 LICK
246 0 3 2 1899238876 TIMEOUT_START
246 0 3 2 1899770124 RESP_END
246 0 3 2 1906239420 TIMEOUT_END
247 2 4 5 1907968784 STIM_START
247 2 4 5 1909211368 LICK
247 2 4 5 1909793896 LICK
247 2 4 5 1911494212 STIM_END_RESP_START
247 2 4 5 1912694228 RESP_END
248 0 1 2 1914409892 STIM_START
248 0 1 2 1917485280 STIM_END_RESP_START
248 0 1 2 1918685296 RESP_END
249 0 1 7 1920395852 STIM_START
249 0 1 7 1923471228 STIM_END_RESP_START
249 0 1 7 1924671248 RESP_END
250 1 4 2 1926401900 STIM_START
250 1 4 2 1929927316 STIM_END_RESP_START
250 1 4 2 1930233376 LICK
250 1 4 2 1930233920 REWARD_START
250 1 4 2 1930424276 LICK
250 1 4 2 1930898548 LICK
250 1 4 2 1931043580 LICK
250 1 4 2 1931127336 RESP_END
250 1 4 2 1930246992 REWARD_END
251 1 3 6 1932843976 STIM_START
251 1 3 6 1935564324 LICK
251 1 3 6 1935738328 LICK
251 1 3 6 1935961240 LICK
251 1 3 6 1936119384 STIM_END_RESP_START
251 1 3 6 1936457776 LICK
251 1 3 6 1936458312 REWARD_START
251 1 3 6 1936658164 LICK
251 1 3 6 1936806184 LICK
251 1 3 6 1936942956 LICK
251 1 3 6 1937097676 LICK
251 1 3 6 1937260080 LICK
251 1 3 6 1937319428 RESP_END
251 1 3 6 1936471388 REWARD_END
252 2 4 9 1939048960 STIM_START
252 2 4 9 1941882004 LICK
252 2 4 9 1942089652 LICK
252 2 4 9 1942574388 STIM_END_RESP_START
252 2 4 9 1942856864 LICK
252 2 4 9 1942857396 REWARD_START
252 2 4 9 1943043008 LICK
252 2 4 9 1943183316 LICK
252 2 4 9 1943344116 LICK
252 2 4 9 1943487112 LICK
252 2 4 9 1943642408 LICK
252 2 4 9 1943774416 RESP_END
252 2 4 9 1942870476 REWARD_END
253 0 2 6 1945491072 STIM_START
253 0 2 6 1948616448 STIM_END_RESP_START
253 0 2 6 1949619772 LICK
253 0 2 6 1949620308 TIMEOUT_START
253 0 2 6 1949816476 RESP_END
253 0 2 6 1956620852 TIMEOUT_END
254 1 5 2 1958363224 STIM_START
254 1 5 2 1962388700 STIM_END_RESP_START
254 1 5 2 1962600008 LICK
254 1 5 2 1962600544 REWARD_START
254 1 5 2 1962798224 LICK
254 1 5 2 1962953912 LICK
254 1 5 2 1963112184 LICK
254 1 5 2 1963279468 LICK
254 1 5 2 1963588744 RESP_END
254 1 5 2 1962613616 REWARD_END
255 1 5 10 1965332368 STIM_START
255 1 5 10 1968362508 LICK
255 1 5 10 1968565204 LICK
255 1 5 10 1969357856 STIM_END_RESP_START
255 1 5 10 1969587232 LICK
255 1 5 10 1969587764 REWARD_START
255 1 5 10 1969727868 LICK
255 1 5 10 1969890444 LICK
255 1 5 10 1970047336 LICK
255 1 5 10 1970224708 LICK
255 1 5 10 1970370264 LICK
255 1 5 10 1970557880 RESP_END
255 1 5 10 1969600844 REWARD_END
256 1 1 7 1972265492 STIM_START
256 1 1 7 1975340872 STIM_END_RESP_START
256 1 1 7 1975607136 LICK
256 1 1 7 1975607676 REWARD_START
256 1 1 7 1975760260 LICK
256 1 1 7 1975915184 LICK
256 1 1 7 1976079412 LICK
256 1 1 7 1976261816 LICK
256 1 1 7 1976429532 LICK
256 1 1 7 1976540900 RESP_END
256 1 1 7 1975620736 REWARD_END
257 0 1 1 1978259488 STIM_START
257 0 1 1 1981334868 STIM_END_RESP_START
257 0 1 1 1982534888 RESP_END
258 1 4 1 1984264540 STIM_START
258 1 4 1 1984622412 LICK
258 1 4 1 1984757548 LICK
258 1 4 1 1984967348 LICK
258 1 4 1 1985349980 LICK
258 1 4 1 1986306692 LICK
258 1 4 1 1986517668 LICK
258 1 4 1 1987789960 STIM_END_RESP_START
258 1 4 1 1987934756 LICK
258 1 4 1 1987935296 REWARD_START
258 1 4 1 1988119292 LICK
258 1 4 1 1988306088 LICK
258 1 4 1 1988496164 LICK
258 1 4 1 1988633512 LICK
258 1 4 1 1988950348 LICK
258 1 4 1 1988990008 RESP_END
258 1 4 1 1987948372 REWARD_END
259 0 4 2 1990713612 STIM_START
259 0 4 2 1994239064 STIM_END_RESP_START
259 0 4 2 1994368260 LICK
259 0 4 2 1994368792 TIMEOUT_START
259 0 4 2 1994632300 LICK
259 0 4 2 1994632832 TIMEOUT_START
259 0 4 2 1994834120 LICK
259 0 4 2 1994834652 TIMEOUT_START
259 0 4 2 1995439096 RESP_END
259 0 4 2 2001835196 TIMEOUT_END
260 2 3 8 2003549732 STIM_START
260 2 3 8 2006825156 STIM_END_RESP_START
260 2 3 8 2008025172 RESP_END
261 0 5 4 2009774800 STIM_START
261 0 5 4 2013800316 STIM_END_RESP_START
261 0 5 4 2015000332 RESP_END
262 1 2 4 2016705936 STIM_START
262 1 2 4 2019831348 STIM_END_RESP_START
262 1 2 4 2021031364 RESP_END
263 1 3 8 2022755948 STIM_START
263 1 3 8 2026031372 STIM_END_RESP_START
263 1 3 8 2026492396 LICK
263 1 3 8 2026492940 REWARD_START
263 1 3 8 2026695760 LICK
263 1 3 8 2026857168 LICK
263 1 3 8 2027037956 LICK
263 1 3 8 2027231408 RESP_END
263 1 3 8 2026506012 REWARD_END
264 1 4 3 2030678268 STIM_START
264 1 4 3 2034203724 STIM_END_RESP_START
264 1 4 3 2034619488 LICK
264 1 4 3 2034620020 REWARD_START
264 1 4 3 2034773356 LICK
264 1 4 3 2034928900 LICK
264 1 4 3 2035093444 LICK
264 1 4 3 2035258916 LICK
264 1 4 3 2035403760 RESP_END
264 1 4 3 2034633100 REWARD_END
265 0 5 2 2037154356 STIM_START
265 0 5 2 2041179872 STIM_END_RESP_START
265 0 5 2 2042379888 RESP_END
266 1 1 3 2044092488 STIM_START
266 1 1 3 2047167868 STIM_END_RESP_START
266 1 1 3 2047456020 LICK
266 1 1 3 2047456560 REWARD_START
266 1 1 3 2047622172 LICK
266 1 1 3 2047775896 LICK
266 1 1 3 2047940476 LICK
266 1 1 3 2048367880 RESP_END
266 1 1 3 2047469640 REWARD_END
267 2 4 1 2050098488 STIM_START
267 2 4 1 2053623900 STIM_END_RESP_START
267 2 4 1 2054823952 RESP_END
268 1 4 9 2056562552 STIM_START
268 1 4 9 2058074648 LICK
268 1 4 9 2058288820 LICK
268 1 4 9 2058718908 LICK
268 1 4 9 2059341640 LICK
268 1 4 9 2060088000 STIM_END_RESP_START
268 1 4 9 2060228080 LICK
268 1 4 9 2060228616 REWARD_START
268 1 4 9 2060405700 LICK
268 1 4 9 2060572812 LICK
268 1 4 9 2060736008 LICK
268 1 4 9 2060910344 LICK
268 1 4 9 2061288024 RESP_END
268 1 4 9 2060241688 REWARD_END
269 0 5 8 2063038644 STIM_START
269 0 5 8 2067064120 STIM_END_RESP_START
269 0 5 8 2068264136 RESP_END
270 2 4 5 2070000788 STIM_START
270 2 4 5 2073526236 STIM_END_RESP_START
270 2 4 5 2074726252 RESP_END
271 1 5 5 2076466864 STIM_START
271 1 5 5 2080492340 STIM_END_RESP_START
271 1 5 5 2080900384 LICK
271 1 5 5 2080900916 REWARD_START
271 1 5 5 2081078072 LICK
271 1 5 5 2081258144 LICK
271 1 5 5 2081425924 LICK
271 1 5 5 2081593676 LICK
271 1 5 5 2081692384 RESP_END
271 1 5 5 2080913992 REWARD_END
272 2 5 1 2083445144 STIM_START
272 2 5 1 2085898576 LICK
272 2 5 1 2087160428 LICK
272 2 5 1 2087470624 STIM_END_RESP_START
272 2 5 1 2087576452 LICK
272 2 5 1 2087576992 REWARD_START
272 2 5 1 2088670660 RESP_END
272 2 5 1 2087590052 REWARD_END
273 0 2 6 2090383176 STIM_START
273 0 2 6 2093508548 STIM_END_RESP_START
273 0 2 6 2094708564 RESP_END
274 1 2 6 2096427200 STIM_START
274 1 2 6 2099552572 STIM_END_RESP_START
274 1 2 6 2100752624 RESP_END
275 0 4 2 2102482248 STIM_START
275 0 4 2 2106007696 STIM_END_RESP_START
275 0 4 2 2107207748 RESP_END
276 2 4 7 2108944268 STIM_START
276 2 4 7 2111846560 LICK
276 2 4 7 2112469720 STIM_END_RESP_START
276 2 4 7 2113593716 LICK
276 2 4 7 2113594248 REWARD_START
276 2 4 7 2113669740 RESP_END
276 2 4 7 2113607324 REWARD_END
277 0 2 4 2115381344 STIM_START
277 0 2 4 2116584560 LICK
277 0 2 4 2116970504 LICK
277 0 2 4 2117064900 LICK
277 0 2 4 2118349452 LICK
277 0 2 4 2118506740 STIM_END_RESP_START
277 0 2 4 2119706756 RESP_END
278 1 2 4 2122421516 STIM_START
278 1 2 4 2124069796 LICK
278 1 2 4 2124135196 LICK
278 1 2 4 2125546908 STIM_END_RESP_START
278 1 2 4 2126746924 RESP_END
279 1 4 10 2128476572 STIM_START
279 1 4 10 2129904416 LICK
279 1 4 10 2130725364 LICK
279 1 4 10 2132001996 STIM_END_RESP_START
279 1 4 10 2133202008 RESP_END
280 0 4 3 2134923596 STIM_START
280 0 4 3 2136655588 LICK
280 0 4 3 2137289304 LICK
280 0 4 3 2138449044 STIM_END_RESP_START
280 0 4 3 2138989080 LICK
280 0 4 3 2138989616 TIMEOUT_START
280 0 4 3 2139582864 LICK
280 0 4 3 2139583396 TIMEOUT_START
280 0 4 3 2139649064 RESP_END
280 0 4 3 2146583940 TIMEOUT_END
281 0 5 8 2148319916 STIM_START
281 0 5 8 2152345432 STIM_END_RESP_START
281 0 5 8 2153545448 RESP_END
282 2 3 10 2155255992 STIM_START
282 2 3 10 2158531412 STIM_END_RESP_START
282 2 3 10 2159731428 RESP_END
283 0 2 1 2161443072 STIM_START
283 0 2 1 2164568440 STIM_END_RESP_START
283 0 2 1 2165768456 RESP_END
284 0 3 9 2167494064 STIM_START
284 0 3 9 2170769488 STIM_END_RESP_START
284 0 3 9 2171969544 RESP_END
285 2 4 7 2173692100 STIM_START
285 2 4 7 2177217556 STIM_END_RESP_START
285 2 4 7 2178417564 RESP_END
286 1 3 3 2180144184 STIM_START
286 1 3 3 2183419600 STIM_END_RESP_START
286 1 3 3 2184619616 RESP_END
287 0 1 3 2186320168 STIM_START
287 0 1 3 2189395544 STIM_END_RESP_START
287 0 1 3 2190595560 RESP_END
288 0 1 8 2192307232 STIM_START
288 0 1 8 2195382612 STIM_END_RESP_START
288 0 1 8 2196582628 RESP_END
289 0 2 4 2198295168 STIM_START
289 0 2 4 2201420540 STIM_END_RESP_START
289 0 2 4 2202620560 RESP_END
290 2 4 3 2204353260 STIM_START
290 2 4 3 2207878676 STIM_END_RESP_START
290 2 4 3 2208374700 LICK
290 2 4 3 2208375236 REWARD_START
290 2 4 3 2208555084 LICK
290 2 4 3 2209039168 LICK
290 2 4 3 2209078716 RESP_END
290 2 4 3 2208388316 REWARD_END
291 1 4 1 2211332340 STIM_START
291 1 4 1 2214857764 STIM_END_RESP_START
291 1 4 1 2216057812 RESP_END
292 1 5 8 2217801444 STIM_START
292 1 5 8 2221826916 STIM_END_RESP_START
292 1 5 8 2222276660 LICK
292 1 5 8 2222277192 REWARD_START
292 1 5 8 2222450176 LICK
292 1 5 8 2222772560 LICK
292 1 5 8 2222929592 LICK
292 1 5 8 2223026944 RESP_END
292 1 5 8 2222290272 REWARD_END
293 0 1 10 2224739576 STIM_START
293 0 1 10 2227814956 STIM_END_RESP_START
293 0 1 10 2229014972 RESP_END
294 0 5 6 2230762604 STIM_START
294 0 5 6 2234788116 STIM_END_RESP_START
294 0 5 6 2235988132 RESP_END
295 1 5 7 2237736768 STIM_START
295 1 5 7 2241762244 STIM_END_RESP_START
295 1 5 7 2242089380 LICK
295 1 5 7 2242089912 REWARD_START
295 1 5 7 2242211572 LICK
295 1 5 7 2242381352 LICK
295 1 5 7 2242545444 LICK
295 1 5 7 2242715636 LICK
295 1 5 7 2242962256 RESP_END
295 1 5 7 2242102988 REWARD_END
296 2 5 10 2244698972 STIM_START
296 2 5 10 2248724488 STIM_END_RESP_START
296 2 5 10 2249182820 LICK
296 2 5 10 2249183360 REWARD_START
296 2 5 10 2249332276 LICK
296 2 5 10 2249461328 LICK
296 2 5 10 2249619524 LICK
296 2 5 10 2249798620 LICK
296 2 5 10 2249924512 RESP_END
296 2 5 10 2249196432 REWARD_END
297 0 3 1 2251650072 STIM_START
297 0 3 1 2254925492 STIM_END_RESP_START
297 0 3 1 2256125504 RESP_END
298 1 1 4 2257831112 STIM_START
298 1 1 4 2258563552 LICK
298 1 1 4 2260906480 STIM_END_RESP_START
298 1 1 4 2261152492 LICK
298 1 1 4 2261153032 REWARD_START
298 1 1 4 2261314368 LICK
298 1 1 4 2261492752 LICK
298 1 1 4 2261655464 LICK
298 1 1 4 2261825572 LICK
298 1 1 4 2262106512 RESP_END
298 1 1 4 2261166108 REWARD_END
299 0 5 2 2263859096 STIM_START
299 0 5 2 2267884576 STIM_END_RESP_START
299 0 5 2 2269084620 RESP_END
300 1 5 6 2270837324 STIM_START
300 1 5 6 2274862796 STIM_END_RESP_START
300 1 5 6 2275361072 LICK
300 1 5 6 2275361604 REWARD_START
300 1 5 6 2275548072 LICK
300 1 5 6 2275723592 LICK
300 1 5 6 2276044296 LICK
300 1 5 6 2276062844 RESP_END
300 1 5 6 2275374680 REWARD_END
301 0 3 10 2277958456 STIM_START
301 0 3 10 2281233848 STIM_END_RESP_START
301 0 3 10 2282433864 RESP_END
302 0 2 4 2286081804 STIM_START
302 0 2 4 2286526216 LICK
302 0 2 4 2289207196 STIM_END_RESP_START
302 0 2 4 2290407212 RESP_END
303 0 2 5 2292116824 STIM_START
303 0 2 5 2295242196 STIM_END_RESP_START
303 0 2 5 2296442212 RESP_END
304 1 3 5 2298166884 STIM_START
304 1 3 5 2301442264 STIM_END_RESP_START
304 1 3 5 2302016012 LICK
304 1 3 5 2302016548 REWARD_START
304 1 3 5 2302642312 RESP_END
304 1 3 5 2302029620 REWARD_END
305 0 3 2 2304359860 STIM_START
305 0 3 2 2307635284 STIM_END_RESP_START
305 0 3 2 2308835336 RESP_END
306 1 2 6 2310552880 STIM_START
306 1 2 6 2313678252 STIM_END_RESP_START
306 1 2 6 2314127232 LICK
306 1 2 6 2314127772 REWARD_START
306 1 2 6 2314303860 LICK
306 1 2 6 2314605524 LICK
306 1 2 6 2314878288 RESP_END
306 1 2 6 2314140848 REWARD_END
307 0 3 7 2317179024 STIM_START
307 0 3 7 2320454444 STIM_END_RESP_START
307 0 3 7 2321037792 LICK
307 0 3 7 2321038324 TIMEOUT_START
307 0 3 7 2321260176 LICK
307 0 3 7 2321260712 TIMEOUT_START
307 0 3 7 2321654484 RESP_END
307 0 3 7 2328261252 TIMEOUT_END
308 2 4 5 2329993168 STIM_START
308 2 4 5 2333518584 STIM_END_RESP_START
308 2 4 5 2333964300 LICK
308 2 4 5 2333964832 REWARD_START
308 2 4 5 2334163220 LICK
308 2 4 5 2334504892 LICK
308 2 4 5 2334690120 LICK
308 2 4 5 2334718592 RESP_END
308 2 4 5 2333977912 REWARD_END
309 1 4 9 2336446192 STIM_START
309 1 4 9 2339971608 STIM_END_RESP_START
309 1 4 9 2340380296 LICK
309 1 4 9 2340380836 REWARD_START
309 1 4 9 2340526320 LICK
309 1 4 9 2340691952 LICK
309 1 4 9 2340867660 LICK
309 1 4 9 2341171656 RESP_END
309 1 4 9 2340393904 REWARD_END
310 1 3 8 2342898308 STIM_START
310 1 3 8 2346173736 STIM_END_RESP_START
310 1 3 8 2346581980 LICK
310 1 3 8 2346582520 REWARD_START
310 1 3 8 2346792220 LICK
310 1 3 8 2346959060 LICK
310 1 3 8 2347262116 LICK
310 1 3 8 2347373764 RESP_END
310 1 3 8 2346595600 REWARD_END
311 0 4 6 2349197348 STIM_START
311 0 4 6 2352722796 STIM_END_RESP_START
311 0 4 6 2353922812 RESP_END
312 0 2 1 2355630464 STIM_START
312 0 2 1 2358755836 STIM_END_RESP_START
312 0 2 1 2359955856 RESP_END
313 1 2 7 2361674472 STIM_START
313 1 2 7 2364799880 STIM_END_RESP_START
313 1 2 7 2365224528 LICK
313 1 2 7 2365225068 REWARD_START
313 1 2 7 2365420872 LICK
313 1 2 7 2365606032 LICK
313 1 2 7 2365774908 LICK
313 1 2 7 2365945784 LICK
313 1 2 7 2365999908 RESP_END
313 1 2 7 2365238140 REWARD_END
314 0 2 8 2367717452 STIM_START
314 0 2 8 2370842824 STIM_END_RESP_START
314 0 2 8 2372042836 RESP_END
315 1 4 1 2373761444 STIM_START
315 1 4 1 2374054092 LICK
315 1 4 1 2374248096 LICK
315 1 4 1 2374473336 LICK
315 1 4 1 2374663976 LICK
315 1 4 1 2374873316 LICK
315 1 4 1 2375598764 LICK
315 1 4 1 2377286860 STIM_END_RESP_START
315 1 4 1 2378486876 RESP_END
316 1 4 10 2380208520 STIM_START
316 1 4 10 2383733976 STIM_END_RESP_START
316 1 4 10 2384374804 LICK
316 1 4 10 2384375336 REWARD_START
316 1 4 10 2384934024 RESP_END
316 1 4 10 2384388416 REWARD_END
317 1 3 8 2386656560 STIM_START
317 1 3 8 2389931976 STIM_END_RESP_START
317 1 3 8 2391131996 RESP_END
318 0 5 6 2392885656 STIM_START
318 0 5 6 2396911128 STIM_END_RESP_START
318 0 5 6 2398111148 RESP_END
319 0 3 4 2399827748 STIM_START
319 0 3 4 2403103176 STIM_END_RESP_START
319 0 3 4 2404303196 RESP_END
320 1 4 3 2406030792 STIM_START
320 1 4 3 2409556248 STIM_END_RESP_START
320 1 4 3 2410041400 LICK
320 1 4 3 2410041936 REWARD_START
320 1 4 3 2410223512 LICK
320 1 4 3 2410541340 LICK
320 1 4 3 2410756264 RESP_END
320 1 4 3 2410055016 REWARD_END
321 1 2 6 2412916976 STIM_START
321 1 2 6 2416042388 STIM_END_RESP_START
321 1 2 6 2417242404 RESP_END
322 1 1 8 2418958940 STIM_START
322 1 1 8 2422034320 STIM_END_RESP_START
322 1 1 8 2422487516 LICK
322 1 1 8 2422488048 REWARD_START
322 1 1 8 2422673084 LICK
322 1 1 8 2422834408 LICK
322 1 1 8 2422988204 LICK
322 1 1 8 2423234336 RESP_END
322 1 1 8 2422501124 REWARD_END
323 0 3 1 2424943932 STIM_START
323 0 3 1 2428219352 STIM_END_RESP_START
323 0 3 1 2429419368 RESP_END
324 2 3 7 2431145968 STIM_START
324 2 3 7 2434421392 STIM_END_RESP_START
324 2 3 7 2435621408 RESP_END
325 0 4 10 2437350048 STIM_START
325 0 4 10 2440875464 STIM_END_RESP_START
325 0 4 10 2442075480 RESP_END
326 0 2 6 2443792080 STIM_START
326 0 2 6 2446917452 STIM_END_RESP_START
326 0 2 6 2448117468 RESP_END
327 1 4 1 2449853084 STIM_START
327 1 4 1 2453378540 STIM_END_RESP_START
327 1 4 1 2454578556 RESP_END
328 1 2 2 2456285212 STIM_START
328 1 2 2 2459410584 STIM_END_RESP_START
328 1 2 2 2460610600 RESP_END
329 1 3 3 2462337216 STIM_START
329 1 3 3 2465612632 STIM_END_RESP_START
329 1 3 3 2466003492 LICK
329 1 3 3 2466004028 REWARD_START
329 1 3 3 2466184624 LICK
329 1 3 3 2466363956 LICK
329 1 3 3 2466812668 RESP_END
329 1 3 3 2466017100 REWARD_END
330 0 4 6 2468796312 STIM_START
330 0 4 6 2472321728 STIM_END_RESP_START
330 0 4 6 2473521744 RESP_END
331 2 4 9 2475245364 STIM_START
331 2 4 9 2478770780 STIM_END_RESP_START
331 2 4 9 2479970796 RESP_END
332 2 1 10 2483188640 STIM_START
332 2 1 10 2486264028 STIM_END_RESP_START
332 2 1 10 2487464044 RESP_END
333 0 1 10 2489171640 STIM_START
333 0 1 10 2492247020 STIM_END_RESP_START
333 0 1 10 2493447036 RESP_END
334 0 1 3 2495156656 STIM_START
334 0 1 3 2498232036 STIM_END_RESP_START
334 0 1 3 2499432056 RESP_END
335 1 5 7 2501184636 STIM_START
335 1 5 7 2504390872 LICK
335 1 5 7 2504729128 LICK
335 1 5 7 2505210132 STIM_END_RESP_START
335 1 5 7 2505876652 LICK
335 1 5 7 2505877188 REWARD_START
335 1 5 7 2506209880 LICK
335 1 5 7 2506410172 RESP_END
335 1 5 7 2505890264 REWARD_END
336 1 1 6 2508121856 STIM_START
336 1 1 6 2511197244 STIM_END_RESP_START
336 1 1 6 2512397256 RESP_END
337 2 3 6 2514118788 STIM_START
337 2 3 6 2517394208 STIM_END_RESP_START
337 2 3 6 2518594224 RESP_END
338 0 2 2 2520299848 STIM_START
338 0 2 2 2523425220 STIM_END_RESP_START
338 0 2 2 2524625236 RESP_END
339 1 3 8 2526361824 STIM_START
339 1 3 8 2529637244 STIM_END_RESP_START
339 1 3 8 2530837260 RESP_END
340 2 2 2 2532555900 STIM_START
340 2 2 2 2535681276 STIM_END_RESP_START
340 2 2 2 2536881292 RESP_END
341 2 3 4 2538607912 STIM_START
341 2 3 4 2541883332 STIM_END_RESP_START
341 2 3 4 2543083348 RESP_END
342 0 3 1 2544811896 STIM_START
342 0 3 1 2548087320 STIM_END_RESP_START
342 0 3 1 2549287336 RESP_END
343 1 1 10 2550990004 STIM_START
343 1 1 10 2554065384 STIM_END_RESP_START
343 1 1 10 2555265404 RESP_END
344 2 5 8 2557015944 STIM_START
344 2 5 8 2561041428 STIM_END_RESP_START
344 2 5 8 2562241436 RESP_END
