001 0 0006477828 STIM_START
001 0 0010003252 STIM_END_RESP_START
001 0 0011203268 RESP_END
002 1 0018874824 STIM_START
002 1 0019632540 LICK
002 1 0019833580 LICK
002 1 0022150196 STIM_END_RESP_START
002 1 0023350244 RESP_END
003 0 0025602908 STIM_START
003 0 0029628368 STIM_END_RESP_START
003 0 0030828384 RESP_END
004 0 0033023088 STIM_START
004 0 0036548488 STIM_END_RESP_START
004 0 0037748504 RESP_END
005 0 0040715348 STIM_START
005 0 0041206428 LICK
005 0 0041388612 LICK
005 0 0042738436 LICK
005 0 0042874176 LICK
005 0 0043021004 LICK
005 0 0043213548 LICK
005 0 0043595068 LICK
005 0 0044289728 LICK
005 0 0044490800 STIM_END_RESP_START
005 0 0044497344 LICK
005 0 0044497780 TIMEOUT_START
005 0 0045690848 RESP_END
005 0 0051498248 TIMEOUT_END
006 1 0053646416 STIM_START
006 1 0054394192 LICK
006 1 0055159644 LICK
006 1 0056086464 LICK
006 1 0056307472 LICK
006 1 0056520920 LICK
006 1 0056975788 LICK
006 1 0057161124 LICK
006 1 0057171840 STIM_END_RESP_START
006 1 0057344780 LICK
006 1 0057345220 REWARD_START
006 1 0057503012 LICK
006 1 0057667164 LICK
006 1 0057786636 LICK
006 1 0057926904 LICK
006 1 0058066656 LICK
006 1 0058228540 LICK
006 1 0058371880 RESP_END
006 1 0057358188 REWARD_END
007 0 0060798568 STIM_START
007 0 0060905368 LICK
007 0 0061317172 LICK
007 0 0061559188 LICK
007 0 0061774764 LICK
007 0 0062463676 LICK
007 0 0062631064 LICK
007 0 0063028448 LICK
007 0 0063835632 LICK
007 0 0063997448 LICK
007 0 0064824048 STIM_END_RESP_START
007 0 0065042344 LICK
007 0 0065042788 TIMEOUT_START
007 0 0065223056 LICK
007 0 0065223492 TIMEOUT_START
007 0 0065941088 LICK
007 0 0065941532 TIMEOUT_START
007 0 0066024084 RESP_END
007 0 0072941980 TIMEOUT_END
008 1 0077344200 STIM_START
008 1 0079903224 LICK
008 1 0081369676 STIM_END_RESP_START
008 1 0081565064 LICK
008 1 0081565500 REWARD_START
008 1 0081758924 LICK
008 1 0082154696 LICK
008 1 0082295880 LICK
008 1 0082414356 LICK
008 1 0082569716 RESP_END
008 1 0081578480 REWARD_END
009 0 0084748424 STIM_START
009 0 0086222288 LICK
009 0 0087197356 LICK
009 0 0088773884 STIM_END_RESP_START
009 0 0089973900 RESP_END
010 0 0100678952 STIM_START
010 0 0100949664 LICK
010 0 0101138924 LICK
010 0 0104454388 STIM_END_RESP_START
010 0 0105070400 LICK
010 0 0105070884 TIMEOUT_START
010 0 0105654416 RESP_END
010 0 0112071380 TIMEOUT_END
011 1 0116272516 STIM_START
011 1 0116632308 LICK
011 1 0120297992 STIM_END_RESP_START
011 1 0120500096 LICK
011 1 0120500588 REWARD_START
011 1 0120704960 LICK
011 1 0121498028 RESP_END
011 1 0120513592 REWARD_END
012 1 0130016696 STIM_START
012 1 0130720896 LICK
012 1 0132871100 LICK
012 1 0133292076 STIM_END_RESP_START
012 1 0133473648 LICK
012 1 0133474132 REWARD_START
012 1 0133681444 LICK
012 1 0133931796 LICK
012 1 0134072904 LICK
012 1 0134211044 LICK
012 1 0134362408 LICK
012 1 0134492124 RESP_END
012 1 0133487152 REWARD_END
013 0 0136677784 STIM_START
013 0 0137024084 LICK
013 0 0137935220 LICK
013 0 0138675956 LICK
013 0 0138843296 LICK
013 0 0139026008 LICK
013 0 0139494112 LICK
013 0 0139676424 LICK
013 0 0140079972 LICK
013 0 0140257772 LICK
013 0 0140677660 LICK
013 0 0140703236 STIM_END_RESP_START
013 0 0141077484 LICK
013 0 0141077976 TIMEOUT_START
013 0 0141271064 LICK
013 0 0141271548 TIMEOUT_START
013 0 0141903264 RESP_END
013 0 0148272040 TIMEOUT_END
014 1 0153820560 STIM_START
014 1 0154901452 LICK
014 1 0155105432 LICK
014 1 0155403940 LICK
014 1 0155850044 LICK
014 1 0156117404 LICK
014 1 0156726212 LICK
014 1 0157345976 STIM_END_RESP_START
014 1 0157385004 LICK
014 1 0157385488 REWARD_START
014 1 0157578744 LICK
014 1 0157868352 LICK
014 1 0158010076 LICK
014 1 0158137088 LICK
014 1 0158278696 LICK
014 1 0158410796 LICK
014 1 0158546008 RESP_END
014 1 0157398512 REWARD_END
015 0 0160518600 STIM_START
015 0 0161416684 LICK
015 0 0161604780 LICK
015 0 0162232156 LICK
015 0 0163221236 LICK
015 0 0163767108 LICK
015 0 0163957500 LICK
015 0 0164420444 LICK
015 0 0164544056 STIM_END_RESP_START
015 0 0164559972 LICK
015 0 0164560456 TIMEOUT_START
015 0 0165046084 LICK
015 0 0165046572 TIMEOUT_START
015 0 0165224728 LICK
015 0 0165225208 TIMEOUT_START
015 0 0165587344 LICK
015 0 0165587824 TIMEOUT_START
015 0 0165744072 RESP_END
015 0 0172588336 TIMEOUT_END
016 0 0187491936 STIM_START
016 0 0187594664 LICK
016 0 0188478348 LICK
016 0 0189355848 LICK
016 0 0190295864 LICK
016 0 0191017372 STIM_END_RESP_START
016 0 0191122800 LICK
016 0 0191123284 TIMEOUT_START
016 0 0191567932 LICK
016 0 0191568420 TIMEOUT_START
016 0 0192002836 LICK
016 0 0192003324 TIMEOUT_START
016 0 0192217384 RESP_END
016 0 0199003816 TIMEOUT_END
017 0 0201064068 STIM_START
017 0 0205089544 STIM_END_RESP_START
017 0 0206289580 RESP_END
018 1 0208265288 STIM_START
018 1 0212040720 STIM_END_RESP_START
018 1 0213240748 RESP_END
019 1 0215001396 STIM_START
019 1 0217032608 LICK
019 1 0217264660 LICK
019 1 0217615452 LICK
019 1 0218043964 LICK
019 1 0218526812 STIM_END_RESP_START
019 1 0218567760 LICK
019 1 0218568244 REWARD_START
019 1 0218681804 LICK
019 1 0218932744 LICK
019 1 0219059864 LICK
019 1 0219187364 LICK
019 1 0219327912 LICK
019 1 0219501392 LICK
019 1 0219653916 LICK
019 1 0219726832 RESP_END
019 1 0218581264 REWARD_END
020 0 0227016328 STIM_START
020 0 0227306576 LICK
020 0 0227525648 LICK
020 0 0227952816 LICK
020 0 0228441732 LICK
020 0 0228642640 LICK
020 0 0229294220 LICK
020 0 0230068128 LICK
020 0 0230291692 STIM_END_RESP_START
020 0 0230763384 LICK
020 0 0230763876 TIMEOUT_START
020 0 0231491728 RESP_END
020 0 0237764372 TIMEOUT_END
021 0 0240383424 STIM_START
021 0 0240741872 LICK
021 0 0241166992 LICK
021 0 0242128816 LICK
021 0 0242598356 LICK
021 0 0242888676 LICK
021 0 0243349688 LICK
021 0 0243908840 STIM_END_RESP_START
021 0 0244131412 LICK
021 0 0244131900 TIMEOUT_START
021 0 0244323060 LICK
021 0 0244323552 TIMEOUT_START
021 0 0244761764 LICK
021 0 0244762248 TIMEOUT_START
021 0 0244975436 LICK
021 0 0244975928 TIMEOUT_START
021 0 0245108872 RESP_END
021 0 0251976424 TIMEOUT_END
022 1 0255115800 STIM_START
022 1 0256488720 LICK
022 1 0256606124 LICK
022 1 0256771872 LICK
022 1 0257906512 LICK
022 1 0258814516 LICK
022 1 0259141280 STIM_END_RESP_START
022 1 0259337888 LICK
022 1 0259338376 REWARD_START
022 1 0259518416 LICK
022 1 0259885804 LICK
022 1 0260025624 LICK
022 1 0260170712 LICK
022 1 0260297496 LICK
022 1 0260341316 RESP_END
022 1 0259351392 REWARD_END
023 1 0262907112 STIM_START
023 1 0263079836 LICK
023 1 0264291584 LICK
023 1 0264797132 LICK
023 1 0265470712 LICK
023 1 0266023324 LICK
023 1 0266182512 STIM_END_RESP_START
023 1 0266334660 LICK
023 1 0266335144 REWARD_START
023 1 0266503084 LICK
023 1 0266742052 LICK
023 1 0266886980 LICK
023 1 0266999376 LICK
023 1 0267125804 LICK
023 1 0267258612 LICK
023 1 0267382552 RESP_END
023 1 0266348164 REWARD_END
024 0 0269740196 STIM_START
024 0 0271153216 LICK
024 0 0271340136 LICK
024 0 0271973672 LICK
024 0 0272942640 LICK
024 0 0273015604 STIM_END_RESP_START
024 0 0273718360 LICK
024 0 0273718844 TIMEOUT_START
024 0 0274215640 RESP_END
024 0 0280719348 TIMEOUT_END
025 0 0282796296 STIM_START
025 0 0283771648 LICK
025 0 0286821788 STIM_END_RESP_START
025 0 0288021820 RESP_END
026 1 0290032452 STIM_START
026 1 0293292972 LICK
026 1 0293307836 STIM_END_RESP_START
026 1 0293456616 LICK
026 1 0293457108 REWARD_START
026 1 0293631992 LICK
026 1 0293921648 LICK
026 1 0294039572 LICK
026 1 0294167284 LICK
026 1 0294298828 LICK
026 1 0294439020 LICK
026 1 0294507856 RESP_END
026 1 0293470124 REWARD_END
027 0 0308360436 STIM_START
027 0 0308577260 LICK
027 0 0308953928 LICK
027 0 0309296328 LICK
027 0 0309496292 LICK
027 0 0309695948 LICK
027 0 0309886836 LICK
027 0 0310108944 LICK
027 0 0310396016 LICK
027 0 0310646920 LICK
027 0 0311082368 LICK
027 0 0311295768 LICK
027 0 0311624248 LICK
027 0 0311828856 LICK
027 0 0312135892 STIM_END_RESP_START
027 0 0312198652 LICK
027 0 0312199136 TIMEOUT_START
027 0 0312425668 LICK
027 0 0312426152 TIMEOUT_START
027 0 0312590200 LICK
027 0 0312590692 TIMEOUT_START
027 0 0313083160 LICK
027 0 0313083648 TIMEOUT_START
027 0 0313273668 LICK
027 0 0313274152 TIMEOUT_START
027 0 0313335928 RESP_END
027 0 0320274660 TIMEOUT_END
028 1 0322403684 STIM_START
028 1 0322840740 LICK
028 1 0323039008 LICK
028 1 0323476024 LICK
028 1 0323677992 LICK
028 1 0323953128 LICK
028 1 0324194568 LICK
028 1 0324409304 LICK
028 1 0324608936 LICK
028 1 0324785896 LICK
028 1 0325135708 LICK
028 1 0325390656 LICK
028 1 0326252140 LICK
028 1 0326429168 STIM_END_RESP_START
028 1 0326454652 LICK
028 1 0326455136 REWARD_START
028 1 0326648844 LICK
028 1 0326918528 LICK
028 1 0327048228 LICK
028 1 0327159832 LICK
028 1 0327288516 LICK
028 1 0327434820 LICK
028 1 0327566388 LICK
028 1 0327629200 RESP_END
028 1 0326468160 REWARD_END
029 1 0344371152 STIM_START
029 1 0344447232 LICK
029 1 0344923728 LICK
029 1 0345321204 LICK
029 1 0345569348 LICK
029 1 0345777300 LICK
029 1 0345989800 LICK
029 1 0346249132 LICK
029 1 0346535020 LICK
029 1 0346717900 LICK
029 1 0346915136 LICK
029 1 0347230576 LICK
029 1 0347397824 LICK
029 1 0347617884 LICK
029 1 0347982288 LICK
029 1 0348299256 LICK
029 1 0348396628 STIM_END_RESP_START
029 1 0348465580 LICK
029 1 0348466064 REWARD_START
029 1 0348647016 LICK
029 1 0348788052 LICK
029 1 0348889520 LICK
029 1 0349026728 LICK
029 1 0349144920 LICK
029 1 0349304728 LICK
029 1 0349448164 LICK
029 1 0349596656 RESP_END
029 1 0348479088 REWARD_END
030 0 0351707380 STIM_START
030 0 0351979004 LICK
030 0 0352460868 LICK
030 0 0353130864 LICK
030 0 0353359008 LICK
030 0 0353541184 LICK
030 0 0354229304 LICK
030 0 0354434072 LICK
030 0 0354600332 LICK
030 0 0354982760 STIM_END_RESP_START
030 0 0355228436 LICK
030 0 0355228924 TIMEOUT_START
030 0 0355419552 LICK
030 0 0355420040 TIMEOUT_START
030 0 0355649280 LICK
030 0 0355649768 TIMEOUT_START
030 0 0356182780 RESP_END
030 0 0362650276 TIMEOUT_END
031 0 0381328120 STIM_START
031 0 0382372512 LICK
031 0 0383185492 LICK
031 0 0384097028 LICK
031 0 0384603516 STIM_END_RESP_START
031 0 0384788652 LICK
031 0 0384789136 TIMEOUT_START
031 0 0385425472 LICK
031 0 0385425956 TIMEOUT_START
031 0 0385803544 RESP_END
031 0 0392426460 TIMEOUT_END
032 0 0409139616 STIM_START
032 0 0409755832 LICK
032 0 0411274032 LICK
032 0 0412415024 STIM_END_RESP_START
032 0 0412772656 LICK
032 0 0412773144 TIMEOUT_START
032 0 0413521720 LICK
032 0 0413522208 TIMEOUT_START
032 0 0413615064 RESP_END
032 0 0420522704 TIMEOUT_END
033 1 0422870832 STIM_START
033 1 0424031572 LICK
033 1 0425695272 LICK
033 1 0425877232 LICK
033 1 0426110620 LICK
033 1 0426388668 LICK
033 1 0426606448 LICK
033 1 0426817744 LICK
033 1 0426896300 STIM_END_RESP_START
033 1 0427090564 LICK
033 1 0427091056 REWARD_START
033 1 0427255316 LICK
033 1 0427568420 LICK
033 1 0427692368 LICK
033 1 0427818220 LICK
033 1 0427926636 LICK
033 1 0428058744 LICK
033 1 0428096348 RESP_END
033 1 0427104072 REWARD_END
034 0 0430880144 STIM_START
034 0 0430887680 LICK
034 0 0431212920 LICK
034 0 0431426416 LICK
034 0 0431621200 LICK
034 0 0431820524 LICK
034 0 0431984008 LICK
034 0 0432156776 LICK
034 0 0432369144 LICK
034 0 0432590620 LICK
034 0 0432945980 LICK
034 0 0433156184 LICK
034 0 0433466436 LICK
034 0 0433652960 LICK
034 0 0433990124 LICK
034 0 0434235980 LICK
034 0 0434399036 LICK
034 0 0434655572 STIM_END_RESP_START
034 0 0434717724 LICK
034 0 0434718208 TIMEOUT_START
034 0 0434963124 LICK
034 0 0434963612 TIMEOUT_START
034 0 0435417592 LICK
034 0 0435418076 TIMEOUT_START
034 0 0435622612 LICK
034 0 0435623100 TIMEOUT_START
034 0 0435855600 RESP_END
034 0 0442623608 TIMEOUT_END
035 0 0447861872 STIM_START
035 0 0449421524 LICK
035 0 0449835232 LICK
035 0 0450259776 LICK
035 0 0450464316 LICK
035 0 0450666728 LICK
035 0 0450837196 LICK
035 0 0451007072 LICK
035 0 0451206304 LICK
035 0 0451387272 STIM_END_RESP_START
035 0 0451580032 LICK
035 0 0451580516 TIMEOUT_START
035 0 0451777844 LICK
035 0 0451778328 TIMEOUT_START
035 0 0452171804 LICK
035 0 0452172288 TIMEOUT_START
035 0 0452342864 LICK
035 0 0452343348 TIMEOUT_START
035 0 0452587292 RESP_END
035 0 0459343856 TIMEOUT_END
036 1 0462970280 STIM_START
036 1 0466245660 STIM_END_RESP_START
036 1 0467445692 RESP_END
037 1 0469174300 STIM_START
037 1 0472449676 STIM_END_RESP_START
037 1 0473649712 RESP_END
038 1 0475490324 STIM_START
038 1 0477326000 LICK
038 1 0477521456 LICK
038 1 0477972500 LICK
038 1 0478438876 LICK
038 1 0478629068 LICK
038 1 0479006968 LICK
038 1 0479414744 LICK
038 1 0479515804 STIM_END_RESP_START
038 1 0479600408 LICK
038 1 0479600904 REWARD_START
038 1 0479749892 LICK
038 1 0480011464 LICK
038 1 0480140368 LICK
038 1 0480265476 LICK
038 1 0480382424 LICK
038 1 0480519976 LICK
038 1 0480687152 LICK
038 1 0480715816 RESP_END
038 1 0479613920 REWARD_END
039 0 0482871504 STIM_START
039 0 0483263900 LICK
039 0 0483804020 LICK
039 0 0484005092 LICK
039 0 0484546712 LICK
039 0 0484740412 LICK
039 0 0485481620 LICK
039 0 0486371788 LICK
039 0 0486396936 STIM_END_RESP_START
039 0 0486531536 LICK
039 0 0486532020 TIMEOUT_START
039 0 0486931980 LICK
039 0 0486932468 TIMEOUT_START
039 0 0487272876 LICK
039 0 0487273360 TIMEOUT_START
039 0 0487596948 RESP_END
039 0 0494273876 TIMEOUT_END
040 0 0496405716 STIM_START
040 0 0497380048 LICK
040 0 0497749652 LICK
040 0 0498159320 LICK
040 0 0498716428 LICK
040 0 0499221652 LICK
040 0 0499624852 LICK
040 0 0499681088 STIM_END_RESP_START
040 0 0499800332 LICK
040 0 0499800816 TIMEOUT_START
040 0 0500009452 LICK
040 0 0500009936 TIMEOUT_START
040 0 0500193320 LICK
040 0 0500193804 TIMEOUT_START
040 0 0500401520 LICK
040 0 0500402008 TIMEOUT_START
040 0 0500543760 LICK
040 0 0500544244 TIMEOUT_START
040 0 0500713296 LICK
040 0 0500713788 TIMEOUT_START
040 0 0500881128 RESP_END
040 0 0507714280 TIMEOUT_END
041 0 0517358024 STIM_START
041 0 0517678020 LICK
041 0 0517860964 LICK
041 0 0518053236 LICK
041 0 0518542016 LICK
041 0 0518756960 LICK
041 0 0518929808 LICK
041 0 0519188392 LICK
041 0 0519567104 LICK
041 0 0519763608 LICK
041 0 0519940708 LICK
041 0 0520120128 LICK
041 0 0520321436 LICK
041 0 0520548472 LICK
041 0 0520883432 STIM_END_RESP_START
041 0 0520899468 LICK
041 0 0520899960 TIMEOUT_START
041 0 0521095116 LICK
041 0 0521095608 TIMEOUT_START
041 0 0521417608 LICK
041 0 0521418100 TIMEOUT_START
041 0 0521644320 LICK
041 0 0521644804 TIMEOUT_START
041 0 0522083464 RESP_END
041 0 0528645312 TIMEOUT_END
042 1 0535061904 STIM_START
042 1 0535185708 LICK
042 1 0535936088 LICK
042 1 0536575240 LICK
042 1 0537059212 LICK
042 1 0537672152 LICK
042 1 0537921828 LICK
042 1 0538137964 LICK
042 1 0538513700 LICK
042 1 0538587320 STIM_END_RESP_START
042 1 0538756972 LICK
042 1 0538757460 REWARD_START
042 1 0538932076 LICK
042 1 0539171220 LICK
042 1 0539305212 LICK
042 1 0539442756 LICK
042 1 0539596616 LICK
042 1 0539734396 LICK
042 1 0539787356 RESP_END
042 1 0538770484 REWARD_END
043 1 0545880628 STIM_START
043 1 0546055520 LICK
043 1 0546227240 LICK
043 1 0546571388 LICK
043 1 0546931948 LICK
043 1 0547132460 LICK
043 1 0547658788 LICK
043 1 0547938228 LICK
043 1 0548132788 LICK
043 1 0548310540 LICK
043 1 0548512676 LICK
043 1 0548817724 LICK
043 1 0548997956 LICK
043 1 0549156104 LICK
043 1 0549344864 LICK
043 1 0549534996 LICK
043 1 0549656056 STIM_END_RESP_START
043 1 0549830032 LICK
043 1 0549830516 REWARD_START
043 1 0550020364 LICK
043 1 0550131224 LICK
043 1 0550255596 LICK
043 1 0550373996 LICK
043 1 0550498884 LICK
043 1 0550662652 LICK
043 1 0550813680 LICK
043 1 0550856072 RESP_END
043 1 0549843540 REWARD_END
044 1 0554319008 STIM_START
044 1 0554911436 LICK
044 1 0555290428 LICK
044 1 0555949252 LICK
044 1 0556182928 LICK
044 1 0556816124 LICK
044 1 0557684400 LICK
044 1 0557846956 LICK
044 1 0558044444 LICK
044 1 0558094460 STIM_END_RESP_START
044 1 0558235112 LICK
044 1 0558235600 REWARD_START
044 1 0558388692 LICK
044 1 0558617104 LICK
044 1 0558747616 LICK
044 1 0558867852 LICK
044 1 0558996592 LICK
044 1 0559133712 LICK
044 1 0559283604 LICK
044 1 0559294512 RESP_END
044 1 0558248620 REWARD_END
045 0 0562077288 STIM_START
045 0 0563761724 LICK
045 0 0563927728 LICK
045 0 0564363288 LICK
045 0 0564833376 LICK
045 0 0565028124 LICK
045 0 0565260604 LICK
045 0 0565388460 LICK
045 0 0565699804 LICK
045 0 0565852744 STIM_END_RESP_START
045 0 0566058696 LICK
045 0 0566059188 TIMEOUT_START
045 0 0566255872 LICK
045 0 0566256356 TIMEOUT_START
045 0 0566909888 LICK
045 0 0566910380 TIMEOUT_START
045 0 0567052760 RESP_END
045 0 0573910872 TIMEOUT_END
046 0 0575824460 STIM_START
046 0 0576388804 LICK
046 0 0577296852 LICK
046 0 0577501976 LICK
046 0 0577869724 LICK
046 0 0578142200 LICK
046 0 0578331108 LICK
046 0 0578645692 LICK
046 0 0578792884 LICK
046 0 0578993860 LICK
046 0 0579375712 LICK
046 0 0579672060 LICK
046 0 0579849928 STIM_END_RESP_START
046 0 0579918696 LICK
046 0 0579919188 TIMEOUT_START
046 0 0580085604 LICK
046 0 0580086096 TIMEOUT_START
046 0 0580372904 LICK
046 0 0580373388 TIMEOUT_START
046 0 0581049948 RESP_END
046 0 0587373900 TIMEOUT_END
047 0 0589302632 STIM_START
047 0 0589626976 LICK
047 0 0589828000 LICK
047 0 0590373056 LICK
047 0 0591288240 LICK
047 0 0592109276 LICK
047 0 0592355840 LICK
047 0 0592578028 STIM_END_RESP_START
047 0 0592731340 LICK
047 0 0592731824 TIMEOUT_START
047 0 0593293752 LICK
047 0 0593294236 TIMEOUT_START
047 0 0593627508 LICK
047 0 0593627992 TIMEOUT_START
047 0 0593778076 RESP_END
047 0 0600628500 TIMEOUT_END
048 1 0602764848 STIM_START
048 1 0604011156 LICK
048 1 0604622584 LICK
048 1 0604883916 LICK
048 1 0605223336 LICK
048 1 0605380360 LICK
048 1 0605630368 LICK
048 1 0605987604 LICK
048 1 0606291704 LICK
048 1 0606468704 LICK
048 1 0606540300 STIM_END_RESP_START
048 1 0606730812 LICK
048 1 0606731304 REWARD_START
048 1 0606855024 LICK
048 1 0607111184 LICK
048 1 0607233656 LICK
048 1 0607357348 LICK
048 1 0607519672 LICK
048 1 0607684024 LICK
048 1 0607740324 RESP_END
048 1 0606744320 REWARD_END
049 1 0610557112 STIM_START
049 1 0612326520 LICK
049 1 0612454060 LICK
049 1 0612599584 LICK
049 1 0612943600 LICK
049 1 0613335124 LICK
049 1 0613734144 LICK
049 1 0613832484 STIM_END_RESP_START
049 1 0613983796 LICK
049 1 0613984292 REWARD_START
049 1 0614157288 LICK
049 1 0614397620 LICK
049 1 0614526316 LICK
049 1 0614663796 LICK
049 1 0614822492 LICK
049 1 0614986208 LICK
049 1 0615032500 RESP_END
049 1 0613997312 REWARD_END
050 0 0618036308 STIM_START
050 0 0620051104 LICK
050 0 0620202668 LICK
050 0 0620984536 LICK
050 0 0621425336 LICK
050 0 0621770628 LICK
050 0 0621811756 STIM_END_RESP_START
050 0 0621916220 LICK
050 0 0621916708 TIMEOUT_START
050 0 0622398772 LICK
050 0 0622399260 TIMEOUT_START
050 0 0622727124 LICK
050 0 0622727616 TIMEOUT_START
050 0 0622935716 LICK
050 0 0622936208 TIMEOUT_START
050 0 0623011788 RESP_END
050 0 0629936712 TIMEOUT_END
051 1 0631650476 STIM_START
051 1 0632253688 LICK
051 1 0632435620 LICK
051 1 0632651928 LICK
051 1 0632849864 LICK
051 1 0633445852 LICK
051 1 0633737888 LICK
051 1 0634035588 LICK
051 1 0634399136 LICK
051 1 0634633640 LICK
051 1 0634821100 LICK
051 1 0634925880 STIM_END_RESP_START
051 1 0635058496 LICK
051 1 0635058984 REWARD_START
051 1 0635227860 LICK
051 1 0635371988 LICK
051 1 0635476040 LICK
051 1 0635588828 LICK
051 1 0635707652 LICK
051 1 0635844408 LICK
051 1 0636001572 LICK
051 1 0636121664 LICK
051 1 0636125908 RESP_END
051 1 0635072008 REWARD_END
052 0 0638222540 STIM_START
052 0 0639009376 LICK
052 0 0639329568 LICK
052 0 0639689688 LICK
052 0 0639878048 LICK
052 0 0640031532 LICK
052 0 0640193288 LICK
052 0 0640436988 LICK
052 0 0640615728 LICK
052 0 0640978880 LICK
052 0 0641167876 LICK
052 0 0641486256 LICK
052 0 0641497920 STIM_END_RESP_START
052 0 0641651896 LICK
052 0 0641652380 TIMEOUT_START
052 0 0641883552 LICK
052 0 0641884036 TIMEOUT_START
052 0 0642187224 LICK
052 0 0642187716 TIMEOUT_START
052 0 0642361244 LICK
052 0 0642361736 TIMEOUT_START
052 0 0642697948 RESP_END
052 0 0649362236 TIMEOUT_END
053 0 0651333700 STIM_START
053 0 0654732292 LICK
053 0 0654917352 LICK
053 0 0655359176 STIM_END_RESP_START
053 0 0655546268 LICK
053 0 0655546756 TIMEOUT_START
053 0 0656044980 LICK
053 0 0656045468 TIMEOUT_START
053 0 0656224388 LICK
053 0 0656224868 TIMEOUT_START
053 0 0656432824 LICK
053 0 0656433312 TIMEOUT_START
053 0 0656559196 RESP_END
053 0 0663433816 TIMEOUT_END
054 1 0667909308 STIM_START
054 1 0670222044 LICK
054 1 0670397784 LICK
054 1 0670629608 LICK
054 1 0670888476 LICK
054 1 0671184708 STIM_END_RESP_START
054 1 0671290080 LICK
054 1 0671290568 REWARD_START
054 1 0671448732 LICK
054 1 0671781984 LICK
054 1 0671926860 LICK
054 1 0672027120 LICK
054 1 0672168736 LICK
054 1 0672303128 LICK
054 1 0672384740 RESP_END
054 1 0671303584 REWARD_END
055 1 0675321528 STIM_START
055 1 0675976808 LICK
055 1 0676154400 LICK
055 1 0676427596 LICK
055 1 0676547928 LICK
055 1 0676696036 LICK
055 1 0677040280 LICK
055 1 0677214004 LICK
055 1 0677561136 LICK
055 1 0677715192 LICK
055 1 0678252500 LICK
055 1 0678724048 LICK
055 1 0678884304 LICK
055 1 0679012876 LICK
055 1 0679268780 LICK
055 1 0679346988 STIM_END_RESP_START
055 1 0679514052 LICK
055 1 0679514548 REWARD_START
055 1 0679636344 LICK
055 1 0679873492 LICK
055 1 0680017828 LICK
055 1 0680134708 LICK
055 1 0680247340 LICK
055 1 0680386380 LICK
055 1 0680546348 LICK
055 1 0680547004 RESP_END
055 1 0679527572 REWARD_END
056 1 0682641700 STIM_START
056 1 0684289084 LICK
056 1 0684448640 LICK
056 1 0684822732 LICK
056 1 0685048980 LICK
056 1 0685270624 LICK
056 1 0685578396 LICK
056 1 0685760744 LICK
056 1 0686002416 LICK
056 1 0686203196 LICK
056 1 0686600452 LICK
056 1 0686667184 STIM_END_RESP_START
056 1 0686777804 LICK
056 1 0686778288 REWARD_START
056 1 0686927328 LICK
056 1 0687169492 LICK
056 1 0687330624 LICK
056 1 0687456056 LICK
056 1 0687589744 LICK
056 1 0687729696 LICK
056 1 0687867224 RESP_END
056 1 0686791312 REWARD_END
057 0 0690804040 STIM_START
057 0 0691112056 LICK
057 0 0691565156 LICK
057 0 0691727048 LICK
057 0 0691945956 LICK
057 0 0692155536 LICK
057 0 0692417064 LICK
057 0 0692671444 LICK
057 0 0692844332 LICK
057 0 0692991460 LICK
057 0 0693160948 LICK
057 0 0693352836 LICK
057 0 0693542052 LICK
057 0 0693770012 LICK
057 0 0694120724 LICK
057 0 0694294720 LICK
057 0 0694480764 LICK
057 0 0694579496 STIM_END_RESP_START
057 0 0694643860 LICK
057 0 0694644344 TIMEOUT_START
057 0 0694825560 LICK
057 0 0694826052 TIMEOUT_START
057 0 0695002952 LICK
057 0 0695003444 TIMEOUT_START
057 0 0695186668 LICK
057 0 0695187152 TIMEOUT_START
057 0 0695340556 LICK
057 0 0695341044 TIMEOUT_START
057 0 0695593596 LICK
057 0 0695594088 TIMEOUT_START
057 0 0695779540 RESP_END
057 0 0702594592 TIMEOUT_END
058 0 0704554176 STIM_START
058 0 0708079596 STIM_END_RESP_START
058 0 0709279632 RESP_END
059 0 0711250284 STIM_START
059 0 0714055928 LICK
059 0 0714880628 LICK
059 0 0715025744 STIM_END_RESP_START
059 0 0715037320 LICK
059 0 0715037812 TIMEOUT_START
059 0 0715591792 LICK
059 0 0715592276 TIMEOUT_START
059 0 0715975376 LICK
059 0 0715975872 TIMEOUT_START
059 0 0716225788 RESP_END
059 0 0722976372 TIMEOUT_END
060 1 0724945516 STIM_START
060 1 0725255972 LICK
060 1 0725668016 LICK
060 1 0726008640 LICK
060 1 0726464404 LICK
060 1 0726671876 LICK
060 1 0726912300 LICK
060 1 0727204560 LICK
060 1 0727389352 LICK
060 1 0727609176 LICK
060 1 0727989456 LICK
060 1 0728470948 STIM_END_RESP_START
060 1 0728522528 LICK
060 1 0728523020 REWARD_START
060 1 0728686364 LICK
060 1 0729025820 LICK
060 1 0729136952 LICK
060 1 0729252252 LICK
060 1 0729374732 LICK
060 1 0729508096 LICK
060 1 0729620928 LICK
060 1 0729670968 RESP_END
060 1 0728536040 REWARD_END
061 0 0732460736 STIM_START
061 0 0734040460 LICK
061 0 0734205708 LICK
061 0 0734664552 LICK
061 0 0734845568 LICK
061 0 0735031268 LICK
061 0 0735177380 LICK
061 0 0735451920 LICK
061 0 0735736132 STIM_END_RESP_START
061 0 0735967360 LICK
061 0 0735967844 TIMEOUT_START
061 0 0736150712 LICK
061 0 0736151196 TIMEOUT_START
061 0 0736441696 LICK
061 0 0736442180 TIMEOUT_START
061 0 0736591504 LICK
061 0 0736591996 TIMEOUT_START
061 0 0736724932 LICK
061 0 0736725424 TIMEOUT_START
061 0 0736936156 RESP_END
061 0 0743725928 TIMEOUT_END
USER_EXIT