001 1 0006687216 STIM_START
001 1 0007993812 LICK
001 1 0008219904 LICK
001 1 0009344280 LICK
001 1 0010048680 LICK
001 1 0010462668 STIM_END_RESP_START
001 1 0011059248 LICK
001 1 0011059684 REWARD_START
001 1 0011301316 LICK
001 1 0011460956 LICK
001 1 0011620780 LICK
001 1 0011662684 RESP_END
001 1 0011072656 REWARD_END
002 0 0014840508 STIM_START
002 0 0016514872 LICK
002 0 0016712488 LICK
002 0 0016915348 LICK
002 0 0018115900 STIM_END_RESP_START
002 0 0019315932 RESP_END
003 0 0021324560 STIM_START
003 0 0021674004 LICK
003 0 0021830300 LICK
003 0 0023353736 LICK
003 0 0024849992 STIM_END_RESP_START
003 0 0026050008 RESP_END
004 0 0027763628 STIM_START
004 0 0031039028 STIM_END_RESP_START
004 0 0032239048 RESP_END
005 1 0034400692 STIM_START
005 1 0038426192 STIM_END_RESP_START
005 1 0039626208 RESP_END
006 1 0041558908 STIM_START
006 1 0045084316 STIM_END_RESP_START
006 1 0045646104 LICK
006 1 0045646544 REWARD_START
006 1 0045788820 LICK
006 1 0045971804 LICK
006 1 0046119904 LICK
006 1 0046280264 LICK
006 1 0046284344 RESP_END
006 1 0045659516 REWARD_END
007 1 0048452028 STIM_START
007 1 0051727436 STIM_END_RESP_START
007 1 0052212932 LICK
007 1 0052213368 REWARD_START
007 1 0052347104 LICK
007 1 0052503516 LICK
007 1 0052652884 LICK
007 1 0052811352 LICK
007 1 0052927452 RESP_END
007 1 0052226344 REWARD_END
008 0 0055306164 STIM_START
008 0 0058831612 STIM_END_RESP_START
008 0 0059397348 LICK
008 0 0059397784 TIMEOUT_START
008 0 0059550828 LICK
008 0 0059551264 TIMEOUT_START
008 0 0059915216 LICK
008 0 0059915660 TIMEOUT_START
008 0 0060031632 RESP_END
008 0 0066916116 TIMEOUT_END
009 0 0068964372 STIM_START
009 0 0072989832 STIM_END_RESP_START
009 0 0074189888 RESP_END
010 0 0076320588 STIM_START
010 0 0079595992 STIM_END_RESP_START
010 0 0080796012 RESP_END
011 1 0084462900 STIM_START
011 1 0088488396 STIM_END_RESP_START
011 1 0088966048 LICK
011 1 0088966492 REWARD_START
011 1 0089210844 LICK
011 1 0089354856 LICK
011 1 0089506424 LICK
011 1 0089681840 LICK
011 1 0089688424 RESP_END
011 1 0088979464 REWARD_END
012 0 0093630428 STIM_START
012 0 0095924540 LICK
012 0 0097405896 STIM_END_RESP_START
012 0 0098605912 RESP_END
013 1 0100540584 STIM_START
013 1 0103815996 STIM_END_RESP_START
013 1 0104765292 LICK
013 1 0104765784 REWARD_START
013 1 0105006784 LICK
013 1 0105016020 RESP_END
013 1 0104778788 REWARD_END
014 0 0107380672 STIM_START
014 0 0110656060 STIM_END_RESP_START
014 0 0111856088 RESP_END
015 0 0113817764 STIM_START
015 0 0117593232 STIM_END_RESP_START
015 0 0118793268 RESP_END
016 1 0120949900 STIM_START
016 1 0124214508 LICK
016 1 0124450260 LICK
016 1 0124475316 STIM_END_RESP_START
016 1 0125174392 LICK
016 1 0125174884 REWARD_START
016 1 0125675340 RESP_END
016 1 0125187900 REWARD_END
017 1 0128847244 STIM_START
017 1 0132122660 STIM_END_RESP_START
017 1 0132714588 LICK
017 1 0132715072 REWARD_START
017 1 0132919988 LICK
017 1 0133081932 LICK
017 1 0133220692 LICK
017 1 0133322692 RESP_END
017 1 0132728092 REWARD_END
018 1 0135375240 STIM_START
018 1 0139400716 STIM_END_RESP_START
018 1 0139851764 LICK
018 1 0139852256 REWARD_START
018 1 0140007572 LICK
018 1 0140165580 LICK
018 1 0140322248 LICK
018 1 0140600748 RESP_END
018 1 0139865260 REWARD_END
019 0 0142477388 STIM_START
019 0 0145364396 LICK
019 0 0146252840 STIM_END_RESP_START
019 0 0147452864 RESP_END
020 0 0152787120 STIM_START
020 0 0153606948 LICK
020 0 0156049828 LICK
020 0 0156812588 STIM_END_RESP_START
020 0 0157875128 LICK
020 0 0157875616 TIMEOUT_START
020 0 0158012620 RESP_END
020 0 0164876116 TIMEOUT_END
021 1 0167010428 STIM_START
021 1 0171035908 STIM_END_RESP_START
021 1 0171944412 LICK
021 1 0171944896 REWARD_START
021 1 0172206716 LICK
021 1 0172235948 RESP_END
021 1 0171957920 REWARD_END
022 0 0175192772 STIM_START
022 0 0178968244 STIM_END_RESP_START
022 0 0180168276 RESP_END
023 1 0182013896 STIM_START
023 1 0185789368 STIM_END_RESP_START
023 1 0186745172 LICK
023 1 0186745660 REWARD_START
023 1 0186951108 LICK
023 1 0186989388 RESP_END
023 1 0186758684 REWARD_END
024 0 0189450132 STIM_START
024 0 0192725512 STIM_END_RESP_START
024 0 0193925544 RESP_END
025 0 0195828208 STIM_START
025 0 0199103588 STIM_END_RESP_START
025 0 0200303624 RESP_END
026 0 0202250228 STIM_START
026 0 0205525648 STIM_END_RESP_START
026 0 0206725680 RESP_END
027 1 0208806304 STIM_START
027 1 0212831780 STIM_END_RESP_START
027 1 0213197828 LICK
027 1 0213198312 REWARD_START
027 1 0213354484 LICK
027 1 0213512240 LICK
027 1 0213676756 LICK
027 1 0213807872 LICK
027 1 0214031824 RESP_END
027 1 0213211316 REWARD_END
028 0 0215823464 STIM_START
028 0 0219348880 STIM_END_RESP_START
028 0 0220548916 RESP_END
029 1 0222367544 STIM_START
029 1 0226393020 STIM_END_RESP_START
029 1 0226851172 LICK
029 1 0226851660 REWARD_START
029 1 0227069188 LICK
029 1 0227203060 LICK
029 1 0227349364 LICK
029 1 0227519460 LICK
029 1 0227593064 RESP_END
029 1 0226864680 REWARD_END
030 0 0229713828 STIM_START
030 0 0233239256 STIM_END_RESP_START
030 0 0234439288 RESP_END
031 1 0236363852 STIM_START
031 1 0240389332 STIM_END_RESP_START
031 1 0240905640 LICK
031 1 0240906124 REWARD_START
031 1 0241116696 LICK
031 1 0241246636 LICK
031 1 0241392564 LICK
031 1 0241551976 LICK
031 1 0241589348 RESP_END
031 1 0240919144 REWARD_END
032 0 0243751060 STIM_START
032 0 0245379504 LICK
032 0 0245611252 LICK
032 0 0246217080 LICK
032 0 0246947320 LICK
032 0 0247776556 STIM_END_RESP_START
032 0 0248481216 LICK
032 0 0248481700 TIMEOUT_START
032 0 0248976576 RESP_END
032 0 0255482208 TIMEOUT_END
033 1 0257694308 STIM_START
033 1 0261469776 STIM_END_RESP_START
033 1 0262087236 LICK
033 1 0262087728 REWARD_START
033 1 0262291292 LICK
033 1 0262426680 LICK
033 1 0262555352 LICK
033 1 0262669796 RESP_END
033 1 0262100748 REWARD_END
034 1 0264550452 STIM_START
034 1 0268575928 STIM_END_RESP_START
034 1 0269775964 RESP_END
035 0 0271576632 STIM_START
035 0 0275102056 STIM_END_RESP_START
035 0 0276302092 RESP_END
036 1 0278349708 STIM_START
036 1 0282375196 STIM_END_RESP_START
036 1 0283575224 RESP_END
037 1 0285731968 STIM_START
037 1 0289257388 STIM_END_RESP_START
037 1 0290457424 RESP_END
038 1 0292395064 STIM_START
038 1 0296170536 STIM_END_RESP_START
038 1 0297370564 RESP_END
039 0 0299444180 STIM_START
039 0 0302969608 STIM_END_RESP_START
039 0 0304169640 RESP_END
040 0 0306222284 STIM_START
040 0 0309497660 STIM_END_RESP_START
040 0 0310697692 RESP_END
041 1 0312797376 STIM_START
041 1 0316322796 STIM_END_RESP_START
041 1 0316900984 LICK
041 1 0316901476 REWARD_START
041 1 0317273968 LICK
041 1 0317394420 LICK
041 1 0317522840 RESP_END
041 1 0316914496 REWARD_END
042 1 0319478472 STIM_START
042 1 0322753852 STIM_END_RESP_START
042 1 0323408296 LICK
042 1 0323408780 REWARD_START
042 1 0323561704 LICK
042 1 0323709120 LICK
042 1 0323889212 LICK
042 1 0323953872 RESP_END
042 1 0323421804 REWARD_END
043 1 0326128588 STIM_START
043 1 0329654016 STIM_END_RESP_START
043 1 0330854048 RESP_END
044 0 0332874676 STIM_START
044 0 0336150056 STIM_END_RESP_START
044 0 0337350088 RESP_END
045 1 0339374744 STIM_START
045 1 0343150212 STIM_END_RESP_START
045 1 0343821320 LICK
045 1 0343821808 REWARD_START
045 1 0344050140 LICK
045 1 0344189116 LICK
045 1 0344322156 LICK
045 1 0344350252 RESP_END
045 1 0343834812 REWARD_END
046 0 0346513936 STIM_START
046 0 0347003216 LICK
046 0 0350289376 STIM_END_RESP_START
046 0 0351489412 RESP_END
047 1 0353503084 STIM_START
047 1 0357278556 STIM_END_RESP_START
047 1 0357573592 LICK
047 1 0357574084 REWARD_START
047 1 0357660760 LICK
047 1 0357821420 LICK
047 1 0357922800 LICK
047 1 0358081020 LICK
047 1 0358240632 LICK
047 1 0358423136 LICK
047 1 0358478580 RESP_END
047 1 0357587108 REWARD_END
048 1 0360695240 STIM_START
048 1 0363970620 STIM_END_RESP_START
048 1 0364724468 LICK
048 1 0364724952 REWARD_START
048 1 0364910048 LICK
048 1 0365055592 LICK
048 1 0365170640 RESP_END
048 1 0364737976 REWARD_END
049 0 0367330304 STIM_START
049 0 0370605684 STIM_END_RESP_START
049 0 0371805716 RESP_END
050 1 0373746380 STIM_START
050 1 0377771860 STIM_END_RESP_START
050 1 0378707800 LICK
050 1 0378708292 REWARD_START
050 1 0378815848 LICK
050 1 0378971872 RESP_END
050 1 0378721316 REWARD_END
051 1 0381666660 STIM_START
051 1 0385692140 STIM_END_RESP_START
051 1 0386268460 LICK
051 1 0386268948 REWARD_START
051 1 0386390312 LICK
051 1 0386558524 LICK
051 1 0386708904 LICK
051 1 0386859136 LICK
051 1 0386892180 RESP_END
051 1 0386281968 REWARD_END
052 0 0388901872 STIM_START
052 0 0392927360 STIM_END_RESP_START
052 0 0394127396 RESP_END
053 0 0395952056 STIM_START
053 0 0399477484 STIM_END_RESP_START
053 0 0400677520 RESP_END
054 0 0402523108 STIM_START
054 0 0404094400 LICK
054 0 0405518344 LICK
054 0 0406376004 LICK
054 0 0406548608 STIM_END_RESP_START
054 0 0406651788 LICK
054 0 0406652276 TIMEOUT_START
054 0 0407394276 LICK
054 0 0407394768 TIMEOUT_START
054 0 0407748644 RESP_END
054 0 0414395268 TIMEOUT_END
055 1 0416216312 STIM_START
055 1 0419991780 STIM_END_RESP_START
055 1 0420275648 LICK
055 1 0420276128 REWARD_START
055 1 0420609796 LICK
055 1 0420774976 LICK
055 1 0420922972 LICK
055 1 0421100200 LICK
055 1 0421191812 RESP_END
055 1 0420289148 REWARD_END
056 1 0423038472 STIM_START
056 1 0427063952 STIM_END_RESP_START
056 1 0427409352 LICK
056 1 0427409844 REWARD_START
056 1 0427522484 LICK
056 1 0427673384 LICK
056 1 0427811632 LICK
056 1 0427969564 LICK
056 1 0428263992 RESP_END
056 1 0427422848 REWARD_END
057 0 0430120628 STIM_START
057 0 0433646052 STIM_END_RESP_START
057 0 0434846088 RESP_END
058 0 0436577700 STIM_START
058 0 0439853116 STIM_END_RESP_START
058 0 0441053144 RESP_END
059 0 0442978768 STIM_START
059 0 0446254188 STIM_END_RESP_START
059 0 0447454224 RESP_END
060 1 0449390796 STIM_START
060 1 0453416276 STIM_END_RESP_START
060 1 0453998804 LICK
060 1 0453999292 REWARD_START
060 1 0454193196 LICK
060 1 0454368176 LICK
060 1 0454521364 LICK
060 1 0454616308 RESP_END
060 1 0454012316 REWARD_END
061 1 0456672996 STIM_START
061 1 0459948380 STIM_END_RESP_START
061 1 0460540392 LICK
061 1 0460540880 REWARD_START
061 1 0460640716 LICK
061 1 0460798324 LICK
061 1 0460940912 LICK
061 1 0461119940 LICK
061 1 0461148408 RESP_END
061 1 0460553904 REWARD_END
062 1 0463085020 STIM_START
062 1 0466860492 STIM_END_RESP_START
062 1 0467124244 LICK
062 1 0467124732 REWARD_START
062 1 0467267160 LICK
062 1 0467422860 LICK
062 1 0467584256 LICK
062 1 0467744356 LICK
062 1 0468060516 RESP_END
062 1 0467137736 REWARD_END
063 0 0469844152 STIM_START
063 0 0473369572 STIM_END_RESP_START
063 0 0474569608 RESP_END
064 0 0476437264 STIM_START
064 0 0479712644 STIM_END_RESP_START
064 0 0480912680 RESP_END
065 1 0482862296 STIM_START
065 1 0486137712 STIM_END_RESP_START
065 1 0486824376 LICK
065 1 0486824860 REWARD_START
065 1 0486950420 LICK
065 1 0487107508 LICK
065 1 0487252336 LICK
065 1 0487337724 RESP_END
065 1 0486837884 REWARD_END
066 0 0491665708 STIM_START
066 0 0492187276 LICK
066 0 0492379056 LICK
066 0 0492563864 LICK
066 0 0493000608 LICK
066 0 0493270476 LICK
066 0 0493511916 LICK
066 0 0493913248 LICK
066 0 0494207232 LICK
066 0 0494472996 LICK
066 0 0494916432 LICK
066 0 0495441148 STIM_END_RESP_START
066 0 0496641184 RESP_END
USER_EXIT