001 1 0005719208 STIM_START
001 1 0006640636 LICK
001 1 0006849932 LICK
001 1 0007926372 LICK
001 1 0008155544 LICK
001 1 0009244612 STIM_END_RESP_START
001 1 0009465124 LICK
001 1 0009465516 REWARD_START
001 1 0009688196 LICK
001 1 0009828684 LICK
001 1 0009977300 LICK
001 1 0010145640 LICK
001 1 0010444656 RESP_END
001 1 0009478444 REWARD_END
002 0 0013532488 STIM_START
002 0 0015895624 LICK
002 0 0016086840 LICK
002 0 0017307936 STIM_END_RESP_START
002 0 0017692056 LICK
002 0 0017692492 TIMEOUT_START
002 0 0018507960 RESP_END
002 0 0024692956 TIMEOUT_END
003 0 0026703560 STIM_START
003 0 0028157180 LICK
003 0 0028356264 LICK
003 0 0029808996 LICK
003 0 0030002020 LICK
003 0 0030478988 STIM_END_RESP_START
003 0 0031679004 RESP_END
004 1 0034717916 STIM_START
004 1 0038243316 STIM_END_RESP_START
004 1 0038529216 LICK
004 1 0038529652 REWARD_START
004 1 0038723892 LICK
004 1 0039114884 LICK
004 1 0039424168 LICK
004 1 0039443356 RESP_END
004 1 0038542624 REWARD_END
005 0 0046201712 STIM_START
005 0 0046229456 LICK
005 0 0047652816 LICK
005 0 0047859392 LICK
005 0 0048631276 LICK
005 0 0048835704 LICK
005 0 0049021520 LICK
005 0 0049477084 STIM_END_RESP_START
005 0 0049803468 LICK
005 0 0049803904 TIMEOUT_START
005 0 0050677108 RESP_END
005 0 0056804380 TIMEOUT_END
006 0 0060938080 STIM_START
006 0 0064213480 STIM_END_RESP_START
006 0 0065413500 RESP_END
007 0 0067399060 STIM_START
007 0 0070674460 STIM_END_RESP_START
007 0 0071874508 RESP_END
008 1 0074034164 STIM_START
008 1 0078059632 STIM_END_RESP_START
008 1 0079259644 RESP_END
009 1 0081299320 STIM_START
009 1 0084824728 STIM_END_RESP_START
009 1 0086024744 RESP_END
010 0 0088165412 STIM_START
010 0 0091690816 STIM_END_RESP_START
010 0 0092890836 RESP_END
011 1 0094844532 STIM_START
011 1 0098310860 LICK
011 1 0098537172 LICK
011 1 0098870008 STIM_END_RESP_START
011 1 0099176220 LICK
011 1 0099176664 REWARD_START
011 1 0099424952 LICK
011 1 0099751244 LICK
011 1 0099898104 LICK
011 1 0100070032 RESP_END
011 1 0099189636 REWARD_END
012 0 0103770936 STIM_START
012 0 0104121968 LICK
012 0 0104267480 LICK
012 0 0107296344 STIM_END_RESP_START
012 0 0107610184 LICK
012 0 0107610664 TIMEOUT_START
012 0 0107810264 LICK
012 0 0107810744 TIMEOUT_START
012 0 0108496364 RESP_END
012 0 0114811252 TIMEOUT_END
013 1 0117999260 STIM_START
013 1 0119379848 LICK
013 1 0119551188 LICK
013 1 0121274644 STIM_END_RESP_START
013 1 0121466808 LICK
013 1 0121467300 REWARD_START
013 1 0121922252 LICK
013 1 0122035124 LICK
013 1 0122172320 LICK
013 1 0122474672 RESP_END
013 1 0121480304 REWARD_END
014 1 0124718320 STIM_START
014 1 0125723320 LICK
014 1 0125879760 LICK
014 1 0128243760 STIM_END_RESP_START
014 1 0128419036 LICK
014 1 0128419520 REWARD_START
014 1 0128598656 LICK
014 1 0128882476 LICK
014 1 0129019504 LICK
014 1 0129163528 LICK
014 1 0129298700 LICK
014 1 0129443788 RESP_END
014 1 0128432540 REWARD_END
015 0 0131416432 STIM_START
015 0 0134116512 LICK
015 0 0135191880 STIM_END_RESP_START
015 0 0135272652 LICK
015 0 0135273132 TIMEOUT_START
015 0 0135437548 LICK
015 0 0135438032 TIMEOUT_START
015 0 0136391916 RESP_END
015 0 0142438532 TIMEOUT_END
016 0 0146185760 STIM_START
016 0 0149711188 STIM_END_RESP_START
016 0 0150911220 RESP_END
017 1 0152649780 STIM_START
017 1 0152904072 LICK
017 1 0153143892 LICK
017 1 0153947544 LICK
017 1 0154960608 LICK
017 1 0156425208 STIM_END_RESP_START
017 1 0156670024 LICK
017 1 0156670512 REWARD_START
017 1 0157095328 LICK
017 1 0157391304 LICK
017 1 0157522620 LICK
017 1 0157625236 RESP_END
017 1 0156683536 REWARD_END
018 0 0159774948 STIM_START
018 0 0163300376 STIM_END_RESP_START
018 0 0164500404 RESP_END
019 0 0166370004 STIM_START
019 0 0166997248 LICK
019 0 0167193128 LICK
019 0 0169623796 LICK
019 0 0169800760 LICK
019 0 0170145460 STIM_END_RESP_START
019 0 0170827584 LICK
019 0 0170828072 TIMEOUT_START
019 0 0171022844 LICK
019 0 0171023328 TIMEOUT_START
019 0 0171345480 RESP_END
019 0 0178023840 TIMEOUT_END
020 1 0180251180 STIM_START
020 1 0183776604 STIM_END_RESP_START
020 1 0184297972 LICK
020 1 0184298456 REWARD_START
020 1 0184976628 RESP_END
020 1 0184311480 REWARD_END
021 1 0187088332 STIM_START
021 1 0190363708 STIM_END_RESP_START
021 1 0190647424 LICK
021 1 0190647912 REWARD_START
021 1 0191191592 LICK
021 1 0191452808 LICK
021 1 0191563732 RESP_END
021 1 0190660936 REWARD_END
022 0 0194520564 STIM_START
022 0 0198546044 STIM_END_RESP_START
022 0 0199746076 RESP_END
023 1 0201559640 STIM_START
023 1 0204314264 LICK
023 1 0204521968 LICK
023 1 0204835032 STIM_END_RESP_START
023 1 0205083936 LICK
023 1 0205084420 REWARD_START
023 1 0205278304 LICK
023 1 0205545728 LICK
023 1 0205677000 LICK
023 1 0205828312 LICK
023 1 0206035048 RESP_END
023 1 0205097440 REWARD_END
024 0 0208215712 STIM_START
024 0 0212081736 LICK
024 0 0212241160 STIM_END_RESP_START
024 0 0212295804 LICK
024 0 0212296288 TIMEOUT_START
024 0 0213441204 RESP_END
024 0 0219296796 TIMEOUT_END
025 1 0221226836 STIM_START
025 1 0224752260 STIM_END_RESP_START
025 1 0224923772 LICK
025 1 0224924256 REWARD_START
025 1 0225265004 LICK
025 1 0225414628 LICK
025 1 0225543444 LICK
025 1 0225690896 LICK
025 1 0225835964 LICK
025 1 0225952272 RESP_END
025 1 0224937276 REWARD_END
026 1 0228307968 STIM_START
026 1 0231583348 STIM_END_RESP_START
026 1 0231795800 LICK
026 1 0231796284 REWARD_START
026 1 0231999776 LICK
026 1 0232149248 LICK
026 1 0232304916 LICK
026 1 0232425896 LICK
026 1 0232753444 LICK
026 1 0232783376 RESP_END
026 1 0231809308 REWARD_END
027 0 0234994020 STIM_START
027 0 0238519452 STIM_END_RESP_START
027 0 0238630568 LICK
027 0 0238631060 TIMEOUT_START
027 0 0238836232 LICK
027 0 0238836716 TIMEOUT_START
027 0 0239629732 LICK
027 0 0239630216 TIMEOUT_START
027 0 0239719496 RESP_END
027 0 0246630724 TIMEOUT_END
028 1 0248429168 STIM_START
028 1 0248935760 LICK
028 1 0249516416 LICK
028 1 0249717100 LICK
028 1 0251954588 STIM_END_RESP_START
028 1 0252168232 LICK
028 1 0252168716 REWARD_START
028 1 0252499884 LICK
028 1 0252758992 LICK
028 1 0252912680 LICK
028 1 0253067492 LICK
028 1 0253154600 RESP_END
028 1 0252181740 REWARD_END
029 0 0255213280 STIM_START
029 0 0259238760 STIM_END_RESP_START
029 0 0260438792 RESP_END
030 1 0263479572 STIM_START
030 1 0265787352 LICK
030 1 0266046216 LICK
030 1 0266219276 LICK
030 1 0266530388 LICK
030 1 0266800968 LICK
030 1 0267505024 STIM_END_RESP_START
030 1 0267550940 LICK
030 1 0267551420 REWARD_START
030 1 0267932764 LICK
030 1 0268193852 LICK
030 1 0268356200 LICK
030 1 0268507520 LICK
030 1 0268662160 LICK
030 1 0268705052 RESP_END
030 1 0267564444 REWARD_END
031 1 0270604692 STIM_START
031 1 0271301256 LICK
031 1 0272052108 LICK
031 1 0272885824 LICK
031 1 0273094072 LICK
031 1 0274380112 STIM_END_RESP_START
031 1 0274683716 LICK
031 1 0274684208 REWARD_START
031 1 0275580152 RESP_END
031 1 0274697232 REWARD_END
032 0 0278920108 STIM_START
032 0 0280583948 LICK
032 0 0280782920 LICK
032 0 0281511032 LICK
032 0 0282945600 STIM_END_RESP_START
032 0 0283284200 LICK
032 0 0283284688 TIMEOUT_START
032 0 0284145620 RESP_END
032 0 0290285188 TIMEOUT_END
033 1 0292803252 STIM_START
033 1 0293737612 LICK
033 1 0294461940 LICK
033 1 0295026828 LICK
033 1 0295217936 LICK
033 1 0295917536 LICK
033 1 0296828708 STIM_END_RESP_START
033 1 0296987620 LICK
033 1 0296988108 REWARD_START
033 1 0297199244 LICK
033 1 0297488592 LICK
033 1 0297651236 LICK
033 1 0297790420 LICK
033 1 0298028724 RESP_END
033 1 0297001112 REWARD_END
034 1 0300076492 STIM_START
034 1 0303851924 STIM_END_RESP_START
034 1 0304101048 LICK
034 1 0304101540 REWARD_START
034 1 0304313608 LICK
034 1 0304587276 LICK
034 1 0304749040 LICK
034 1 0304886884 LICK
034 1 0305045040 LICK
034 1 0305051952 RESP_END
034 1 0304114556 REWARD_END
035 1 0307463636 STIM_START
035 1 0311239072 STIM_END_RESP_START
035 1 0311476632 LICK
035 1 0311477120 REWARD_START
035 1 0311706964 LICK
035 1 0311983104 LICK
035 1 0312143216 LICK
035 1 0312281516 LICK
035 1 0312439112 RESP_END
035 1 0311490140 REWARD_END
036 0 0315048820 STIM_START
036 0 0317648788 LICK
036 0 0318824248 STIM_END_RESP_START
036 0 0320024284 RESP_END
037 1 0324770428 STIM_START
037 1 0326486312 LICK
037 1 0327322072 LICK
037 1 0327545552 LICK
037 1 0328217844 LICK
037 1 0328545892 STIM_END_RESP_START
037 1 0328773956 LICK
037 1 0328774440 REWARD_START
037 1 0328966084 LICK
037 1 0329233196 LICK
037 1 0329379092 LICK
037 1 0329541776 LICK
037 1 0329745940 RESP_END
037 1 0328787460 REWARD_END
038 0 0331805568 STIM_START
038 0 0335080948 STIM_END_RESP_START
038 0 0335576596 LICK
038 0 0335577080 TIMEOUT_START
038 0 0335997676 LICK
038 0 0335998164 TIMEOUT_START
038 0 0336280976 RESP_END
038 0 0342998672 TIMEOUT_END
039 0 0345075692 STIM_START
039 0 0345099480 LICK
039 0 0345229176 LICK
039 0 0346022308 LICK
039 0 0346858872 LICK
039 0 0347596516 LICK
039 0 0348385492 LICK
039 0 0348601104 STIM_END_RESP_START
039 0 0349391708 LICK
039 0 0349392196 TIMEOUT_START
039 0 0349801132 RESP_END
039 0 0356392696 TIMEOUT_END
040 1 0358446824 STIM_START
040 1 0360560564 LICK
040 1 0361722220 STIM_END_RESP_START
040 1 0361919864 LICK
040 1 0361920348 REWARD_START
040 1 0362257904 LICK
040 1 0362548288 LICK
040 1 0362697152 LICK
040 1 0362851716 LICK
040 1 0362922268 RESP_END
040 1 0361933372 REWARD_END
041 1 0365436948 STIM_START
041 1 0368712324 STIM_END_RESP_START
041 1 0368926052 LICK
041 1 0368926536 REWARD_START
041 1 0369118160 LICK
041 1 0369393700 LICK
041 1 0369564120 LICK
041 1 0369700404 LICK
041 1 0369843144 LICK
041 1 0369912364 RESP_END
041 1 0368939560 REWARD_END
042 0 0372060032 STIM_START
042 0 0375835464 STIM_END_RESP_START
042 0 0375839820 LICK
042 0 0375840308 TIMEOUT_START
042 0 0376644988 LICK
042 0 0376645476 TIMEOUT_START
042 0 0377035476 RESP_END
042 0 0383645980 TIMEOUT_END
043 1 0385741268 STIM_START
043 1 0388943960 LICK
043 1 0389202800 LICK
043 1 0389766732 STIM_END_RESP_START
043 1 0389965432 LICK
043 1 0389965920 REWARD_START
043 1 0390160300 LICK
043 1 0390417800 LICK
043 1 0390560256 LICK
043 1 0390718892 LICK
043 1 0390873648 LICK
043 1 0390966768 RESP_END
043 1 0389978940 REWARD_END
044 1 0393609532 STIM_START
044 1 0397134956 STIM_END_RESP_START
044 1 0397410820 LICK
044 1 0397411308 REWARD_START
044 1 0397608920 LICK
044 1 0397860444 LICK
044 1 0398021680 LICK
044 1 0398153468 LICK
044 1 0398335008 RESP_END
044 1 0397424332 REWARD_END
045 0 0400991744 STIM_START
045 0 0405017224 STIM_END_RESP_START
045 0 0406217260 RESP_END
046 0 0408027768 STIM_START
046 0 0408073408 LICK
046 0 0409500104 LICK
046 0 0410321832 LICK
046 0 0410557684 LICK
046 0 0411189488 LICK
046 0 0411803220 STIM_END_RESP_START
046 0 0412244744 LICK
046 0 0412245232 TIMEOUT_START
046 0 0413003236 RESP_END
046 0 0419245736 TIMEOUT_END
047 0 0421268936 STIM_START
047 0 0425044368 STIM_END_RESP_START
047 0 0426244404 RESP_END
048 1 0428466112 STIM_START
048 1 0428956964 LICK
048 1 0429161288 LICK
048 1 0431991512 STIM_END_RESP_START
048 1 0432214580 LICK
048 1 0432215068 REWARD_START
048 1 0432573508 LICK
048 1 0432710268 LICK
048 1 0432857112 LICK
048 1 0432998156 LICK
048 1 0433174356 LICK
048 1 0433191548 RESP_END
048 1 0432228084 REWARD_END
049 0 0435472228 STIM_START
049 0 0437460716 LICK
049 0 0437604616 LICK
049 0 0437800716 LICK
049 0 0438290140 LICK
049 0 0438556396 LICK
049 0 0439247668 STIM_END_RESP_START
049 0 0439319796 LICK
049 0 0439320280 TIMEOUT_START
049 0 0439590684 LICK
049 0 0439591176 TIMEOUT_START
049 0 0439875380 LICK
049 0 0439875872 TIMEOUT_START
049 0 0440447712 RESP_END
049 0 0446876380 TIMEOUT_END
050 1 0449738540 STIM_START
050 1 0452567568 LICK
050 1 0452754056 LICK
050 1 0453263964 STIM_END_RESP_START
050 1 0453511272 LICK
050 1 0453511756 REWARD_START
050 1 0453865576 LICK
050 1 0454021400 LICK
050 1 0454145648 LICK
050 1 0454277600 LICK
050 1 0454423040 LICK
050 1 0454463988 RESP_END
050 1 0453524780 REWARD_END
051 1 0456936696 STIM_START
051 1 0460712132 STIM_END_RESP_START
051 1 0460887504 LICK
051 1 0460887988 REWARD_START
051 1 0461090052 LICK
051 1 0461229372 LICK
051 1 0461364800 LICK
051 1 0461533128 LICK
051 1 0461672128 LICK
051 1 0461912156 RESP_END
051 1 0460901012 REWARD_END
052 1 0464468916 STIM_START
052 1 0467652724 LICK
052 1 0467744320 STIM_END_RESP_START
052 1 0467935172 LICK
052 1 0467935664 REWARD_START
052 1 0468149244 LICK
052 1 0468298660 LICK
052 1 0468421040 LICK
052 1 0468576424 LICK
052 1 0468716880 LICK
052 1 0468900020 LICK
052 1 0468944368 RESP_END
052 1 0467948672 REWARD_END
053 0 0471465992 STIM_START
053 0 0473719364 LICK
053 0 0474438352 LICK
053 0 0474991400 STIM_END_RESP_START
053 0 0475284912 LICK
053 0 0475285396 TIMEOUT_START
053 0 0475740860 LICK
053 0 0475741352 TIMEOUT_START
053 0 0475969720 LICK
053 0 0475970204 TIMEOUT_START
053 0 0476191436 RESP_END
053 0 0482970704 TIMEOUT_END
054 0 0484799168 STIM_START
054 0 0487765968 LICK
054 0 0488324576 STIM_END_RESP_START
054 0 0489524612 RESP_END
055 0 0491319200 STIM_START
055 0 0494594576 STIM_END_RESP_START
055 0 0494605256 LICK
055 0 0494605748 TIMEOUT_START
055 0 0494893860 LICK
055 0 0494894352 TIMEOUT_START
055 0 0495471392 LICK
055 0 0495471884 TIMEOUT_START
055 0 0495794624 RESP_END
055 0 0502472388 TIMEOUT_END
056 1 0504291376 STIM_START
056 1 0505545376 LICK
056 1 0506127956 LICK
056 1 0506340216 LICK
056 1 0507566756 STIM_END_RESP_START
056 1 0507746616 LICK
056 1 0507747104 REWARD_START
056 1 0508091248 LICK
056 1 0508242396 LICK
056 1 0508401320 LICK
056 1 0508716776 LICK
056 1 0508766804 RESP_END
056 1 0507760128 REWARD_END
USER_EXIT