001 1 0004650012 STIM_START
001 1 0005160728 LICK
001 1 0008425468 STIM_END_RESP_START
001 1 0008723520 LICK
001 1 0008723908 REWARD_START
001 1 0008925096 LICK
001 1 0009081036 LICK
001 1 0009233600 LICK
001 1 0009398336 LICK
001 1 0009596264 LICK
001 1 0009625504 RESP_END
001 1 0008736836 REWARD_END
002 0 0015088756 STIM_START
002 0 0016386028 LICK
002 0 0018046448 LICK
002 0 0018657176 LICK
002 0 0018865096 LICK
002 0 0019114236 STIM_END_RESP_START
002 0 0020314256 RESP_END
003 0 0022512900 STIM_START
003 0 0024358208 LICK
003 0 0024521696 LICK
003 0 0026401784 LICK
003 0 0026538396 STIM_END_RESP_START
003 0 0026588460 LICK
003 0 0026588892 TIMEOUT_START
003 0 0027738428 RESP_END
003 0 0033589348 TIMEOUT_END
004 1 0035753068 STIM_START
004 1 0036075876 LICK
004 1 0037724468 LICK
004 1 0037975692 LICK
004 1 0039278468 STIM_END_RESP_START
004 1 0039482856 LICK
004 1 0039483292 REWARD_START
004 1 0039861936 LICK
004 1 0040165040 LICK
004 1 0040346752 LICK
004 1 0040478496 RESP_END
004 1 0039496268 REWARD_END
005 1 0047718032 STIM_START
005 1 0048070332 LICK
005 1 0049287928 LICK
005 1 0049512008 LICK
005 1 0051440700 LICK
005 1 0051633728 LICK
005 1 0051743524 STIM_END_RESP_START
005 1 0051961720 LICK
005 1 0051962164 REWARD_START
005 1 0052465632 LICK
005 1 0052627892 LICK
005 1 0052813340 LICK
005 1 0052943552 RESP_END
005 1 0051975132 REWARD_END
006 1 0055145200 STIM_START
006 1 0057923956 LICK
006 1 0058095004 LICK
006 1 0058670608 STIM_END_RESP_START
006 1 0058859764 LICK
006 1 0058860200 REWARD_START
006 1 0059042992 LICK
006 1 0059335960 LICK
006 1 0059464056 LICK
006 1 0059624164 LICK
006 1 0059811564 LICK
006 1 0059870624 RESP_END
006 1 0058873176 REWARD_END
007 0 0061895292 STIM_START
007 0 0062290796 LICK
007 0 0062512396 LICK
007 0 0065170688 STIM_END_RESP_START
007 0 0065700684 LICK
007 0 0065701124 TIMEOUT_START
007 0 0065876864 LICK
007 0 0065877304 TIMEOUT_START
007 0 0066370728 RESP_END
007 0 0072877752 TIMEOUT_END
008 1 0075543496 STIM_START
008 1 0077732696 LICK
008 1 0077913356 LICK
008 1 0078646252 LICK
008 1 0078838536 LICK
008 1 0079019448 LICK
008 1 0079568984 STIM_END_RESP_START
008 1 0079786848 LICK
008 1 0079787296 REWARD_START
008 1 0079913780 LICK
008 1 0080098776 LICK
008 1 0080230136 LICK
008 1 0080389044 LICK
008 1 0080557804 LICK
008 1 0080708868 LICK
008 1 0080769020 RESP_END
008 1 0079800264 REWARD_END
009 1 0082580632 STIM_START
009 1 0085422256 LICK
009 1 0085592112 LICK
009 1 0085856012 STIM_END_RESP_START
009 1 0085911948 LICK
009 1 0085912388 REWARD_START
009 1 0086126324 LICK
009 1 0086413780 LICK
009 1 0086566132 LICK
009 1 0086714700 LICK
009 1 0086886044 LICK
009 1 0087056056 RESP_END
009 1 0085925364 REWARD_END
010 0 0089126684 STIM_START
010 0 0090342560 LICK
010 0 0090533736 LICK
010 0 0091774096 LICK
010 0 0092652100 STIM_END_RESP_START
010 0 0093852116 RESP_END
011 0 0097492040 STIM_START
011 0 0097623760 LICK
011 0 0099068992 LICK
011 0 0099798008 LICK
011 0 0101517500 STIM_END_RESP_START
011 0 0102717536 RESP_END
012 1 0104600192 STIM_START
012 1 0104722804 LICK
012 1 0104900024 LICK
012 1 0105121964 LICK
012 1 0105839348 LICK
012 1 0106050400 LICK
012 1 0106482300 LICK
012 1 0106697700 LICK
012 1 0107372308 LICK
012 1 0107565916 LICK
012 1 0108625656 STIM_END_RESP_START
012 1 0108888980 LICK
012 1 0108889468 REWARD_START
012 1 0109051496 LICK
012 1 0109325240 LICK
012 1 0109648164 LICK
012 1 0109803292 LICK
012 1 0109825676 RESP_END
012 1 0108902492 REWARD_END
013 0 0112125368 STIM_START
013 0 0113650408 LICK
013 0 0113904512 LICK
013 0 0114134732 LICK
013 0 0114549220 LICK
013 0 0114786864 LICK
013 0 0115650768 STIM_END_RESP_START
013 0 0116850804 RESP_END
014 1 0120248712 STIM_START
014 1 0120638288 LICK
014 1 0120881652 LICK
014 1 0121064768 LICK
014 1 0121387340 LICK
014 1 0121611212 LICK
014 1 0121852476 LICK
014 1 0122790904 LICK
014 1 0123001264 LICK
014 1 0123524104 STIM_END_RESP_START
014 1 0123725492 LICK
014 1 0123725984 REWARD_START
014 1 0123938416 LICK
014 1 0124093584 LICK
014 1 0124239356 LICK
014 1 0124396820 LICK
014 1 0124536840 LICK
014 1 0124717408 LICK
014 1 0124724124 RESP_END
014 1 0123739000 REWARD_END
015 0 0126633744 STIM_START
015 0 0128407792 LICK
015 0 0129909152 STIM_END_RESP_START
015 0 0131109184 RESP_END
016 1 0133261844 STIM_START
016 1 0136537220 STIM_END_RESP_START
016 1 0137737256 RESP_END
017 1 0139771848 STIM_START
017 1 0141914820 LICK
017 1 0143547292 STIM_END_RESP_START
017 1 0144747328 RESP_END
018 0 0146693992 STIM_START
018 0 0147018552 LICK
018 0 0149969396 STIM_END_RESP_START
018 0 0151169432 RESP_END
019 1 0152933964 STIM_START
019 1 0153279684 LICK
019 1 0156709416 STIM_END_RESP_START
019 1 0157198688 LICK
019 1 0157199176 REWARD_START
019 1 0157335320 LICK
019 1 0157631544 LICK
019 1 0157789568 LICK
019 1 0157909432 RESP_END
019 1 0157212200 REWARD_END
020 1 0160455212 STIM_START
020 1 0160495320 LICK
020 1 0160683116 LICK
020 1 0160879032 LICK
020 1 0161090724 LICK
020 1 0161332944 LICK
020 1 0161656924 LICK
020 1 0161869380 LICK
020 1 0162460452 LICK
020 1 0162668564 LICK
020 1 0163838716 LICK
020 1 0163980636 STIM_END_RESP_START
020 1 0164413936 LICK
020 1 0164414420 REWARD_START
020 1 0164590012 LICK
020 1 0164851928 LICK
020 1 0165013160 LICK
020 1 0165180652 RESP_END
020 1 0164427440 REWARD_END
021 1 0167723340 STIM_START
021 1 0169568880 LICK
021 1 0169781604 LICK
021 1 0170379244 LICK
021 1 0171748820 STIM_END_RESP_START
021 1 0171969252 LICK
021 1 0171969740 REWARD_START
021 1 0172117424 LICK
021 1 0172396612 LICK
021 1 0172550180 LICK
021 1 0172884988 LICK
021 1 0172948852 RESP_END
021 1 0171982760 REWARD_END
022 0 0175042568 STIM_START
022 0 0178317940 STIM_END_RESP_START
022 0 0179517972 RESP_END
023 1 0181673660 STIM_START
023 1 0181955756 LICK
023 1 0182102252 LICK
023 1 0182275440 LICK
023 1 0182759788 LICK
023 1 0183271572 LICK
023 1 0183731160 LICK
023 1 0185228836 LICK
023 1 0185699152 STIM_END_RESP_START
023 1 0185971004 LICK
023 1 0185971488 REWARD_START
023 1 0186112296 LICK
023 1 0186285844 LICK
023 1 0186433724 LICK
023 1 0186583980 LICK
023 1 0186742048 LICK
023 1 0186899196 RESP_END
023 1 0185984508 REWARD_END
024 1 0189275864 STIM_START
024 1 0190885492 LICK
024 1 0191667768 LICK
024 1 0191845844 LICK
024 1 0192276088 LICK
024 1 0192588816 LICK
024 1 0192801268 STIM_END_RESP_START
024 1 0193022536 LICK
024 1 0193023028 REWARD_START
024 1 0193154648 LICK
024 1 0193451588 LICK
024 1 0193600004 LICK
024 1 0193754776 LICK
024 1 0193954580 LICK
024 1 0194001308 RESP_END
024 1 0193036044 REWARD_END
025 1 0196220980 STIM_START
025 1 0199042872 LICK
025 1 0199239964 LICK
025 1 0199946392 LICK
025 1 0200246440 STIM_END_RESP_START
025 1 0200499256 LICK
025 1 0200499736 REWARD_START
025 1 0200627988 LICK
025 1 0200787164 LICK
025 1 0200927812 LICK
025 1 0201070528 LICK
025 1 0201226364 LICK
025 1 0201399900 LICK
025 1 0201446484 RESP_END
025 1 0200512760 REWARD_END
026 0 0203611200 STIM_START
026 0 0205214820 LICK
026 0 0205407548 LICK
026 0 0205902824 LICK
026 0 0206134152 LICK
026 0 0206322504 LICK
026 0 0206886572 STIM_END_RESP_START
026 0 0206959364 LICK
026 0 0206959852 TIMEOUT_START
026 0 0207145496 LICK
026 0 0207145980 TIMEOUT_START
026 0 0207816524 LICK
026 0 0207817016 TIMEOUT_START
026 0 0207960772 LICK
026 0 0207961264 TIMEOUT_START
026 0 0208086588 RESP_END
026 0 0214961768 TIMEOUT_END
027 0 0217006336 STIM_START
027 0 0217375920 LICK
027 0 0217518516 LICK
027 0 0217705784 LICK
027 0 0217968464 LICK
027 0 0218460784 LICK
027 0 0219329716 LICK
027 0 0219579728 LICK
027 0 0219790724 LICK
027 0 0220781792 STIM_END_RESP_START
027 0 0220790388 LICK
027 0 0220790880 TIMEOUT_START
027 0 0221021276 LICK
027 0 0221021760 TIMEOUT_START
027 0 0221561252 LICK
027 0 0221561736 TIMEOUT_START
027 0 0221981812 RESP_END
027 0 0228562244 TIMEOUT_END
028 1 0230659536 STIM_START
028 1 0233934912 STIM_END_RESP_START
028 1 0234201444 LICK
028 1 0234201932 REWARD_START
028 1 0234494032 LICK
028 1 0234757668 LICK
028 1 0234918408 LICK
028 1 0235060672 LICK
028 1 0235134940 RESP_END
028 1 0234214956 REWARD_END
029 0 0237598656 STIM_START
029 0 0239913864 LICK
029 0 0240279084 LICK
029 0 0240462168 LICK
029 0 0241624128 STIM_END_RESP_START
029 0 0242824160 RESP_END
030 1 0244777840 STIM_START
030 1 0248803316 STIM_END_RESP_START
030 1 0249086824 LICK
030 1 0249087316 REWARD_START
030 1 0249206752 LICK
030 1 0249454748 LICK
030 1 0249607704 LICK
030 1 0249744976 LICK
030 1 0249932012 LICK
030 1 0250003356 RESP_END
030 1 0249100340 REWARD_END
031 1 0252076992 STIM_START
031 1 0255852428 STIM_END_RESP_START
031 1 0256066316 LICK
031 1 0256066808 REWARD_START
031 1 0256218520 LICK
031 1 0256508916 LICK
031 1 0256625336 LICK
031 1 0256790168 LICK
031 1 0256918880 LICK
031 1 0257052444 RESP_END
031 1 0256079820 REWARD_END
032 0 0258922104 STIM_START
032 0 0262697536 STIM_END_RESP_START
032 0 0262883164 LICK
032 0 0262883652 TIMEOUT_START
032 0 0263063884 LICK
032 0 0263064368 TIMEOUT_START
032 0 0263777124 LICK
032 0 0263777616 TIMEOUT_START
032 0 0263897556 RESP_END
032 0 0270778108 TIMEOUT_END
033 0 0272598328 STIM_START
033 0 0276373764 STIM_END_RESP_START
033 0 0277573796 RESP_END
034 0 0279290412 STIM_START
034 0 0282815836 STIM_END_RESP_START
034 0 0284015872 RESP_END
035 1 0286061460 STIM_START
035 1 0286381208 LICK
035 1 0286646620 LICK
035 1 0287154440 LICK
035 1 0287644604 LICK
035 1 0287839416 LICK
035 1 0288362796 LICK
035 1 0289232116 LICK
035 1 0289450044 LICK
035 1 0289586872 STIM_END_RESP_START
035 1 0289823596 LICK
035 1 0289824088 REWARD_START
035 1 0289982504 LICK
035 1 0290256544 LICK
035 1 0290427732 LICK
035 1 0290567720 LICK
035 1 0290726652 LICK
035 1 0290786916 RESP_END
035 1 0289837092 REWARD_END
036 0 0293144616 STIM_START
036 0 0296670036 STIM_END_RESP_START
036 0 0297022204 LICK
036 0 0297022692 TIMEOUT_START
036 0 0297253780 LICK
036 0 0297254268 TIMEOUT_START
036 0 0297861912 LICK
036 0 0297862404 TIMEOUT_START
036 0 0297870076 RESP_END
036 0 0304862904 TIMEOUT_END
037 1 0306590924 STIM_START
037 1 0309866304 STIM_END_RESP_START
037 1 0310184712 LICK
037 1 0310185204 REWARD_START
037 1 0310346172 LICK
037 1 0310556860 LICK
037 1 0310824788 LICK
037 1 0310980848 LICK
037 1 0311066348 RESP_END
037 1 0310198220 REWARD_END
038 0 0313109848 STIM_START
038 0 0313489208 LICK
038 0 0313676220 LICK
038 0 0313887552 LICK
038 0 0314173684 LICK
038 0 0314784196 LICK
038 0 0315560984 LICK
038 0 0315821648 LICK
038 0 0316635272 STIM_END_RESP_START
038 0 0317835308 RESP_END
039 1 0319679928 STIM_START
039 1 0320000896 LICK
039 1 0320182868 LICK
039 1 0320418208 LICK
039 1 0320640680 LICK
039 1 0320817272 LICK
039 1 0321297264 LICK
039 1 0322220620 LICK
039 1 0323455360 STIM_END_RESP_START
039 1 0323722876 LICK
039 1 0323723368 REWARD_START
039 1 0323821948 LICK
039 1 0324075920 LICK
039 1 0324243952 LICK
039 1 0324385232 LICK
039 1 0324528616 LICK
039 1 0324655396 RESP_END
039 1 0323736384 REWARD_END
040 0 0326985100 STIM_START
040 0 0330260476 STIM_END_RESP_START
040 0 0331460512 RESP_END
041 1 0333587144 STIM_START
041 1 0337362576 STIM_END_RESP_START
041 1 0337561120 LICK
041 1 0337561612 REWARD_START
041 1 0337740652 LICK
041 1 0337968712 LICK
041 1 0338129492 LICK
041 1 0338263740 LICK
041 1 0338413836 LICK
041 1 0338562596 RESP_END
041 1 0337574628 REWARD_END
042 1 0340472264 STIM_START
042 1 0342180664 LICK
042 1 0342384416 LICK
042 1 0342549108 LICK
042 1 0343053992 LICK
042 1 0343270896 LICK
042 1 0343702120 LICK
042 1 0343747660 STIM_END_RESP_START
042 1 0343921452 LICK
042 1 0343921940 REWARD_START
042 1 0344249636 LICK
042 1 0344417248 LICK
042 1 0344561844 LICK
042 1 0344701708 LICK
042 1 0344947676 RESP_END
042 1 0343934960 REWARD_END
043 0 0347017280 STIM_START
043 0 0349399648 LICK
043 0 0349604160 LICK
043 0 0349781228 LICK
043 0 0350097496 LICK
043 0 0350542716 STIM_END_RESP_START
043 0 0350745560 LICK
043 0 0350746052 TIMEOUT_START
043 0 0351407100 LICK
043 0 0351407592 TIMEOUT_START
043 0 0351596104 LICK
043 0 0351596596 TIMEOUT_START
043 0 0351742744 RESP_END
043 0 0358597104 TIMEOUT_END
044 0 0366342400 STIM_START
044 0 0366683788 LICK
044 0 0366835596 LICK
044 0 0366980048 LICK
044 0 0367212488 LICK
044 0 0368832448 LICK
044 0 0370117856 STIM_END_RESP_START
044 0 0371317892 RESP_END
045 0 0374403732 STIM_START
045 0 0375063760 LICK
045 0 0378179152 STIM_END_RESP_START
045 0 0379379188 RESP_END
046 1 0386965700 STIM_START
046 1 0388367944 LICK
046 1 0388564644 LICK
046 1 0388690492 LICK
046 1 0389480400 LICK
046 1 0390241072 STIM_END_RESP_START
046 1 0390488056 LICK
046 1 0390488544 REWARD_START
046 1 0390652256 LICK
046 1 0390897784 LICK
046 1 0391169312 LICK
046 1 0391323176 LICK
046 1 0391441120 RESP_END
046 1 0390501552 REWARD_END
047 0 0398708576 STIM_START
047 0 0402484012 STIM_END_RESP_START
047 0 0403586024 LICK
047 0 0403586512 TIMEOUT_START
047 0 0403684044 RESP_END
047 0 0410587020 TIMEOUT_END
048 1 0412706864 STIM_START
048 1 0416232284 STIM_END_RESP_START
048 1 0416424700 LICK
048 1 0416425192 REWARD_START
048 1 0416580748 LICK
048 1 0416857304 LICK
048 1 0417156936 LICK
048 1 0417281156 LICK
048 1 0417431072 LICK
048 1 0417432308 RESP_END
048 1 0416438208 REWARD_END
049 1 0425856976 STIM_START
049 1 0425938748 LICK
049 1 0426603516 LICK
049 1 0426832628 LICK
049 1 0427492292 LICK
049 1 0427726536 LICK
049 1 0428599736 LICK
049 1 0428782684 LICK
049 1 0429547472 LICK
049 1 0429727332 LICK
049 1 0429882464 STIM_END_RESP_START
049 1 0430119476 LICK
049 1 0430119964 REWARD_START
049 1 0430274596 LICK
049 1 0430544168 LICK
049 1 0430696224 LICK
049 1 0430854352 LICK
049 1 0431023100 LICK
049 1 0431082488 RESP_END
049 1 0430132980 REWARD_END
050 1 0433332152 STIM_START
050 1 0433360920 LICK
050 1 0437107580 STIM_END_RESP_START
050 1 0438016556 LICK
050 1 0438017048 REWARD_START
050 1 0438307608 RESP_END
050 1 0438030064 REWARD_END
051 0 0440034232 STIM_START
051 0 0440269292 LICK
051 0 0440703696 LICK
051 0 0440856540 LICK
051 0 0440998720 LICK
051 0 0441510320 LICK
051 0 0442779216 LICK
051 0 0443559660 STIM_END_RESP_START
051 0 0444759692 RESP_END
052 1 0446552236 STIM_START
052 1 0446782660 LICK
052 1 0446945756 LICK
052 1 0447118144 LICK
052 1 0447408112 LICK
052 1 0448269728 LICK
052 1 0448487932 LICK
052 1 0449827616 STIM_END_RESP_START
052 1 0450028584 LICK
052 1 0450029072 REWARD_START
052 1 0450206748 LICK
052 1 0450485348 LICK
052 1 0450795568 LICK
052 1 0450943036 LICK
052 1 0451027636 RESP_END
052 1 0450042076 REWARD_END
053 1 0453087308 STIM_START
053 1 0453241296 LICK
053 1 0453448804 LICK
053 1 0453833284 LICK
053 1 0454293296 LICK
053 1 0454485764 LICK
053 1 0454718256 LICK
053 1 0455430848 LICK
053 1 0455570440 LICK
053 1 0456862764 STIM_END_RESP_START
053 1 0457079120 LICK
053 1 0457079608 REWARD_START
053 1 0457264252 LICK
053 1 0457535576 LICK
053 1 0457696996 LICK
053 1 0457854052 LICK
053 1 0458006312 LICK
053 1 0458062784 RESP_END
053 1 0457092632 REWARD_END
054 1 0460232508 STIM_START
054 1 0461153876 LICK
054 1 0461988380 LICK
054 1 0463507876 STIM_END_RESP_START
054 1 0463701152 LICK
054 1 0463701640 REWARD_START
054 1 0463877576 LICK
054 1 0464153228 LICK
054 1 0464286420 LICK
054 1 0464449256 LICK
054 1 0464610000 LICK
054 1 0464707896 RESP_END
054 1 0463714660 REWARD_END
055 0 0469472924 STIM_START
055 0 0470722696 LICK
055 0 0470933976 LICK
055 0 0472998340 STIM_END_RESP_START
055 0 0473388100 LICK
055 0 0473388584 TIMEOUT_START
055 0 0474198368 RESP_END
055 0 0480389088 TIMEOUT_END
056 0 0482275008 STIM_START
056 0 0482595164 LICK
056 0 0482794328 LICK
056 0 0483570636 LICK
056 0 0485800420 STIM_END_RESP_START
056 0 0487000456 RESP_END
USER_EXIT