001 1 2 8 0010469060 STIM_START
001 1 2 8 0013056584 LICK
001 1 2 8 0013270568 LICK
001 1 2 8 0013594428 STIM_END_RESP_START
001 1 2 8 0014314016 LICK
001 1 2 8 0014314452 REWARD_START
001 1 2 8 0014794452 RESP_END
001 1 2 8 0014327424 REWARD_END
002 0 3 7 0017400140 STIM_START
002 0 3 7 0019022608 LICK
002 0 3 7 0019203592 LICK
002 0 3 7 0020301424 LICK
002 0 3 7 0020596756 LICK
002 0 3 7 0020675532 STIM_END_RESP_START
002 0 3 7 0021084780 LICK
002 0 3 7 0021085220 TIMEOUT_START
002 0 3 7 0021526000 LICK
002 0 3 7 0021526436 TIMEOUT_START
002 0 3 7 0021875568 RESP_END
002 0 3 7 0028526876 TIMEOUT_END
003 1 3 2 0030326256 STIM_START
003 1 3 2 0033601644 STIM_END_RESP_START
003 1 3 2 0033854660 LICK
003 1 3 2 0033855096 REWARD_START
003 1 3 2 0034020164 LICK
003 1 3 2 0034187724 LICK
003 1 3 2 0034335536 LICK
003 1 3 2 0034480404 LICK
003 1 3 2 0034659628 LICK
003 1 3 2 0034801668 RESP_END
003 1 3 2 0033868068 REWARD_END
004 0 3 10 0036540268 STIM_START
004 0 3 10 0039815656 STIM_END_RESP_START
004 0 3 10 0041015676 RESP_END
005 1 1 6 0042793284 STIM_START
005 1 1 6 0045868668 STIM_END_RESP_START
005 1 1 6 0046202088 LICK
005 1 1 6 0046202524 REWARD_START
005 1 1 6 0046411560 LICK
005 1 1 6 0046536836 LICK
005 1 1 6 0046686428 LICK
005 1 1 6 0046846900 LICK
005 1 1 6 0047068708 RESP_END
005 1 1 6 0046215496 REWARD_END
006 2 1 2 0048978312 STIM_START
006 2 1 2 0052053700 STIM_END_RESP_START
006 2 1 2 0052321984 LICK
006 2 1 2 0052322428 REWARD_START
006 2 1 2 0052525728 LICK
006 2 1 2 0052675556 LICK
006 2 1 2 0052849332 LICK
006 2 1 2 0052979804 LICK
006 2 1 2 0053153148 LICK
006 2 1 2 0053253736 RESP_END
006 2 1 2 0052335396 REWARD_END
007 0 2 1 0054961244 STIM_START
007 0 2 1 0057711772 LICK
007 0 2 1 0058086616 STIM_END_RESP_START
007 0 2 1 0058413184 LICK
007 0 2 1 0058413620 TIMEOUT_START
007 0 2 1 0059286648 RESP_END
007 0 2 1 0065414056 TIMEOUT_END
008 1 2 3 0067133156 STIM_START
008 1 2 3 0068198088 LICK
008 1 2 3 0068436784 LICK
008 1 2 3 0068739656 LICK
008 1 2 3 0069793752 LICK
008 1 2 3 0070147300 LICK
008 1 2 3 0070258520 STIM_END_RESP_START
008 1 2 3 0070927504 LICK
008 1 2 3 0070927940 REWARD_START
008 1 2 3 0071458540 RESP_END
008 1 2 3 0070940916 REWARD_END
009 2 5 2 0074087256 STIM_START
009 2 5 2 0078112736 STIM_END_RESP_START
009 2 5 2 0078510044 LICK
009 2 5 2 0078510488 REWARD_START
009 2 5 2 0078670904 LICK
009 2 5 2 0078848404 LICK
009 2 5 2 0078969804 LICK
009 2 5 2 0079143624 LICK
009 2 5 2 0079312776 RESP_END
009 2 5 2 0078523448 REWARD_END
010 2 2 6 0081058400 STIM_START
010 2 2 6 0083933032 LICK
010 2 2 6 0084181168 LICK
010 2 2 6 0084183772 STIM_END_RESP_START
010 2 2 6 0084435428 LICK
010 2 2 6 0084435868 REWARD_START
010 2 2 6 0084601864 LICK
010 2 2 6 0084785244 LICK
010 2 2 6 0084924772 LICK
010 2 2 6 0085108372 LICK
010 2 2 6 0085383804 RESP_END
010 2 2 6 0084448840 REWARD_END
011 0 2 3 0087085376 STIM_START
011 0 2 3 0087508140 LICK
011 0 2 3 0088131224 LICK
011 0 2 3 0088745088 LICK
011 0 2 3 0088962824 LICK
011 0 2 3 0089435560 LICK
011 0 2 3 0090083140 LICK
011 0 2 3 0090210752 STIM_END_RESP_START
011 0 2 3 0090805928 LICK
011 0 2 3 0090806368 TIMEOUT_START
011 0 2 3 0091013376 LICK
011 0 2 3 0091013812 TIMEOUT_START
011 0 2 3 0091410800 RESP_END
011 0 2 3 0098014252 TIMEOUT_END
012 1 5 4 0101198692 STIM_START
012 1 5 4 0102487752 LICK
012 1 5 4 0102765532 LICK
012 1 5 4 0103588904 LICK
012 1 5 4 0103834244 LICK
012 1 5 4 0104441944 LICK
012 1 5 4 0104679188 LICK
012 1 5 4 0105224164 STIM_END_RESP_START
012 1 5 4 0105400352 LICK
012 1 5 4 0105400832 REWARD_START
012 1 5 4 0105446584 LICK
012 1 5 4 0105614192 LICK
012 1 5 4 0105755904 LICK
012 1 5 4 0105904732 LICK
012 1 5 4 0106073812 LICK
012 1 5 4 0106248508 LICK
012 1 5 4 0106424204 RESP_END
012 1 5 4 0105413836 REWARD_END
013 0 4 5 0108144800 STIM_START
013 0 4 5 0109456116 LICK
013 0 4 5 0109709332 LICK
013 0 4 5 0110476796 LICK
013 0 4 5 0110721328 LICK
013 0 4 5 0111063344 LICK
013 0 4 5 0111313440 LICK
013 0 4 5 0111556512 LICK
013 0 4 5 0111670224 STIM_END_RESP_START
013 0 4 5 0111780716 LICK
013 0 4 5 0111781204 TIMEOUT_START
013 0 4 5 0111999620 LICK
013 0 4 5 0112000112 TIMEOUT_START
013 0 4 5 0112767780 LICK
013 0 4 5 0112768268 TIMEOUT_START
013 0 4 5 0112870240 RESP_END
013 0 4 5 0119768752 TIMEOUT_END
014 2 3 1 0121687984 STIM_START
014 2 3 1 0121978516 LICK
014 2 3 1 0124258100 LICK
014 2 3 1 0124572564 LICK
014 2 3 1 0124797848 LICK
014 2 3 1 0124963352 STIM_END_RESP_START
014 2 3 1 0125191332 LICK
014 2 3 1 0125191816 REWARD_START
014 2 3 1 0125516204 LICK
014 2 3 1 0125671448 LICK
014 2 3 1 0125817512 LICK
014 2 3 1 0125994324 LICK
014 2 3 1 0126163364 RESP_END
014 2 3 1 0125204836 REWARD_END
015 0 4 8 0127903964 STIM_START
015 0 4 8 0130497004 LICK
015 0 4 8 0131076804 LICK
015 0 4 8 0131338504 LICK
015 0 4 8 0131429388 STIM_END_RESP_START
015 0 4 8 0132119020 LICK
015 0 4 8 0132119500 TIMEOUT_START
015 0 4 8 0132342392 LICK
015 0 4 8 0132342884 TIMEOUT_START
015 0 4 8 0132629396 RESP_END
015 0 4 8 0139343368 TIMEOUT_END
016 0 5 6 0141081112 STIM_START
016 0 5 6 0145106568 STIM_END_RESP_START
016 0 5 6 0146029476 LICK
016 0 5 6 0146029968 TIMEOUT_START
016 0 5 6 0146306592 RESP_END
016 0 5 6 0153030448 TIMEOUT_END
017 1 2 10 0154738308 STIM_START
017 1 2 10 0154984344 LICK
017 1 2 10 0155802420 LICK
017 1 2 10 0156024348 LICK
017 1 2 10 0157103620 LICK
017 1 2 10 0157862604 LICK
017 1 2 10 0157863684 STIM_END_RESP_START
017 1 2 10 0158135524 LICK
017 1 2 10 0158136012 REWARD_START
017 1 2 10 0158367816 LICK
017 1 2 10 0158666892 LICK
017 1 2 10 0158814924 LICK
017 1 2 10 0158962428 LICK
017 1 2 10 0159063708 RESP_END
017 1 2 10 0158149032 REWARD_END
018 1 2 8 0160852332 STIM_START
018 1 2 8 0163666704 LICK
018 1 2 8 0163977684 STIM_END_RESP_START
018 1 2 8 0164309540 LICK
018 1 2 8 0164310028 REWARD_START
018 1 2 8 0164442908 LICK
018 1 2 8 0164615224 LICK
018 1 2 8 0164764960 LICK
018 1 2 8 0164919000 LICK
018 1 2 8 0165093084 LICK
018 1 2 8 0165177720 RESP_END
018 1 2 8 0164323044 REWARD_END
019 1 1 1 0166883280 STIM_START
019 1 1 1 0169958648 STIM_END_RESP_START
019 1 1 1 0170218144 LICK
019 1 1 1 0170218636 REWARD_START
019 1 1 1 0170365200 LICK
019 1 1 1 0170514464 LICK
019 1 1 1 0170649744 LICK
019 1 1 1 0170798804 LICK
019 1 1 1 0170964744 LICK
019 1 1 1 0171158672 RESP_END
019 1 1 1 0170231648 REWARD_END
020 0 2 4 0172875248 STIM_START
020 0 2 4 0175199000 LICK
020 0 2 4 0175865884 LICK
020 0 2 4 0176000628 STIM_END_RESP_START
020 0 2 4 0176109220 LICK
020 0 2 4 0176109708 TIMEOUT_START
020 0 2 4 0176310032 LICK
020 0 2 4 0176310520 TIMEOUT_START
020 0 2 4 0176835052 LICK
020 0 2 4 0176835532 TIMEOUT_START
020 0 2 4 0177051552 LICK
020 0 2 4 0177052040 TIMEOUT_START
020 0 2 4 0177200676 RESP_END
020 0 2 4 0184052520 TIMEOUT_END
021 2 1 1 0185758404 STIM_START
021 2 1 1 0186065556 LICK
021 2 1 1 0186258932 LICK
021 2 1 1 0186689356 LICK
021 2 1 1 0186952028 LICK
021 2 1 1 0187485960 LICK
021 2 1 1 0187975440 LICK
021 2 1 1 0188329640 LICK
021 2 1 1 0188833748 STIM_END_RESP_START
021 2 1 1 0188893600 LICK
021 2 1 1 0188894084 REWARD_START
021 2 1 1 0189420492 LICK
021 2 1 1 0189758984 LICK
021 2 1 1 0189882832 LICK
021 2 1 1 0190025116 LICK
021 2 1 1 0190033788 RESP_END
021 2 1 1 0188907104 REWARD_END
022 2 4 5 0191922316 STIM_START
022 2 4 5 0193863488 LICK
022 2 4 5 0194361240 LICK
022 2 4 5 0195150052 LICK
022 2 4 5 0195377080 LICK
022 2 4 5 0195447720 STIM_END_RESP_START
022 2 4 5 0195664156 LICK
022 2 4 5 0195664640 REWARD_START
022 2 4 5 0196132040 LICK
022 2 4 5 0196316816 LICK
022 2 4 5 0196452168 LICK
022 2 4 5 0196608820 LICK
022 2 4 5 0196647744 RESP_END
022 2 4 5 0195677660 REWARD_END
023 1 4 7 0198666352 STIM_START
023 1 4 7 0199152080 LICK
023 1 4 7 0200115392 LICK
023 1 4 7 0200797652 LICK
023 1 4 7 0200990668 LICK
023 1 4 7 0201395572 LICK
023 1 4 7 0201610900 LICK
023 1 4 7 0202039628 LICK
023 1 4 7 0202191784 STIM_END_RESP_START
023 1 4 7 0202234204 LICK
023 1 4 7 0202234688 REWARD_START
023 1 4 7 0202430972 LICK
023 1 4 7 0202564776 LICK
023 1 4 7 0202705916 LICK
023 1 4 7 0202890356 LICK
023 1 4 7 0203065332 LICK
023 1 4 7 0203391824 RESP_END
023 1 4 7 0202247712 REWARD_END
024 0 5 5 0205134396 STIM_START
024 0 5 5 0209159888 STIM_END_RESP_START
024 0 5 5 0210359924 RESP_END
025 1 5 10 0212106548 STIM_START
025 1 5 10 0213406056 LICK
025 1 5 10 0213568400 LICK
025 1 5 10 0213815032 LICK
025 1 5 10 0214350956 LICK
025 1 5 10 0214861100 LICK
025 1 5 10 0215065700 LICK
025 1 5 10 0215477400 LICK
025 1 5 10 0215713992 LICK
025 1 5 10 0216132040 STIM_END_RESP_START
025 1 5 10 0216317544 LICK
025 1 5 10 0216318032 REWARD_START
025 1 5 10 0216503116 LICK
025 1 5 10 0216648048 LICK
025 1 5 10 0216789476 LICK
025 1 5 10 0216948236 LICK
025 1 5 10 0217332060 RESP_END
025 1 5 10 0216331048 REWARD_END
026 1 5 5 0219080692 STIM_START
026 1 5 5 0221625036 LICK
026 1 5 5 0221799548 LICK
026 1 5 5 0222000300 LICK
026 1 5 5 0222235824 LICK
026 1 5 5 0222650704 LICK
026 1 5 5 0223106144 STIM_END_RESP_START
026 1 5 5 0223272804 LICK
026 1 5 5 0223273292 REWARD_START
026 1 5 5 0223475252 LICK
026 1 5 5 0223639556 LICK
026 1 5 5 0223767616 LICK
026 1 5 5 0223927492 LICK
026 1 5 5 0224306192 RESP_END
026 1 5 5 0223286316 REWARD_END
027 0 4 4 0226020788 STIM_START
027 0 4 4 0229546184 STIM_END_RESP_START
027 0 4 4 0230210888 LICK
027 0 4 4 0230211372 TIMEOUT_START
027 0 4 4 0230364596 LICK
027 0 4 4 0230365080 TIMEOUT_START
027 0 4 4 0230562336 LICK
027 0 4 4 0230562824 TIMEOUT_START
027 0 4 4 0230746224 RESP_END
027 0 4 4 0237563308 TIMEOUT_END
028 0 5 6 0239312956 STIM_START
028 0 5 6 0242818492 LICK
028 0 5 6 0243338420 STIM_END_RESP_START
028 0 5 6 0243562724 LICK
028 0 5 6 0243563208 TIMEOUT_START
028 0 5 6 0244266852 LICK
028 0 5 6 0244267340 TIMEOUT_START
028 0 5 6 0244483140 LICK
028 0 5 6 0244483620 TIMEOUT_START
028 0 5 6 0244538432 RESP_END
028 0 5 6 0251484108 TIMEOUT_END
029 0 4 3 0253206284 STIM_START
029 0 4 3 0254918732 LICK
029 0 4 3 0255206528 LICK
029 0 4 3 0255836952 LICK
029 0 4 3 0256713228 LICK
029 0 4 3 0256731712 STIM_END_RESP_START
029 0 4 3 0257284024 LICK
029 0 4 3 0257284512 TIMEOUT_START
029 0 4 3 0257606984 LICK
029 0 4 3 0257607468 TIMEOUT_START
029 0 4 3 0257931748 RESP_END
029 0 4 3 0264607960 TIMEOUT_END
030 1 4 7 0266329300 STIM_START
030 1 4 7 0268445940 LICK
030 1 4 7 0269854704 STIM_END_RESP_START
030 1 4 7 0271054740 RESP_END
031 2 1 4 0272765360 STIM_START
031 2 1 4 0275264500 LICK
031 2 1 4 0275840716 STIM_END_RESP_START
031 2 1 4 0277040752 RESP_END
032 1 2 2 0278747280 STIM_START
032 1 2 2 0281872632 STIM_END_RESP_START
032 1 2 2 0283072668 RESP_END
033 0 3 4 0284788300 STIM_START
033 0 3 4 0287598768 LICK
033 0 3 4 0288063684 STIM_END_RESP_START
033 0 3 4 0288426492 LICK
033 0 3 4 0288426972 TIMEOUT_START
033 0 3 4 0289023012 LICK
033 0 3 4 0289023496 TIMEOUT_START
033 0 3 4 0289263716 RESP_END
033 0 3 4 0296023980 TIMEOUT_END
034 0 1 10 0297725384 STIM_START
034 0 1 10 0298205388 LICK
034 0 1 10 0298415060 LICK
034 0 1 10 0298679656 LICK
034 0 1 10 0298975116 LICK
034 0 1 10 0299398648 LICK
034 0 1 10 0299978344 LICK
034 0 1 10 0300733388 LICK
034 0 1 10 0300800756 STIM_END_RESP_START
034 0 1 10 0301312580 LICK
034 0 1 10 0301313068 TIMEOUT_START
034 0 1 10 0301635072 LICK
034 0 1 10 0301635556 TIMEOUT_START
034 0 1 10 0302000788 RESP_END
034 0 1 10 0308636044 TIMEOUT_END
035 1 5 8 0310376452 STIM_START
035 1 5 8 0313572692 LICK
035 1 5 8 0314162796 LICK
035 1 5 8 0314401924 STIM_END_RESP_START
035 1 5 8 0314782996 LICK
035 1 5 8 0314783484 REWARD_START
035 1 5 8 0314927384 LICK
035 1 5 8 0315409372 LICK
035 1 5 8 0315534056 LICK
035 1 5 8 0315601980 RESP_END
035 1 5 8 0314796504 REWARD_END
036 1 1 9 0317312572 STIM_START
036 1 1 9 0319895368 LICK
036 1 1 9 0320046888 LICK
036 1 1 9 0320221284 LICK
036 1 1 9 0320387952 STIM_END_RESP_START
036 1 1 9 0320409216 LICK
036 1 1 9 0320409708 REWARD_START
036 1 1 9 0320566820 LICK
036 1 1 9 0320713064 LICK
036 1 1 9 0320856188 LICK
036 1 1 9 0321020012 LICK
036 1 1 9 0321588000 RESP_END
036 1 1 9 0320422720 REWARD_END
037 0 3 10 0323304516 STIM_START
037 0 3 10 0326517704 LICK
037 0 3 10 0326579912 STIM_END_RESP_START
037 0 3 10 0327019192 LICK
037 0 3 10 0327019688 TIMEOUT_START
037 0 3 10 0327725896 LICK
037 0 3 10 0327726384 TIMEOUT_START
037 0 3 10 0327779956 RESP_END
037 0 3 10 0334726868 TIMEOUT_END
038 0 5 9 0336476620 STIM_START
038 0 5 9 0336813900 LICK
038 0 5 9 0337292656 LICK
038 0 5 9 0337830668 LICK
038 0 5 9 0338783124 LICK
038 0 5 9 0339294628 LICK
038 0 5 9 0339729240 LICK
038 0 5 9 0340398408 LICK
038 0 5 9 0340502084 STIM_END_RESP_START
038 0 5 9 0341133240 LICK
038 0 5 9 0341133728 TIMEOUT_START
038 0 5 9 0341702100 RESP_END
038 0 5 9 0348134212 TIMEOUT_END
039 0 4 4 0349857808 STIM_START
039 0 4 4 0351132184 LICK
039 0 4 4 0351364060 LICK
039 0 4 4 0351641208 LICK
039 0 4 4 0352133708 LICK
039 0 4 4 0352612244 LICK
039 0 4 4 0352849304 LICK
039 0 4 4 0353305432 LICK
039 0 4 4 0353383196 STIM_END_RESP_START
039 0 4 4 0353602100 LICK
039 0 4 4 0353602588 TIMEOUT_START
039 0 4 4 0354106156 LICK
039 0 4 4 0354106648 TIMEOUT_START
039 0 4 4 0354370860 LICK
039 0 4 4 0354371344 TIMEOUT_START
039 0 4 4 0354583244 RESP_END
039 0 4 4 0361371832 TIMEOUT_END
040 1 1 9 0363081924 STIM_START
040 1 1 9 0366157288 STIM_END_RESP_START
040 1 1 9 0366427568 LICK
040 1 1 9 0366428056 REWARD_START
040 1 1 9 0366563640 LICK
040 1 1 9 0367004148 LICK
040 1 1 9 0367155168 LICK
040 1 1 9 0367357316 RESP_END
040 1 1 9 0366441080 REWARD_END
041 1 1 4 0369195952 STIM_START
041 1 1 4 0372271320 STIM_END_RESP_START
041 1 1 4 0372641844 LICK
041 1 1 4 0372642328 REWARD_START
041 1 1 4 0372748452 LICK
041 1 1 4 0373012184 LICK
041 1 1 4 0373156780 LICK
041 1 1 4 0373312668 LICK
041 1 1 4 0373471368 RESP_END
041 1 1 4 0372655348 REWARD_END
042 2 4 1 0375202920 STIM_START
042 2 4 1 0378728352 STIM_END_RESP_START
042 2 4 1 0379928388 RESP_END
043 0 5 4 0381670932 STIM_START
043 0 5 4 0382186260 LICK
043 0 5 4 0382360984 LICK
043 0 5 4 0382797372 LICK
043 0 5 4 0383039808 LICK
043 0 5 4 0383416032 LICK
043 0 5 4 0383839184 LICK
043 0 5 4 0384191420 LICK
043 0 5 4 0385696392 STIM_END_RESP_START
043 0 5 4 0386896428 RESP_END
044 0 4 2 0388628092 STIM_START
044 0 4 2 0392153528 STIM_END_RESP_START
044 0 4 2 0393353568 RESP_END
045 1 4 9 0395072096 STIM_START
045 1 4 9 0398597532 STIM_END_RESP_START
045 1 4 9 0398908720 LICK
045 1 4 9 0398909204 REWARD_START
045 1 4 9 0399078852 LICK
045 1 4 9 0399548536 LICK
045 1 4 9 0399658640 LICK
045 1 4 9 0399797576 RESP_END
045 1 4 9 0398922228 REWARD_END
046 1 2 3 0401494152 STIM_START
046 1 2 3 0402396560 LICK
046 1 2 3 0403125016 LICK
046 1 2 3 0403780692 LICK
046 1 2 3 0404323024 LICK
046 1 2 3 0404559660 LICK
046 1 2 3 0404619524 STIM_END_RESP_START
046 1 2 3 0404885636 LICK
046 1 2 3 0404886120 REWARD_START
046 1 2 3 0404997912 LICK
046 1 2 3 0405158960 LICK
046 1 2 3 0405305364 LICK
046 1 2 3 0405463568 LICK
046 1 2 3 0405819568 RESP_END
046 1 2 3 0404899144 REWARD_END
047 0 2 4 0407533108 STIM_START
047 0 2 4 0409826616 LICK
047 0 2 4 0410658484 STIM_END_RESP_START
047 0 2 4 0411313076 LICK
047 0 2 4 0411313568 TIMEOUT_START
047 0 2 4 0411858500 RESP_END
047 0 2 4 0418314048 TIMEOUT_END
048 1 1 4 0420019100 STIM_START
048 1 1 4 0421072728 LICK
048 1 1 4 0423094440 STIM_END_RESP_START
048 1 1 4 0423329948 LICK
048 1 1 4 0423330432 REWARD_START
048 1 1 4 0423492128 LICK
048 1 1 4 0423932276 LICK
048 1 1 4 0424071092 LICK
048 1 1 4 0424218332 LICK
048 1 1 4 0424294480 RESP_END
048 1 1 4 0423343452 REWARD_END
049 0 3 5 0427238280 STIM_START
049 0 3 5 0427767644 LICK
049 0 3 5 0428015012 LICK
049 0 3 5 0428646988 LICK
049 0 3 5 0428939412 LICK
049 0 3 5 0429086528 LICK
049 0 3 5 0429496948 LICK
049 0 3 5 0429531696 LICK
049 0 3 5 0429720788 LICK
049 0 3 5 0430274348 LICK
049 0 3 5 0430444168 LICK
049 0 3 5 0430513660 STIM_END_RESP_START
049 0 3 5 0430825788 LICK
049 0 3 5 0430826272 TIMEOUT_START
049 0 3 5 0431483956 LICK
049 0 3 5 0431484440 TIMEOUT_START
049 0 3 5 0431713696 RESP_END
049 0 3 5 0438484924 TIMEOUT_END
050 0 4 1 0440202376 STIM_START
050 0 4 1 0443727784 STIM_END_RESP_START
050 0 4 1 0444317744 LICK
050 0 4 1 0444318228 TIMEOUT_START
050 0 4 1 0444927804 RESP_END
050 0 4 1 0451318712 TIMEOUT_END
051 2 1 1 0458609364 STIM_START
051 2 1 1 0460900816 LICK
051 2 1 1 0461102676 LICK
051 2 1 1 0461354060 LICK
051 2 1 1 0461684752 STIM_END_RESP_START
051 2 1 1 0462077636 LICK
051 2 1 1 0462078124 REWARD_START
051 2 1 1 0462518984 LICK
051 2 1 1 0462884764 RESP_END
051 2 1 1 0462091140 REWARD_END
052 1 3 7 0465103388 STIM_START
052 1 3 7 0466263416 LICK
052 1 3 7 0467309640 LICK
052 1 3 7 0467544108 LICK
052 1 3 7 0467924660 LICK
052 1 3 7 0468133440 LICK
052 1 3 7 0468378788 STIM_END_RESP_START
052 1 3 7 0468546348 LICK
052 1 3 7 0468546840 REWARD_START
052 1 3 7 0468866348 LICK
052 1 3 7 0469004292 LICK
052 1 3 7 0469169620 LICK
052 1 3 7 0469330796 LICK
052 1 3 7 0469578824 RESP_END
052 1 3 7 0468559856 REWARD_END
053 1 2 1 0471288336 STIM_START
053 1 2 1 0474413692 STIM_END_RESP_START
053 1 2 1 0474434748 LICK
053 1 2 1 0474435232 REWARD_START
053 1 2 1 0475116256 LICK
053 1 2 1 0475545800 LICK
053 1 2 1 0475613716 RESP_END
053 1 2 1 0474448252 REWARD_END
054 0 1 4 0478501532 STIM_START
054 0 1 4 0480123896 LICK
054 0 1 4 0480496552 LICK
054 0 1 4 0480675500 LICK
054 0 1 4 0481115860 LICK
054 0 1 4 0481576912 STIM_END_RESP_START
054 0 1 4 0481745336 LICK
054 0 1 4 0481745820 TIMEOUT_START
054 0 1 4 0481955036 LICK
054 0 1 4 0481955520 TIMEOUT_START
054 0 1 4 0482287872 LICK
054 0 1 4 0482288356 TIMEOUT_START
054 0 1 4 0482507828 LICK
054 0 1 4 0482508316 TIMEOUT_START
054 0 1 4 0482776944 RESP_END
054 0 1 4 0489508804 TIMEOUT_END
055 0 3 1 0491224692 STIM_START
055 0 3 1 0491507640 LICK
055 0 3 1 0491675228 LICK
055 0 3 1 0492077012 LICK
055 0 3 1 0492367112 LICK
055 0 3 1 0492762948 LICK
055 0 3 1 0493423836 LICK
055 0 3 1 0493775480 LICK
055 0 3 1 0494009816 LICK
055 0 3 1 0494183676 LICK
055 0 3 1 0494500076 STIM_END_RESP_START
055 0 3 1 0494777456 LICK
055 0 3 1 0494777944 TIMEOUT_START
055 0 3 1 0495382648 LICK
055 0 3 1 0495383132 TIMEOUT_START
055 0 3 1 0495700108 RESP_END
055 0 3 1 0502383628 TIMEOUT_END
056 0 5 4 0504124676 STIM_START
056 0 5 4 0508150136 STIM_END_RESP_START
056 0 5 4 0508634160 LICK
056 0 5 4 0508634644 TIMEOUT_START
056 0 5 4 0509314976 LICK
056 0 5 4 0509315468 TIMEOUT_START
056 0 5 4 0509350180 RESP_END
056 0 5 4 0516315956 TIMEOUT_END
057 1 5 6 0518051928 STIM_START
057 1 5 6 0519180396 LICK
057 1 5 6 0519916364 LICK
057 1 5 6 0520715132 LICK
057 1 5 6 0521374640 LICK
057 1 5 6 0521888612 LICK
057 1 5 6 0522077384 STIM_END_RESP_START
057 1 5 6 0522409408 LICK
057 1 5 6 0522409896 REWARD_START
057 1 5 6 0522534052 LICK
057 1 5 6 0522928440 LICK
057 1 5 6 0523090368 LICK
057 1 5 6 0523234336 LICK
057 1 5 6 0523277412 RESP_END
057 1 5 6 0522422916 REWARD_END
058 0 1 1 0524987008 STIM_START
058 0 1 1 0527067852 LICK
058 0 1 1 0527300236 LICK
058 0 1 1 0527739328 LICK
058 0 1 1 0528062376 STIM_END_RESP_START
058 0 1 1 0528623512 LICK
058 0 1 1 0528624004 TIMEOUT_START
058 0 1 1 0529262404 RESP_END
058 0 1 1 0535624488 TIMEOUT_END
059 2 2 2 0537336020 STIM_START
059 2 2 2 0540461380 STIM_END_RESP_START
059 2 2 2 0541661416 RESP_END
060 1 1 8 0543366028 STIM_START
060 1 1 8 0546441400 STIM_END_RESP_START
060 1 1 8 0547641432 RESP_END
061 0 4 3 0549370960 STIM_START
061 0 4 3 0552896392 STIM_END_RESP_START
061 0 4 3 0554096428 RESP_END
062 1 2 3 0555804020 STIM_START
062 1 2 3 0558929376 STIM_END_RESP_START
062 1 2 3 0560129412 RESP_END
063 2 2 2 0562606152 STIM_START
063 2 2 2 0565731508 STIM_END_RESP_START
063 2 2 2 0566200724 LICK
063 2 2 2 0566201208 REWARD_START
063 2 2 2 0566299752 LICK
063 2 2 2 0566931540 RESP_END
063 2 2 2 0566214232 REWARD_END
064 1 5 9 0573111780 STIM_START
064 1 5 9 0573917916 LICK
064 1 5 9 0574068680 LICK
064 1 5 9 0574780752 LICK
064 1 5 9 0575238184 LICK
064 1 5 9 0575425080 LICK
064 1 5 9 0576197440 LICK
064 1 5 9 0576582128 LICK
064 1 5 9 0577137224 STIM_END_RESP_START
064 1 5 9 0577387960 LICK
064 1 5 9 0577388444 REWARD_START
064 1 5 9 0577975488 LICK
064 1 5 9 0578175580 LICK
064 1 5 9 0578337248 RESP_END
064 1 5 9 0577401464 REWARD_END
065 0 4 4 0580061956 STIM_START
065 0 4 4 0580195560 LICK
065 0 4 4 0581775544 LICK
065 0 4 4 0582853396 LICK
065 0 4 4 0583144336 LICK
065 0 4 4 0583311772 LICK
065 0 4 4 0583485656 LICK
065 0 4 4 0583587380 STIM_END_RESP_START
065 0 4 4 0584159228 LICK
065 0 4 4 0584159720 TIMEOUT_START
065 0 4 4 0584242672 LICK
065 0 4 4 0584243156 TIMEOUT_START
065 0 4 4 0584373448 LICK
065 0 4 4 0584373932 TIMEOUT_START
065 0 4 4 0584787416 RESP_END
065 0 4 4 0591374420 TIMEOUT_END
066 1 5 3 0595595464 STIM_START
066 1 5 3 0595622984 LICK
066 1 5 3 0596815208 LICK
066 1 5 3 0598204036 LICK
066 1 5 3 0599068212 LICK
066 1 5 3 0599620944 STIM_END_RESP_START
066 1 5 3 0600104696 LICK
066 1 5 3 0600105188 REWARD_START
066 1 5 3 0600210036 LICK
066 1 5 3 0600385656 LICK
066 1 5 3 0600527140 LICK
066 1 5 3 0600820980 RESP_END
066 1 5 3 0600118204 REWARD_END
067 0 2 7 0602524472 STIM_START
067 0 2 7 0602745428 LICK
067 0 2 7 0603169320 LICK
067 0 2 7 0604223396 LICK
067 0 2 7 0604499948 LICK
067 0 2 7 0605103476 LICK
067 0 2 7 0605649844 STIM_END_RESP_START
067 0 2 7 0605764552 LICK
067 0 2 7 0605765044 TIMEOUT_START
067 0 2 7 0606633724 LICK
067 0 2 7 0606634216 TIMEOUT_START
067 0 2 7 0606849892 RESP_END
067 0 2 7 0613634700 TIMEOUT_END
068 2 3 2 0616333732 STIM_START
068 2 3 2 0616756284 LICK
068 2 3 2 0617001236 LICK
068 2 3 2 0617879272 LICK
068 2 3 2 0619609112 STIM_END_RESP_START
068 2 3 2 0620809144 RESP_END
069 0 1 3 0622519704 STIM_START
069 0 1 3 0625595068 STIM_END_RESP_START
069 0 1 3 0626795108 RESP_END
070 0 1 2 0628500744 STIM_START
070 0 1 2 0631576108 STIM_END_RESP_START
070 0 1 2 0632129896 LICK
070 0 1 2 0632130380 TIMEOUT_START
070 0 1 2 0632776156 RESP_END
070 0 1 2 0639130872 TIMEOUT_END
071 2 4 7 0640855704 STIM_START
071 2 4 7 0643807020 LICK
071 2 4 7 0644234208 LICK
071 2 4 7 0644381104 STIM_END_RESP_START
071 2 4 7 0644546764 LICK
071 2 4 7 0644547248 REWARD_START
071 2 4 7 0645088472 LICK
071 2 4 7 0645449308 LICK
071 2 4 7 0645581140 RESP_END
071 2 4 7 0644560268 REWARD_END
072 0 2 9 0647927840 STIM_START
072 0 2 9 0648691048 LICK
072 0 2 9 0649055260 LICK
072 0 2 9 0649942464 LICK
072 0 2 9 0650748780 LICK
072 0 2 9 0651053232 STIM_END_RESP_START
072 0 2 9 0652253268 RESP_END
073 0 4 9 0653972812 STIM_START
073 0 4 9 0655278336 LICK
073 0 4 9 0657498212 STIM_END_RESP_START
073 0 4 9 0658557304 LICK
073 0 4 9 0658557788 TIMEOUT_START
073 0 4 9 0658698256 RESP_END
073 0 4 9 0665558280 TIMEOUT_END
074 1 2 1 0667254928 STIM_START
074 1 2 1 0668973332 LICK
074 1 2 1 0670380312 STIM_END_RESP_START
074 1 2 1 0670812996 LICK
074 1 2 1 0670813488 REWARD_START
074 1 2 1 0670970832 LICK
074 1 2 1 0671396452 LICK
074 1 2 1 0671543756 LICK
074 1 2 1 0671580328 RESP_END
074 1 2 1 0670826512 REWARD_END
075 0 4 6 0673442908 STIM_START
075 0 4 6 0673812832 LICK
075 0 4 6 0673887112 LICK
075 0 4 6 0674019416 LICK
075 0 4 6 0674379800 LICK
075 0 4 6 0676915216 LICK
075 0 4 6 0676968312 STIM_END_RESP_START
075 0 4 6 0678168348 RESP_END
076 0 5 5 0681072152 STIM_START
076 0 5 5 0681775100 LICK
076 0 5 5 0682525748 LICK
076 0 5 5 0685097608 STIM_END_RESP_START
076 0 5 5 0686297640 RESP_END
077 2 5 2 0688041308 STIM_START
077 2 5 2 0692066768 STIM_END_RESP_START
077 2 5 2 0693266800 RESP_END
078 1 2 9 0694982420 STIM_START
078 1 2 9 0698107812 STIM_END_RESP_START
078 1 2 9 0698378524 LICK
078 1 2 9 0698379008 REWARD_START
078 1 2 9 0698467720 LICK
078 1 2 9 0698871540 LICK
078 1 2 9 0698998604 LICK
078 1 2 9 0699307828 RESP_END
078 1 2 9 0698392028 REWARD_END
079 1 2 7 0701015396 STIM_START
079 1 2 7 0703562456 LICK
079 1 2 7 0703816620 LICK
079 1 2 7 0704140780 STIM_END_RESP_START
079 1 2 7 0704293584 LICK
079 1 2 7 0704294080 REWARD_START
079 1 2 7 0704481052 LICK
079 1 2 7 0704636316 LICK
079 1 2 7 0704786004 LICK
079 1 2 7 0704957504 LICK
079 1 2 7 0705340804 RESP_END
079 1 2 7 0704307096 REWARD_END
080 0 3 1 0707919476 STIM_START
080 0 3 1 0710133348 LICK
080 0 3 1 0710763536 LICK
080 0 3 1 0711140468 LICK
080 0 3 1 0711194856 STIM_END_RESP_START
080 0 3 1 0711431884 LICK
080 0 3 1 0711432376 TIMEOUT_START
080 0 3 1 0711717472 LICK
080 0 3 1 0711717968 TIMEOUT_START
080 0 3 1 0712113260 LICK
080 0 3 1 0712113744 TIMEOUT_START
080 0 3 1 0712287844 LICK
080 0 3 1 0712288336 TIMEOUT_START
080 0 3 1 0712394896 RESP_END
080 0 3 1 0719288824 TIMEOUT_END
081 2 4 9 0721015592 STIM_START
081 2 4 9 0722763880 LICK
081 2 4 9 0723655228 LICK
081 2 4 9 0724300236 LICK
081 2 4 9 0724541000 STIM_END_RESP_START
081 2 4 9 0724719652 LICK
081 2 4 9 0724720140 REWARD_START
081 2 4 9 0724962436 LICK
081 2 4 9 0725424884 LICK
081 2 4 9 0725568496 LICK
081 2 4 9 0725711520 LICK
081 2 4 9 0725741048 RESP_END
081 2 4 9 0724733164 REWARD_END
082 1 2 10 0727443612 STIM_START
082 1 2 10 0730568972 STIM_END_RESP_START
082 1 2 10 0730817776 LICK
082 1 2 10 0730818264 REWARD_START
082 1 2 10 0730954116 LICK
082 1 2 10 0731126436 LICK
082 1 2 10 0731259648 LICK
082 1 2 10 0731411196 LICK
082 1 2 10 0731768996 RESP_END
082 1 2 10 0730831288 REWARD_END
083 1 1 4 0733481652 STIM_START
083 1 1 4 0736557016 STIM_END_RESP_START
083 1 1 4 0736695164 LICK
083 1 1 4 0736695656 REWARD_START
083 1 1 4 0736889832 LICK
083 1 1 4 0737067860 LICK
083 1 1 4 0737206544 LICK
083 1 1 4 0737376656 LICK
083 1 1 4 0737507452 LICK
083 1 1 4 0737757064 RESP_END
083 1 1 4 0736708676 REWARD_END
084 0 3 4 0739474624 STIM_START
084 0 3 4 0742458396 LICK
084 0 3 4 0742661772 LICK
084 0 3 4 0742750004 STIM_END_RESP_START
084 0 3 4 0743741260 LICK
084 0 3 4 0743741752 TIMEOUT_START
084 0 3 4 0743950024 RESP_END
084 0 3 4 0750742240 TIMEOUT_END
085 2 1 6 0752449652 STIM_START
085 2 1 6 0755525012 STIM_END_RESP_START
085 2 1 6 0755860548 LICK
085 2 1 6 0755861032 REWARD_START
085 2 1 6 0756010836 LICK
085 2 1 6 0756322392 LICK
085 2 1 6 0756448744 LICK
085 2 1 6 0756601592 LICK
085 2 1 6 0756725040 RESP_END
085 2 1 6 0755874056 REWARD_END
086 2 2 2 0758426688 STIM_START
086 2 2 2 0761552044 STIM_END_RESP_START
086 2 2 2 0762752080 RESP_END
087 2 1 9 0764462676 STIM_START
087 2 1 9 0767538044 STIM_END_RESP_START
087 2 1 9 0768738084 RESP_END
088 0 1 6 0770443680 STIM_START
088 0 1 6 0773519044 STIM_END_RESP_START
088 0 1 6 0774719084 RESP_END
089 2 4 9 0776445540 STIM_START
089 2 4 9 0777798136 LICK
089 2 4 9 0777926196 LICK
089 2 4 9 0778139668 LICK
089 2 4 9 0778308604 LICK
089 2 4 9 0778533832 LICK
089 2 4 9 0778733796 LICK
089 2 4 9 0779174064 LICK
089 2 4 9 0779876220 LICK
089 2 4 9 0779970968 STIM_END_RESP_START
089 2 4 9 0780229028 LICK
089 2 4 9 0780229516 REWARD_START
089 2 4 9 0780436612 LICK
089 2 4 9 0780597164 LICK
089 2 4 9 0780752456 LICK
089 2 4 9 0780916024 LICK
089 2 4 9 0781058920 LICK
089 2 4 9 0781170988 RESP_END
089 2 4 9 0780242540 REWARD_END
090 2 2 6 0782882612 STIM_START
090 2 2 6 0786007968 STIM_END_RESP_START
090 2 2 6 0787208008 RESP_END
091 1 5 5 0788941568 STIM_START
091 1 5 5 0790606488 LICK
091 1 5 5 0790807784 LICK
091 1 5 5 0792967036 STIM_END_RESP_START
091 1 5 5 0793205452 LICK
091 1 5 5 0793205944 REWARD_START
091 1 5 5 0793562840 LICK
091 1 5 5 0793713704 LICK
091 1 5 5 0793877784 LICK
091 1 5 5 0794167076 RESP_END
091 1 5 5 0793218960 REWARD_END
092 0 3 10 0795875652 STIM_START
092 0 3 10 0799132356 LICK
092 0 3 10 0799151044 STIM_END_RESP_START
092 0 3 10 0799328184 LICK
092 0 3 10 0799328676 TIMEOUT_START
092 0 3 10 0799535964 LICK
092 0 3 10 0799536460 TIMEOUT_START
092 0 3 10 0799992232 LICK
092 0 3 10 0799992716 TIMEOUT_START
092 0 3 10 0800177980 LICK
092 0 3 10 0800178468 TIMEOUT_START
092 0 3 10 0800351084 RESP_END
092 0 3 10 0807178956 TIMEOUT_END
093 1 5 6 0808930788 STIM_START
093 1 5 6 0810437532 LICK
093 1 5 6 0810679892 LICK
093 1 5 6 0811459936 LICK
093 1 5 6 0812956240 STIM_END_RESP_START
093 1 5 6 0813167756 LICK
093 1 5 6 0813168240 REWARD_START
093 1 5 6 0813332432 LICK
093 1 5 6 0813566900 LICK
093 1 5 6 0813705140 LICK
093 1 5 6 0813861228 LICK
093 1 5 6 0814156268 RESP_END
093 1 5 6 0813181264 REWARD_END
094 2 4 6 0815870868 STIM_START
094 2 4 6 0819396268 STIM_END_RESP_START
094 2 4 6 0819692636 LICK
094 2 4 6 0819693120 REWARD_START
094 2 4 6 0819841104 LICK
094 2 4 6 0820099232 LICK
094 2 4 6 0820235616 LICK
094 2 4 6 0820412048 LICK
094 2 4 6 0820596316 RESP_END
094 2 4 6 0819706140 REWARD_END
095 0 3 7 0822303960 STIM_START
095 0 3 7 0825579360 STIM_END_RESP_START
095 0 3 7 0826423076 LICK
095 0 3 7 0826423568 TIMEOUT_START
095 0 3 7 0826530776 LICK
095 0 3 7 0826531268 TIMEOUT_START
095 0 3 7 0826760164 LICK
095 0 3 7 0826760652 TIMEOUT_START
095 0 3 7 0826779396 RESP_END
095 0 3 7 0833761140 TIMEOUT_END
096 0 4 3 0835486060 STIM_START
096 0 4 3 0837030340 LICK
096 0 4 3 0838906992 LICK
096 0 4 3 0839011476 STIM_END_RESP_START
096 0 4 3 0839427132 LICK
096 0 4 3 0839427616 TIMEOUT_START
096 0 4 3 0840211500 RESP_END
096 0 4 3 0846428104 TIMEOUT_END
097 2 1 2 0848127076 STIM_START
097 2 1 2 0851202440 STIM_END_RESP_START
097 2 1 2 0852402476 RESP_END
098 1 1 9 0854109028 STIM_START
098 1 1 9 0857184396 STIM_END_RESP_START
098 1 1 9 0857573428 LICK
098 1 1 9 0857573916 REWARD_START
098 1 1 9 0857722960 LICK
098 1 1 9 0858141708 LICK
098 1 1 9 0858298548 LICK
098 1 1 9 0858384416 RESP_END
098 1 1 9 0857586924 REWARD_END
099 0 3 7 0860088988 STIM_START
099 0 3 7 0863364396 STIM_END_RESP_START
099 0 3 7 0864564432 RESP_END
100 1 4 7 0866287988 STIM_START
100 1 4 7 0869813388 STIM_END_RESP_START
100 1 4 7 0870509916 LICK
100 1 4 7 0870510404 REWARD_START
100 1 4 7 0870697796 LICK
100 1 4 7 0870967348 LICK
100 1 4 7 0871013444 RESP_END
100 1 4 7 0870523424 REWARD_END
101 0 1 4 0873013152 STIM_START
101 0 1 4 0876088524 STIM_END_RESP_START
101 0 1 4 0877288560 RESP_END
102 2 2 9 0881941548 STIM_START
102 2 2 9 0885066904 STIM_END_RESP_START
102 2 2 9 0886266940 RESP_END
103 1 5 7 0888017496 STIM_START
103 1 5 7 0892042992 STIM_END_RESP_START
103 1 5 7 0892520632 LICK
103 1 5 7 0892521116 REWARD_START
103 1 5 7 0892703880 LICK
103 1 5 7 0892979120 LICK
103 1 5 7 0893243036 RESP_END
103 1 5 7 0892534140 REWARD_END
104 2 5 3 0894984620 STIM_START
104 2 5 3 0899010080 STIM_END_RESP_START
104 2 5 3 0899226164 LICK
104 2 5 3 0899226656 REWARD_START
104 2 5 3 0899416372 LICK
104 2 5 3 0899704052 LICK
104 2 5 3 0899855748 LICK
104 2 5 3 0900210116 RESP_END
104 2 5 3 0899239672 REWARD_END
105 0 4 9 0901929748 STIM_START
105 0 4 9 0905455144 STIM_END_RESP_START
105 0 4 9 0906655180 RESP_END
106 1 3 7 0908366832 STIM_START
106 1 3 7 0908717308 LICK
106 1 3 7 0908891892 LICK
106 1 3 7 0909092812 LICK
106 1 3 7 0909329092 LICK
106 1 3 7 0909533276 LICK
106 1 3 7 0910011592 LICK
106 1 3 7 0910204752 LICK
106 1 3 7 0911115704 LICK
106 1 3 7 0911642216 STIM_END_RESP_START
106 1 3 7 0911835360 LICK
106 1 3 7 0911835848 REWARD_START
106 1 3 7 0912180100 LICK
106 1 3 7 0912333624 LICK
106 1 3 7 0912842264 RESP_END
106 1 3 7 0911848872 REWARD_END
107 0 5 4 0914590820 STIM_START
107 0 5 4 0918616280 STIM_END_RESP_START
107 0 5 4 0919816316 RESP_END
108 2 4 6 0921539948 STIM_START
108 2 4 6 0925065348 STIM_END_RESP_START
108 2 4 6 0926265388 RESP_END
109 2 4 10 0927991964 STIM_START
109 2 4 10 0931517396 STIM_END_RESP_START
109 2 4 10 0932073220 LICK
109 2 4 10 0932073712 REWARD_START
109 2 4 10 0932282748 LICK
109 2 4 10 0932574832 LICK
109 2 4 10 0932712216 LICK
109 2 4 10 0932717424 RESP_END
109 2 4 10 0932086728 REWARD_END
110 1 3 9 0934618072 STIM_START
110 1 3 9 0937893448 STIM_END_RESP_START
110 1 3 9 0938297580 LICK
110 1 3 9 0938298064 REWARD_START
110 1 3 9 0938421940 LICK
110 1 3 9 0938571612 LICK
110 1 3 9 0938719652 LICK
110 1 3 9 0938873116 LICK
110 1 3 9 0939093460 RESP_END
110 1 3 9 0938311088 REWARD_END
111 0 2 9 0940804984 STIM_START
111 0 2 9 0943930384 STIM_END_RESP_START
111 0 2 9 0945130416 RESP_END
112 1 3 3 0946838024 STIM_START
112 1 3 3 0947181540 LICK
112 1 3 3 0947336792 LICK
112 1 3 3 0947525412 LICK
112 1 3 3 0947692224 LICK
112 1 3 3 0948881528 LICK
112 1 3 3 0949841720 LICK
112 1 3 3 0950113412 STIM_END_RESP_START
112 1 3 3 0950493448 LICK
112 1 3 3 0950493932 REWARD_START
112 1 3 3 0950605148 LICK
112 1 3 3 0950774632 LICK
112 1 3 3 0950961180 LICK
112 1 3 3 0951107000 LICK
112 1 3 3 0951313452 RESP_END
112 1 3 3 0950506956 REWARD_END
113 0 5 1 0953062028 STIM_START
113 0 5 1 0957087488 STIM_END_RESP_START
113 0 5 1 0958287524 RESP_END
114 0 4 3 0960009140 STIM_START
114 0 4 3 0961717004 LICK
114 0 4 3 0961850820 LICK
114 0 4 3 0962032692 LICK
114 0 4 3 0962261916 LICK
114 0 4 3 0962729644 LICK
114 0 4 3 0963285688 LICK
114 0 4 3 0963534576 STIM_END_RESP_START
114 0 4 3 0963561292 LICK
114 0 4 3 0963561784 TIMEOUT_START
114 0 4 3 0963854212 LICK
114 0 4 3 0963854704 TIMEOUT_START
114 0 4 3 0964571388 LICK
114 0 4 3 0964571872 TIMEOUT_START
114 0 4 3 0964734608 RESP_END
114 0 4 3 0971572364 TIMEOUT_END
115 1 4 8 0973292236 STIM_START
115 1 4 8 0976817636 STIM_END_RESP_START
115 1 4 8 0977027988 LICK
115 1 4 8 0977028480 REWARD_START
115 1 4 8 0977515980 LICK
115 1 4 8 0977659252 LICK
115 1 4 8 0977820832 LICK
115 1 4 8 0978017680 RESP_END
115 1 4 8 0977041484 REWARD_END
116 0 2 7 0979719268 STIM_START
116 0 2 7 0982442120 LICK
116 0 2 7 0982844636 STIM_END_RESP_START
116 0 2 7 0982997256 LICK
116 0 2 7 0982997744 TIMEOUT_START
116 0 2 7 0983703920 LICK
116 0 2 7 0983704404 TIMEOUT_START
116 0 2 7 0984044660 RESP_END
116 0 2 7 0990704896 TIMEOUT_END
117 1 5 5 0992444348 STIM_START
117 1 5 5 0996469812 STIM_END_RESP_START
117 1 5 5 0996889028 LICK
117 1 5 5 0996889512 REWARD_START
117 1 5 5 0997057240 LICK
117 1 5 5 0997367488 LICK
117 1 5 5 0997502800 LICK
117 1 5 5 0997669848 RESP_END
117 1 5 5 0996902536 REWARD_END
118 0 2 3 0999416468 STIM_START
118 0 2 3 1002541828 STIM_END_RESP_START
118 0 2 3 1002683364 LICK
118 0 2 3 1002683904 TIMEOUT_START
118 0 2 3 1002884576 LICK
118 0 2 3 1002885108 TIMEOUT_START
118 0 2 3 1003741848 RESP_END
118 0 2 3 1009885656 TIMEOUT_END
119 2 4 3 1011604432 STIM_START
119 2 4 3 1012988600 LICK
119 2 4 3 1013552148 LICK
119 2 4 3 1014029912 LICK
119 2 4 3 1014070068 LICK
119 2 4 3 1014423092 LICK
119 2 4 3 1014891104 LICK
119 2 4 3 1015129860 STIM_END_RESP_START
119 2 4 3 1015211972 LICK
119 2 4 3 1015212512 REWARD_START
119 2 4 3 1015434464 LICK
119 2 4 3 1015849260 LICK
119 2 4 3 1015995764 LICK
119 2 4 3 1016166288 LICK
119 2 4 3 1016318700 LICK
119 2 4 3 1016329892 RESP_END
119 2 4 3 1015225592 REWARD_END
120 0 4 4 1018073476 STIM_START
120 0 4 4 1021598900 STIM_END_RESP_START
120 0 4 4 1021811936 LICK
120 0 4 4 1021812472 TIMEOUT_START
120 0 4 4 1022015512 LICK
120 0 4 4 1022016048 TIMEOUT_START
120 0 4 4 1022615624 LICK
120 0 4 4 1022616160 TIMEOUT_START
120 0 4 4 1022798944 RESP_END
120 0 4 4 1029616708 TIMEOUT_END
121 1 1 2 1031329608 STIM_START
121 1 1 2 1034404992 STIM_END_RESP_START
121 1 1 2 1034907420 LICK
121 1 1 2 1034907956 REWARD_START
121 1 1 2 1035481740 LICK
121 1 1 2 1035605032 RESP_END
121 1 1 2 1034921016 REWARD_END
122 0 2 4 1037853652 STIM_START
122 0 2 4 1040979032 STIM_END_RESP_START
122 0 2 4 1042179084 RESP_END
123 1 5 10 1043915612 STIM_START
123 1 5 10 1044358468 LICK
123 1 5 10 1045641568 LICK
123 1 5 10 1045887636 LICK
123 1 5 10 1046118412 LICK
123 1 5 10 1046636556 LICK
123 1 5 10 1046889444 LICK
123 1 5 10 1047364956 LICK
123 1 5 10 1047941080 STIM_END_RESP_START
123 1 5 10 1048069172 LICK
123 1 5 10 1048069708 REWARD_START
123 1 5 10 1048294316 LICK
123 1 5 10 1048437064 LICK
123 1 5 10 1048588428 LICK
123 1 5 10 1048763892 LICK
123 1 5 10 1048946284 LICK
123 1 5 10 1049141104 RESP_END
123 1 5 10 1048082784 REWARD_END
124 2 3 1 1050855712 STIM_START
124 2 3 1 1054131092 STIM_END_RESP_START
124 2 3 1 1054339572 LICK
124 2 3 1 1054340112 REWARD_START
124 2 3 1 1054439640 LICK
124 2 3 1 1054560700 LICK
124 2 3 1 1054840852 LICK
124 2 3 1 1054967188 LICK
124 2 3 1 1055089980 LICK
124 2 3 1 1055331116 RESP_END
124 2 3 1 1054353180 REWARD_END
125 0 3 1 1057050768 STIM_START
125 0 3 1 1060326144 STIM_END_RESP_START
125 0 3 1 1061526160 RESP_END
126 0 5 6 1064791988 STIM_START
126 0 5 6 1068817468 STIM_END_RESP_START
126 0 5 6 1070017516 RESP_END
127 0 2 7 1071727140 STIM_START
127 0 2 7 1074852512 STIM_END_RESP_START
127 0 2 7 1076052524 RESP_END
128 2 4 10 1077786108 STIM_START
128 2 4 10 1081311520 STIM_END_RESP_START
128 2 4 10 1081749276 LICK
128 2 4 10 1081749812 REWARD_START
128 2 4 10 1081947276 LICK
128 2 4 10 1082114796 LICK
128 2 4 10 1082232772 LICK
128 2 4 10 1082398456 LICK
128 2 4 10 1082511572 RESP_END
128 2 4 10 1081762872 REWARD_END
129 1 5 6 1084323148 STIM_START
129 1 5 6 1088348624 STIM_END_RESP_START
129 1 5 6 1088634020 LICK
129 1 5 6 1088634552 REWARD_START
129 1 5 6 1088761876 LICK
129 1 5 6 1088892924 LICK
129 1 5 6 1089043668 LICK
129 1 5 6 1089211204 LICK
129 1 5 6 1089548640 RESP_END
129 1 5 6 1088647628 REWARD_END
130 1 2 4 1091254212 STIM_START
130 1 2 4 1094379584 STIM_END_RESP_START
130 1 2 4 1094646620 LICK
130 1 2 4 1094647156 REWARD_START
130 1 2 4 1094779756 LICK
130 1 2 4 1095183488 LICK
130 1 2 4 1095343476 LICK
130 1 2 4 1095579604 RESP_END
130 1 2 4 1094660236 REWARD_END
131 0 1 7 1097283240 STIM_START
131 0 1 7 1100358620 STIM_END_RESP_START
131 0 1 7 1101558632 RESP_END
132 2 1 4 1103268144 STIM_START
132 2 1 4 1103751360 LICK
132 2 1 4 1103876748 LICK
132 2 1 4 1104095372 LICK
132 2 1 4 1104295004 LICK
132 2 1 4 1104906164 LICK
132 2 1 4 1105117840 LICK
132 2 1 4 1105807396 LICK
132 2 1 4 1106343512 STIM_END_RESP_START
132 2 1 4 1106610832 LICK
132 2 1 4 1106611368 REWARD_START
132 2 1 4 1106836056 LICK
132 2 1 4 1107011312 LICK
132 2 1 4 1107159668 LICK
132 2 1 4 1107310336 LICK
132 2 1 4 1107484668 LICK
132 2 1 4 1107543560 RESP_END
132 2 1 4 1106624440 REWARD_END
133 1 4 9 1109272148 STIM_START
133 1 4 9 1112797560 STIM_END_RESP_START
133 1 4 9 1113050492 LICK
133 1 4 9 1113051024 REWARD_START
133 1 4 9 1113183724 LICK
133 1 4 9 1113339392 LICK
133 1 4 9 1113509768 LICK
133 1 4 9 1113640484 LICK
133 1 4 9 1113997600 RESP_END
133 1 4 9 1113064100 REWARD_END
134 1 5 7 1115750208 STIM_START
134 1 5 7 1118950268 LICK
134 1 5 7 1119775688 STIM_END_RESP_START
134 1 5 7 1119967028 LICK
134 1 5 7 1119967568 REWARD_START
134 1 5 7 1120096288 LICK
134 1 5 7 1120257148 LICK
134 1 5 7 1120437580 LICK
134 1 5 7 1120581644 LICK
134 1 5 7 1120975712 RESP_END
134 1 5 7 1119980632 REWARD_END
135 0 3 9 1122698316 STIM_START
135 0 3 9 1124963104 LICK
135 0 3 9 1125191064 LICK
135 0 3 9 1125345844 LICK
135 0 3 9 1125973688 STIM_END_RESP_START
135 0 3 9 1126028044 LICK
135 0 3 9 1126028584 TIMEOUT_START
135 0 3 9 1126261408 LICK
135 0 3 9 1126261948 TIMEOUT_START
135 0 3 9 1126464368 LICK
135 0 3 9 1126464904 TIMEOUT_START
135 0 3 9 1126759032 LICK
135 0 3 9 1126759568 TIMEOUT_START
135 0 3 9 1126942688 LICK
135 0 3 9 1126943228 TIMEOUT_START
135 0 3 9 1127173708 RESP_END
135 0 3 9 1133943772 TIMEOUT_END
136 1 1 1 1135643404 STIM_START
136 1 1 1 1136649232 LICK
136 1 1 1 1138480800 LICK
136 1 1 1 1138718760 STIM_END_RESP_START
136 1 1 1 1138841652 LICK
136 1 1 1 1138842184 REWARD_START
136 1 1 1 1139002604 LICK
136 1 1 1 1139152848 LICK
136 1 1 1 1139305164 LICK
136 1 1 1 1139471732 LICK
136 1 1 1 1139918776 RESP_END
136 1 1 1 1138855260 REWARD_END
137 1 5 6 1141664364 STIM_START
137 1 5 6 1143106044 LICK
137 1 5 6 1143345408 LICK
137 1 5 6 1143845620 LICK
137 1 5 6 1144088080 LICK
137 1 5 6 1144369908 LICK
137 1 5 6 1144586952 LICK
137 1 5 6 1144793756 LICK
137 1 5 6 1145064316 LICK
137 1 5 6 1145243680 LICK
137 1 5 6 1145610744 LICK
137 1 5 6 1145689832 STIM_END_RESP_START
137 1 5 6 1145909012 LICK
137 1 5 6 1145909552 REWARD_START
137 1 5 6 1146067500 LICK
137 1 5 6 1146235732 LICK
137 1 5 6 1146377184 LICK
137 1 5 6 1146575956 LICK
137 1 5 6 1146889880 RESP_END
137 1 5 6 1145922612 REWARD_END
138 1 5 9 1148627492 STIM_START
138 1 5 9 1152652964 STIM_END_RESP_START
138 1 5 9 1152885292 LICK
138 1 5 9 1152885828 REWARD_START
138 1 5 9 1153077016 LICK
138 1 5 9 1153208256 LICK
138 1 5 9 1153353688 LICK
138 1 5 9 1153532156 LICK
138 1 5 9 1153853008 RESP_END
138 1 5 9 1152898900 REWARD_END
139 0 2 10 1155556628 STIM_START
139 0 2 10 1158682000 STIM_END_RESP_START
139 0 2 10 1159882052 RESP_END
140 2 4 4 1161612548 STIM_START
140 2 4 4 1165137960 STIM_END_RESP_START
140 2 4 4 1165494176 LICK
140 2 4 4 1165494716 REWARD_START
140 2 4 4 1165606684 LICK
140 2 4 4 1165899696 LICK
140 2 4 4 1166053228 LICK
140 2 4 4 1166214324 LICK
140 2 4 4 1166337996 RESP_END
140 2 4 4 1165507776 REWARD_END
141 1 5 3 1168081616 STIM_START
141 1 5 3 1170699640 LICK
141 1 5 3 1170863712 LICK
141 1 5 3 1172107084 STIM_END_RESP_START
141 1 5 3 1172180000 LICK
141 1 5 3 1172180532 REWARD_START
141 1 5 3 1172391608 LICK
141 1 5 3 1172553760 LICK
141 1 5 3 1172701128 LICK
141 1 5 3 1173307124 RESP_END
141 1 5 3 1172193612 REWARD_END
142 2 2 10 1175028720 STIM_START
142 2 2 10 1178154096 STIM_END_RESP_START
142 2 2 10 1179354152 RESP_END
143 0 4 4 1181082732 STIM_START
143 0 4 4 1184608136 STIM_END_RESP_START
143 0 4 4 1185808148 RESP_END
144 0 5 8 1187730800 STIM_START
144 0 5 8 1189644232 LICK
144 0 5 8 1189856356 LICK
144 0 5 8 1191756272 STIM_END_RESP_START
144 0 5 8 1192956288 RESP_END
145 1 1 6 1194658924 STIM_START
145 1 1 6 1197734300 STIM_END_RESP_START
145 1 1 6 1197988332 LICK
145 1 1 6 1197988872 REWARD_START
145 1 1 6 1198108224 LICK
145 1 1 6 1198264644 LICK
145 1 1 6 1198437904 LICK
145 1 1 6 1198588292 LICK
145 1 1 6 1198934348 RESP_END
145 1 1 6 1198001944 REWARD_END
146 0 1 6 1200645864 STIM_START
146 0 1 6 1203210624 LICK
146 0 1 6 1203312984 LICK
146 0 1 6 1203433616 LICK
146 0 1 6 1203658468 LICK
146 0 1 6 1203721232 STIM_END_RESP_START
146 0 1 6 1203847912 LICK
146 0 1 6 1203848448 TIMEOUT_START
146 0 1 6 1204212896 LICK
146 0 1 6 1204213428 TIMEOUT_START
146 0 1 6 1204586288 LICK
146 0 1 6 1204586828 TIMEOUT_START
146 0 1 6 1204767384 LICK
146 0 1 6 1204767920 TIMEOUT_START
146 0 1 6 1204921240 RESP_END
146 0 1 6 1211768464 TIMEOUT_END
147 0 4 8 1213498924 STIM_START
147 0 4 8 1214334152 LICK
147 0 4 8 1215086392 LICK
147 0 4 8 1215725872 LICK
147 0 4 8 1216079176 LICK
147 0 4 8 1216304824 LICK
147 0 4 8 1216599612 LICK
147 0 4 8 1217016812 LICK
147 0 4 8 1217024324 STIM_END_RESP_START
147 0 4 8 1217353916 LICK
147 0 4 8 1217354448 TIMEOUT_START
147 0 4 8 1217992920 LICK
147 0 4 8 1217993452 TIMEOUT_START
147 0 4 8 1218224352 RESP_END
147 0 4 8 1224993996 TIMEOUT_END
148 0 2 6 1226706052 STIM_START
148 0 2 6 1227026752 LICK
148 0 2 6 1227282036 LICK
148 0 2 6 1227687068 LICK
148 0 2 6 1227999484 LICK
148 0 2 6 1228242352 LICK
148 0 2 6 1228694792 LICK
148 0 2 6 1229200916 LICK
148 0 2 6 1229642336 LICK
148 0 2 6 1229831404 STIM_END_RESP_START
148 0 2 6 1229915160 LICK
148 0 2 6 1229915692 TIMEOUT_START
148 0 2 6 1230119652 LICK
148 0 2 6 1230120188 TIMEOUT_START
148 0 2 6 1230488116 LICK
148 0 2 6 1230488652 TIMEOUT_START
148 0 2 6 1230716220 LICK
148 0 2 6 1230716752 TIMEOUT_START
148 0 2 6 1231031416 RESP_END
148 0 2 6 1237717300 TIMEOUT_END
149 1 4 8 1240123204 STIM_START
149 1 4 8 1242200012 LICK
149 1 4 8 1242963280 LICK
149 1 4 8 1243648632 STIM_END_RESP_START
149 1 4 8 1243764076 LICK
149 1 4 8 1243764608 REWARD_START
149 1 4 8 1244246796 LICK
149 1 4 8 1244385084 LICK
149 1 4 8 1244541268 LICK
149 1 4 8 1244848668 RESP_END
149 1 4 8 1243777688 REWARD_END
150 0 1 4 1246551220 STIM_START
150 0 1 4 1249529900 LICK
150 0 1 4 1249626568 STIM_END_RESP_START
150 0 1 4 1249792392 LICK
150 0 1 4 1249792920 TIMEOUT_START
150 0 1 4 1250437928 LICK
150 0 1 4 1250438464 TIMEOUT_START
150 0 1 4 1250693684 LICK
150 0 1 4 1250694220 TIMEOUT_START
150 0 1 4 1250826616 RESP_END
150 0 1 4 1257694760 TIMEOUT_END
151 2 4 9 1259414308 STIM_START
151 2 4 9 1261475284 LICK
151 2 4 9 1261711088 LICK
151 2 4 9 1262425048 LICK
151 2 4 9 1262939724 STIM_END_RESP_START
151 2 4 9 1263148960 LICK
151 2 4 9 1263149500 REWARD_START
151 2 4 9 1263492324 LICK
151 2 4 9 1263641132 LICK
151 2 4 9 1263782948 LICK
151 2 4 9 1264139736 RESP_END
151 2 4 9 1263162576 REWARD_END
152 1 4 6 1265858336 STIM_START
152 1 4 6 1269058596 LICK
152 1 4 6 1269277600 LICK
152 1 4 6 1269383740 STIM_END_RESP_START
152 1 4 6 1269560788 LICK
152 1 4 6 1269561320 REWARD_START
152 1 4 6 1269723084 LICK
152 1 4 6 1269884288 LICK
152 1 4 6 1270046456 LICK
152 1 4 6 1270178712 LICK
152 1 4 6 1270583788 RESP_END
152 1 4 6 1269574400 REWARD_END
153 1 2 8 1272297352 STIM_START
153 1 2 8 1275422732 STIM_END_RESP_START
153 1 2 8 1275563112 LICK
153 1 2 8 1275563648 REWARD_START
153 1 2 8 1275766400 LICK
153 1 2 8 1275904292 LICK
153 1 2 8 1276062780 LICK
153 1 2 8 1276622772 RESP_END
153 1 2 8 1275576728 REWARD_END
154 0 3 10 1278342356 STIM_START
154 0 3 10 1281617740 STIM_END_RESP_START
154 0 3 10 1282817752 RESP_END
155 0 2 3 1284525388 STIM_START
155 0 2 3 1287609232 LICK
155 0 2 3 1287650752 STIM_END_RESP_START
155 0 2 3 1287735344 LICK
155 0 2 3 1287735876 TIMEOUT_START
155 0 2 3 1287932504 LICK
155 0 2 3 1287933040 TIMEOUT_START
155 0 2 3 1288113328 LICK
155 0 2 3 1288113860 TIMEOUT_START
155 0 2 3 1288850788 RESP_END
155 0 2 3 1295114396 TIMEOUT_END
156 2 2 9 1296833336 STIM_START
156 2 2 9 1299958708 STIM_END_RESP_START
156 2 2 9 1301158724 RESP_END
157 1 5 2 1304295492 STIM_START
157 1 5 2 1308320968 STIM_END_RESP_START
157 1 5 2 1308677848 LICK
157 1 5 2 1308678388 REWARD_START
157 1 5 2 1308832944 LICK
157 1 5 2 1309102600 LICK
157 1 5 2 1309242516 LICK
157 1 5 2 1309521008 RESP_END
157 1 5 2 1308691464 REWARD_END
158 2 5 7 1311263656 STIM_START
158 2 5 7 1315289132 STIM_END_RESP_START
158 2 5 7 1315607656 LICK
158 2 5 7 1315608192 REWARD_START
158 2 5 7 1315757140 LICK
158 2 5 7 1315887112 LICK
158 2 5 7 1316030452 LICK
158 2 5 7 1316184468 LICK
158 2 5 7 1316489152 RESP_END
158 2 5 7 1315621268 REWARD_END
159 0 5 2 1318231760 STIM_START
159 0 5 2 1321526504 LICK
159 0 5 2 1321730368 LICK
159 0 5 2 1322257232 STIM_END_RESP_START
159 0 5 2 1322338540 LICK
159 0 5 2 1322339072 TIMEOUT_START
159 0 5 2 1322567780 LICK
159 0 5 2 1322568308 TIMEOUT_START
159 0 5 2 1323125616 LICK
159 0 5 2 1323126152 TIMEOUT_START
159 0 5 2 1323339100 LICK
159 0 5 2 1323339632 TIMEOUT_START
159 0 5 2 1323457252 RESP_END
159 0 5 2 1330340180 TIMEOUT_END
160 2 3 5 1332061000 STIM_START
160 2 3 5 1335336380 STIM_END_RESP_START
160 2 3 5 1335551180 LICK
160 2 3 5 1335551716 REWARD_START
160 2 3 5 1335784352 LICK
160 2 3 5 1335904068 LICK
160 2 3 5 1336085616 LICK
160 2 3 5 1336536424 RESP_END
160 2 3 5 1335564796 REWARD_END
161 2 3 1 1338256000 STIM_START
161 2 3 1 1340450944 LICK
161 2 3 1 1340625628 LICK
161 2 3 1 1340845284 LICK
161 2 3 1 1341048852 LICK
161 2 3 1 1341328696 LICK
161 2 3 1 1341531392 STIM_END_RESP_START
161 2 3 1 1341724184 LICK
161 2 3 1 1341724724 REWARD_START
161 2 3 1 1341903924 LICK
161 2 3 1 1342098040 LICK
161 2 3 1 1342210412 LICK
161 2 3 1 1342396140 LICK
161 2 3 1 1342554780 LICK
161 2 3 1 1342731424 RESP_END
161 2 3 1 1341737796 REWARD_END
162 1 3 7 1344437012 STIM_START
162 1 3 7 1347712396 STIM_END_RESP_START
162 1 3 7 1347959584 LICK
162 1 3 7 1347960120 REWARD_START
162 1 3 7 1348124928 LICK
162 1 3 7 1348282924 LICK
162 1 3 7 1348431224 LICK
162 1 3 7 1348591096 LICK
162 1 3 7 1348912424 RESP_END
162 1 3 7 1347973180 REWARD_END
163 0 2 1 1350625012 STIM_START
163 0 2 1 1353750384 STIM_END_RESP_START
163 0 2 1 1354950396 RESP_END
164 2 3 9 1362252820 STIM_START
164 2 3 9 1364543548 LICK
164 2 3 9 1364848760 LICK
164 2 3 9 1365133240 LICK
164 2 3 9 1365439736 LICK
164 2 3 9 1365528204 STIM_END_RESP_START
164 2 3 9 1365675464 LICK
164 2 3 9 1365676000 REWARD_START
164 2 3 9 1366271464 LICK
164 2 3 9 1366728248 RESP_END
164 2 3 9 1365689076 REWARD_END
165 0 4 7 1368932896 STIM_START
165 0 4 7 1372458312 STIM_END_RESP_START
165 0 4 7 1373658328 RESP_END
166 1 5 7 1375395972 STIM_START
166 1 5 7 1379421444 STIM_END_RESP_START
166 1 5 7 1379706560 LICK
166 1 5 7 1379707096 REWARD_START
166 1 5 7 1379856356 LICK
166 1 5 7 1380148928 LICK
166 1 5 7 1380287468 LICK
166 1 5 7 1380458196 LICK
166 1 5 7 1380621484 RESP_END
166 1 5 7 1379720168 REWARD_END
167 0 3 2 1382332088 STIM_START
167 0 3 2 1385462620 LICK
167 0 3 2 1385607468 STIM_END_RESP_START
167 0 3 2 1385633476 LICK
167 0 3 2 1385634016 TIMEOUT_START
167 0 3 2 1385847276 LICK
167 0 3 2 1385847808 TIMEOUT_START
167 0 3 2 1386066520 LICK
167 0 3 2 1386067056 TIMEOUT_START
167 0 3 2 1386546304 LICK
167 0 3 2 1386546836 TIMEOUT_START
167 0 3 2 1386796156 LICK
167 0 3 2 1386796688 TIMEOUT_START
167 0 3 2 1386807496 RESP_END
167 0 3 2 1393797232 TIMEOUT_END
168 1 3 9 1395517164 STIM_START
168 1 3 9 1398792556 STIM_END_RESP_START
168 1 3 9 1399060144 LICK
168 1 3 9 1399060680 REWARD_START
168 1 3 9 1399209932 LICK
168 1 3 9 1399518076 LICK
168 1 3 9 1399659492 LICK
168 1 3 9 1399992596 RESP_END
168 1 3 9 1399073752 REWARD_END
169 2 1 8 1401706252 STIM_START
169 2 1 8 1404781600 STIM_END_RESP_START
169 2 1 8 1405981648 RESP_END
170 1 5 7 1407727132 STIM_START
170 1 5 7 1408125296 LICK
170 1 5 7 1408279904 LICK
170 1 5 7 1409120424 LICK
170 1 5 7 1409607824 LICK
170 1 5 7 1409851388 LICK
170 1 5 7 1410197880 LICK
170 1 5 7 1410731548 LICK
170 1 5 7 1411197796 LICK
170 1 5 7 1411752596 STIM_END_RESP_START
170 1 5 7 1411887480 LICK
170 1 5 7 1411888012 REWARD_START
170 1 5 7 1411972160 LICK
170 1 5 7 1412238228 LICK
170 1 5 7 1412385312 LICK
170 1 5 7 1412545424 LICK
170 1 5 7 1412952636 RESP_END
170 1 5 7 1411901088 REWARD_END
171 0 3 2 1414673276 STIM_START
171 0 3 2 1416937824 LICK
171 0 3 2 1417425648 LICK
171 0 3 2 1417705576 LICK
171 0 3 2 1417948668 STIM_END_RESP_START
171 0 3 2 1418284068 LICK
171 0 3 2 1418284596 TIMEOUT_START
171 0 3 2 1418558476 LICK
171 0 3 2 1418559008 TIMEOUT_START
171 0 3 2 1418871724 LICK
171 0 3 2 1418872264 TIMEOUT_START
171 0 3 2 1419096412 LICK
171 0 3 2 1419096944 TIMEOUT_START
171 0 3 2 1419148704 RESP_END
171 0 3 2 1426097492 TIMEOUT_END
172 0 2 1 1427811436 STIM_START
172 0 2 1 1430936808 STIM_END_RESP_START
172 0 2 1 1432136824 RESP_END
173 0 5 7 1433889388 STIM_START
173 0 5 7 1434158652 LICK
173 0 5 7 1434384536 LICK
173 0 5 7 1434873344 LICK
173 0 5 7 1435335056 LICK
173 0 5 7 1435618964 LICK
173 0 5 7 1435660908 LICK
173 0 5 7 1435857464 LICK
173 0 5 7 1436301600 LICK
173 0 5 7 1436679256 LICK
173 0 5 7 1436966140 LICK
173 0 5 7 1437195196 LICK
173 0 5 7 1437613784 LICK
173 0 5 7 1437819612 LICK
173 0 5 7 1437914836 STIM_END_RESP_START
173 0 5 7 1438043644 LICK
173 0 5 7 1438044180 TIMEOUT_START
173 0 5 7 1438437048 LICK
173 0 5 7 1438437584 TIMEOUT_START
173 0 5 7 1439038916 LICK
173 0 5 7 1439039448 TIMEOUT_START
173 0 5 7 1439114864 RESP_END
173 0 5 7 1446039992 TIMEOUT_END
174 2 1 4 1447760612 STIM_START
174 2 1 4 1450835996 STIM_END_RESP_START
174 2 1 4 1452036044 RESP_END
175 1 5 5 1454623724 STIM_START
175 1 5 5 1456130256 LICK
175 1 5 5 1456352796 LICK
175 1 5 5 1456570976 LICK
175 1 5 5 1456943032 LICK
175 1 5 5 1457207168 LICK
175 1 5 5 1457466132 LICK
175 1 5 5 1457749744 LICK
175 1 5 5 1457999192 LICK
175 1 5 5 1458235872 LICK
175 1 5 5 1458649196 STIM_END_RESP_START
175 1 5 5 1458669748 LICK
175 1 5 5 1458670280 REWARD_START
175 1 5 5 1458824680 LICK
175 1 5 5 1459122376 LICK
175 1 5 5 1459274416 LICK
175 1 5 5 1459438776 LICK
175 1 5 5 1459849212 RESP_END
175 1 5 5 1458683360 REWARD_END
176 1 4 4 1461573844 STIM_START
176 1 4 4 1465099252 STIM_END_RESP_START
176 1 4 4 1465414444 LICK
176 1 4 4 1465414984 REWARD_START
176 1 4 4 1465571020 LICK
176 1 4 4 1465854356 LICK
176 1 4 4 1465995120 LICK
176 1 4 4 1466155276 LICK
176 1 4 4 1466299300 RESP_END
176 1 4 4 1465428064 REWARD_END
177 0 3 1 1468014920 STIM_START
177 0 3 1 1471290296 STIM_END_RESP_START
177 0 3 1 1472490312 RESP_END
178 1 2 4 1474203852 STIM_START
178 1 2 4 1474844572 LICK
178 1 2 4 1475039144 LICK
178 1 2 4 1475206168 LICK
178 1 2 4 1475415180 LICK
178 1 2 4 1476430512 LICK
178 1 2 4 1477329204 STIM_END_RESP_START
178 1 2 4 1477465564 LICK
178 1 2 4 1477466096 REWARD_START
178 1 2 4 1477653676 LICK
178 1 2 4 1477793164 LICK
178 1 2 4 1477941412 LICK
178 1 2 4 1478529236 RESP_END
178 1 2 4 1477479172 REWARD_END
179 1 4 10 1480247816 STIM_START
179 1 4 10 1483773228 STIM_END_RESP_START
179 1 4 10 1484085852 LICK
179 1 4 10 1484086388 REWARD_START
179 1 4 10 1484231872 LICK
179 1 4 10 1484390648 LICK
179 1 4 10 1484545324 LICK
179 1 4 10 1484702224 LICK
179 1 4 10 1484973272 RESP_END
179 1 4 10 1484099460 REWARD_END
180 0 4 4 1486691836 STIM_START
180 0 4 4 1490217248 STIM_END_RESP_START
180 0 4 4 1491417264 RESP_END
181 2 3 5 1493128912 STIM_START
181 2 3 5 1494263284 LICK
181 2 3 5 1494464596 LICK
181 2 3 5 1494635748 LICK
181 2 3 5 1495048536 LICK
181 2 3 5 1495444776 LICK
181 2 3 5 1496009256 LICK
181 2 3 5 1496404300 STIM_END_RESP_START
181 2 3 5 1496576868 LICK
181 2 3 5 1496577404 REWARD_START
181 2 3 5 1496792336 LICK
181 2 3 5 1496962900 LICK
181 2 3 5 1497132432 LICK
181 2 3 5 1497264408 LICK
181 2 3 5 1497436368 LICK
181 2 3 5 1497604316 RESP_END
181 2 3 5 1496590464 REWARD_END
182 0 4 10 1499316900 STIM_START
182 0 4 10 1501657884 LICK
182 0 4 10 1502125252 LICK
182 0 4 10 1502645524 LICK
182 0 4 10 1502842296 STIM_END_RESP_START
182 0 4 10 1503264356 LICK
182 0 4 10 1503264896 TIMEOUT_START
182 0 4 10 1503770832 LICK
182 0 4 10 1503771368 TIMEOUT_START
182 0 4 10 1504042328 RESP_END
182 0 4 10 1510771912 TIMEOUT_END
183 0 5 2 1513215144 STIM_START
183 0 5 2 1513769680 LICK
183 0 5 2 1517240624 STIM_END_RESP_START
183 0 5 2 1518440640 RESP_END
184 1 1 8 1520148280 STIM_START
184 1 1 8 1523223628 STIM_END_RESP_START
184 1 1 8 1523513944 LICK
184 1 1 8 1523514484 REWARD_START
184 1 1 8 1523686628 LICK
184 1 1 8 1524099116 LICK
184 1 1 8 1524256420 LICK
184 1 1 8 1524420288 LICK
184 1 1 8 1524423652 RESP_END
184 1 1 8 1523527552 REWARD_END
185 1 2 2 1526140232 STIM_START
185 1 2 2 1529265612 STIM_END_RESP_START
185 1 2 2 1530434860 LICK
185 1 2 2 1530435392 REWARD_START
185 1 2 2 1530465636 RESP_END
185 1 2 2 1530448468 REWARD_END
186 1 3 5 1532196212 STIM_START
186 1 3 5 1535471600 STIM_END_RESP_START
186 1 3 5 1535695048 LICK
186 1 3 5 1535695584 REWARD_START
186 1 3 5 1535984800 LICK
186 1 3 5 1536257776 LICK
186 1 3 5 1536394364 LICK
186 1 3 5 1536671624 RESP_END
186 1 3 5 1535708664 REWARD_END
187 0 5 3 1538421224 STIM_START
187 0 5 3 1542446696 STIM_END_RESP_START
187 0 5 3 1543646712 RESP_END
188 0 2 8 1545555348 STIM_START
188 0 2 8 1548680720 STIM_END_RESP_START
188 0 2 8 1549880736 RESP_END
189 1 1 7 1551591340 STIM_START
189 1 1 7 1552334256 LICK
189 1 1 7 1552517288 LICK
189 1 1 7 1552979536 LICK
189 1 1 7 1553400664 LICK
189 1 1 7 1553836404 LICK
189 1 1 7 1554063020 LICK
189 1 1 7 1554297876 LICK
189 1 1 7 1554513328 LICK
189 1 1 7 1554666696 STIM_END_RESP_START
189 1 1 7 1554871064 LICK
189 1 1 7 1554871604 REWARD_START
189 1 1 7 1555071656 LICK
189 1 1 7 1555212940 LICK
189 1 1 7 1555372080 LICK
189 1 1 7 1555541876 LICK
189 1 1 7 1555866736 RESP_END
189 1 1 7 1554884680 REWARD_END
190 1 2 7 1557581324 STIM_START
190 1 2 7 1560592856 LICK
190 1 2 7 1560706704 STIM_END_RESP_START
190 1 2 7 1560907964 LICK
190 1 2 7 1560908500 REWARD_START
190 1 2 7 1561020992 LICK
190 1 2 7 1561182676 LICK
190 1 2 7 1561330276 LICK
190 1 2 7 1561497356 LICK
190 1 2 7 1561693320 LICK
190 1 2 7 1561906720 RESP_END
190 1 2 7 1560921580 REWARD_END
191 1 2 7 1563627332 STIM_START
191 1 2 7 1566752704 STIM_END_RESP_START
191 1 2 7 1567046636 LICK
191 1 2 7 1567047176 REWARD_START
191 1 2 7 1567182844 LICK
191 1 2 7 1567307988 LICK
191 1 2 7 1567449616 LICK
191 1 2 7 1567599456 LICK
191 1 2 7 1567952724 RESP_END
191 1 2 7 1567060252 REWARD_END
192 0 2 7 1569670272 STIM_START
192 0 2 7 1572289744 LICK
192 0 2 7 1572501508 LICK
192 0 2 7 1572795652 STIM_END_RESP_START
192 0 2 7 1573121380 LICK
192 0 2 7 1573121908 TIMEOUT_START
192 0 2 7 1573995676 RESP_END
192 0 2 7 1580122448 TIMEOUT_END
193 0 4 4 1581842200 STIM_START
193 0 4 4 1585367612 STIM_END_RESP_START
193 0 4 4 1586567632 RESP_END
194 1 5 9 1588320196 STIM_START
194 1 5 9 1592345676 STIM_END_RESP_START
194 1 5 9 1592677688 LICK
194 1 5 9 1592678220 REWARD_START
194 1 5 9 1592814312 LICK
194 1 5 9 1593242520 LICK
194 1 5 9 1593403920 LICK
194 1 5 9 1593545716 RESP_END
194 1 5 9 1592691300 REWARD_END
195 2 1 6 1595244320 STIM_START
195 2 1 6 1598319668 STIM_END_RESP_START
195 2 1 6 1599519720 RESP_END
196 2 1 7 1601227316 STIM_START
196 2 1 7 1602610244 LICK
196 2 1 7 1604302684 STIM_END_RESP_START
196 2 1 7 1605502700 RESP_END
197 0 5 5 1607246276 STIM_START
197 0 5 5 1611271748 STIM_END_RESP_START
197 0 5 5 1612471764 RESP_END
198 1 5 5 1614219416 STIM_START
198 1 5 5 1618244888 STIM_END_RESP_START
198 1 5 5 1618644068 LICK
198 1 5 5 1618644600 REWARD_START
198 1 5 5 1618829840 LICK
198 1 5 5 1618981040 LICK
198 1 5 5 1619144700 LICK
198 1 5 5 1619299280 LICK
198 1 5 5 1619444924 RESP_END
198 1 5 5 1618657676 REWARD_END
199 1 4 4 1621168524 STIM_START
199 1 4 4 1624565168 LICK
199 1 4 4 1624693932 STIM_END_RESP_START
199 1 4 4 1624796084 LICK
199 1 4 4 1624796624 REWARD_START
199 1 4 4 1624995452 LICK
199 1 4 4 1625116960 LICK
199 1 4 4 1625248928 LICK
199 1 4 4 1625406684 LICK
199 1 4 4 1625893960 RESP_END
199 1 4 4 1624809688 REWARD_END
200 1 1 6 1627598528 STIM_START
200 1 1 6 1630236904 LICK
200 1 1 6 1630673884 STIM_END_RESP_START
200 1 1 6 1630781968 LICK
200 1 1 6 1630782504 REWARD_START
200 1 1 6 1630925032 LICK
200 1 1 6 1631072052 LICK
200 1 1 6 1631227508 LICK
200 1 1 6 1631380648 LICK
200 1 1 6 1631873932 RESP_END
200 1 1 6 1630795576 REWARD_END
201 0 5 5 1633616512 STIM_START
201 0 5 5 1635674848 LICK
201 0 5 5 1636277160 LICK
201 0 5 5 1636503200 LICK
201 0 5 5 1637641996 STIM_END_RESP_START
201 0 5 5 1638842012 RESP_END
202 2 2 1 1640543632 STIM_START
202 2 2 1 1643669000 STIM_END_RESP_START
202 2 2 1 1644869016 RESP_END
203 0 2 3 1646579604 STIM_START
203 0 2 3 1649704980 STIM_END_RESP_START
203 0 2 3 1650904988 RESP_END
204 1 5 4 1652645616 STIM_START
204 1 5 4 1656671088 STIM_END_RESP_START
204 1 5 4 1656962560 LICK
204 1 5 4 1656963096 REWARD_START
204 1 5 4 1657091036 LICK
204 1 5 4 1657384036 LICK
204 1 5 4 1657520184 LICK
204 1 5 4 1657871120 RESP_END
204 1 5 4 1656976168 REWARD_END
205 0 5 6 1659609680 STIM_START
205 0 5 6 1663016856 LICK
205 0 5 6 1663243252 LICK
205 0 5 6 1663599764 LICK
205 0 5 6 1663635152 STIM_END_RESP_START
205 0 5 6 1663840356 LICK
205 0 5 6 1663840888 TIMEOUT_START
205 0 5 6 1664058684 LICK
205 0 5 6 1664059212 TIMEOUT_START
205 0 5 6 1664591920 LICK
205 0 5 6 1664592452 TIMEOUT_START
205 0 5 6 1664796248 LICK
205 0 5 6 1664796784 TIMEOUT_START
205 0 5 6 1664835176 RESP_END
205 0 5 6 1671797316 TIMEOUT_END
206 0 3 4 1673509940 STIM_START
206 0 3 4 1676785332 STIM_END_RESP_START
206 0 3 4 1677985348 RESP_END
207 1 1 10 1679697948 STIM_START
207 1 1 10 1682773324 STIM_END_RESP_START
207 1 1 10 1683973340 RESP_END
208 1 4 1 1685702900 STIM_START
208 1 4 1 1689228312 STIM_END_RESP_START
208 1 4 1 1690428360 RESP_END
209 1 1 10 1692128944 STIM_START
209 1 1 10 1694147820 LICK
209 1 1 10 1694292796 LICK
209 1 1 10 1694484000 LICK
209 1 1 10 1695204324 STIM_END_RESP_START
209 1 1 10 1695365700 LICK
209 1 1 10 1695366240 REWARD_START
209 1 1 10 1695747384 LICK
209 1 1 10 1695885428 LICK
209 1 1 10 1696404336 RESP_END
209 1 1 10 1695379312 REWARD_END
210 0 1 7 1698118912 STIM_START
210 0 1 7 1701194292 STIM_END_RESP_START
210 0 1 7 1702394308 RESP_END
211 0 4 7 1704120876 STIM_START
211 0 4 7 1707646288 STIM_END_RESP_START
211 0 4 7 1708846304 RESP_END
212 2 4 1 1710569912 STIM_START
212 2 4 1 1714095328 STIM_END_RESP_START
212 2 4 1 1715295340 RESP_END
213 0 3 10 1717014948 STIM_START
213 0 3 10 1719979916 LICK
213 0 3 10 1720290348 STIM_END_RESP_START
213 0 3 10 1721490396 RESP_END
214 0 1 4 1723200948 STIM_START
214 0 1 4 1723909452 LICK
214 0 1 4 1726276300 STIM_END_RESP_START
214 0 1 4 1727347700 LICK
214 0 1 4 1727348240 TIMEOUT_START
214 0 1 4 1727476332 RESP_END
214 0 1 4 1734348784 TIMEOUT_END
215 2 3 3 1737467260 STIM_START
215 2 3 3 1737593128 LICK
215 2 3 3 1740742636 STIM_END_RESP_START
215 2 3 3 1741942656 RESP_END
216 0 2 7 1743651268 STIM_START
216 0 2 7 1746776636 STIM_END_RESP_START
216 0 2 7 1747976652 RESP_END
217 0 1 7 1749675240 STIM_START
217 0 1 7 1750896900 LICK
217 0 1 7 1752750600 STIM_END_RESP_START
217 0 1 7 1753950620 RESP_END
218 1 1 10 1755653168 STIM_START
218 1 1 10 1758728544 STIM_END_RESP_START
218 1 1 10 1759928560 RESP_END
219 0 4 4 1761651164 STIM_START
219 0 4 4 1765176576 STIM_END_RESP_START
219 0 4 4 1766376592 RESP_END
220 1 3 6 1768084164 STIM_START
220 1 3 6 1771359548 STIM_END_RESP_START
220 1 3 6 1772559564 RESP_END
221 2 4 4 1774841280 STIM_START
221 2 4 4 1775389920 LICK
221 2 4 4 1775564784 LICK
221 2 4 4 1776394400 LICK
221 2 4 4 1778366696 STIM_END_RESP_START
221 2 4 4 1779566712 RESP_END
222 0 4 3 1781281268 STIM_START
222 0 4 3 1784806680 STIM_END_RESP_START
222 0 4 3 1786006696 RESP_END
223 1 2 10 1787710316 STIM_START
223 1 2 10 1790835688 STIM_END_RESP_START
223 1 2 10 1792035704 RESP_END
224 2 4 9 1793771336 STIM_START
224 2 4 9 1797296752 STIM_END_RESP_START
224 2 4 9 1797548024 LICK
224 2 4 9 1797548564 REWARD_START
224 2 4 9 1798017824 LICK
224 2 4 9 1798176484 LICK
224 2 4 9 1798496796 RESP_END
224 2 4 9 1797561644 REWARD_END
225 1 1 2 1800214352 STIM_START
225 1 1 2 1802066668 LICK
225 1 1 2 1802277360 LICK
225 1 1 2 1803289712 STIM_END_RESP_START
225 1 1 2 1803701304 LICK
225 1 1 2 1803701836 REWARD_START
225 1 1 2 1803807852 LICK
225 1 1 2 1803953240 LICK
225 1 1 2 1804099496 LICK
225 1 1 2 1804267928 LICK
225 1 1 2 1804489764 RESP_END
225 1 1 2 1803714912 REWARD_END
226 0 4 5 1806217324 STIM_START
226 0 4 5 1808837812 LICK
226 0 4 5 1809066768 LICK
226 0 4 5 1809245924 LICK
226 0 4 5 1809444816 LICK
226 0 4 5 1809742752 STIM_END_RESP_START
226 0 4 5 1809904852 LICK
226 0 4 5 1809905380 TIMEOUT_START
226 0 4 5 1810478944 LICK
226 0 4 5 1810479484 TIMEOUT_START
226 0 4 5 1810942796 RESP_END
226 0 4 5 1817480020 TIMEOUT_END
227 0 4 7 1819195436 STIM_START
227 0 4 7 1822517484 LICK
227 0 4 7 1822720840 STIM_END_RESP_START
227 0 4 7 1823920872 RESP_END
228 1 1 1 1825671456 STIM_START
228 1 1 1 1828746836 STIM_END_RESP_START
228 1 1 1 1829064892 LICK
228 1 1 1 1829065424 REWARD_START
228 1 1 1 1829410688 LICK
228 1 1 1 1829576224 LICK
228 1 1 1 1829708036 LICK
228 1 1 1 1829868164 LICK
228 1 1 1 1829946868 RESP_END
228 1 1 1 1829078504 REWARD_END
229 0 5 8 1831691440 STIM_START
229 0 5 8 1835716912 STIM_END_RESP_START
229 0 5 8 1836916928 RESP_END
230 1 5 8 1838659564 STIM_START
230 1 5 8 1842685044 STIM_END_RESP_START
230 1 5 8 1843101532 LICK
230 1 5 8 1843102076 REWARD_START
230 1 5 8 1843225836 LICK
230 1 5 8 1843537252 LICK
230 1 5 8 1843686656 LICK
230 1 5 8 1843885092 RESP_END
230 1 5 8 1843115156 REWARD_END
231 0 2 10 1845591652 STIM_START
231 0 2 10 1848717024 STIM_END_RESP_START
231 0 2 10 1849917036 RESP_END
232 2 4 6 1851634592 STIM_START
232 2 4 6 1855160008 STIM_END_RESP_START
232 2 4 6 1855701232 LICK
232 2 4 6 1855701764 REWARD_START
232 2 4 6 1855898188 LICK
232 2 4 6 1856044708 LICK
232 2 4 6 1856181140 LICK
232 2 4 6 1856348552 LICK
232 2 4 6 1856360048 RESP_END
232 2 4 6 1855714840 REWARD_END
233 0 4 6 1858079684 STIM_START
233 0 4 6 1861605108 STIM_END_RESP_START
233 0 4 6 1862805124 RESP_END
234 1 4 6 1864524684 STIM_START
234 1 4 6 1865872776 LICK
234 1 4 6 1866026340 LICK
234 1 4 6 1866236768 LICK
234 1 4 6 1866637424 LICK
234 1 4 6 1867577488 LICK
234 1 4 6 1868050120 STIM_END_RESP_START
234 1 4 6 1868420156 LICK
234 1 4 6 1868420688 REWARD_START
234 1 4 6 1868539596 LICK
234 1 4 6 1868713104 LICK
234 1 4 6 1868866340 LICK
234 1 4 6 1869039076 LICK
234 1 4 6 1869250136 RESP_END
234 1 4 6 1868433768 REWARD_END
235 1 3 1 1870972716 STIM_START
235 1 3 1 1874248100 STIM_END_RESP_START
235 1 3 1 1874558752 LICK
235 1 3 1 1874559292 REWARD_START
235 1 3 1 1874703684 LICK
235 1 3 1 1874868024 LICK
235 1 3 1 1875022856 LICK
235 1 3 1 1875157532 LICK
235 1 3 1 1875448128 RESP_END
235 1 3 1 1874572356 REWARD_END
236 1 2 3 1877153748 STIM_START
236 1 2 3 1880279124 STIM_END_RESP_START
236 1 2 3 1880709220 LICK
236 1 2 3 1880709752 REWARD_START
236 1 2 3 1880893468 LICK
236 1 2 3 1881048912 LICK
236 1 2 3 1881226380 LICK
236 1 2 3 1881479176 RESP_END
236 1 2 3 1880722832 REWARD_END
237 0 4 6 1883198732 STIM_START
237 0 4 6 1886724148 STIM_END_RESP_START
237 0 4 6 1886837600 LICK
237 0 4 6 1886838140 TIMEOUT_START
237 0 4 6 1886970260 LICK
237 0 4 6 1886970792 TIMEOUT_START
237 0 4 6 1887157672 LICK
237 0 4 6 1887158208 TIMEOUT_START
237 0 4 6 1887331912 LICK
237 0 4 6 1887332452 TIMEOUT_START
237 0 4 6 1887534260 LICK
237 0 4 6 1887534792 TIMEOUT_START
237 0 4 6 1887866560 LICK
237 0 4 6 1887867096 TIMEOUT_START
237 0 4 6 1887924184 RESP_END
237 0 4 6 1894867640 TIMEOUT_END
238 1 3 5 1896577880 STIM_START
238 1 3 5 1899853264 STIM_END_RESP_START
238 1 3 5 1900378452 LICK
238 1 3 5 1900378984 REWARD_START
238 1 3 5 1900570304 LICK
238 1 3 5 1900889208 LICK
238 1 3 5 1901017468 LICK
238 1 3 5 1901053292 RESP_END
238 1 3 5 1900392064 REWARD_END
239 0 2 2 1902916864 STIM_START
239 0 2 2 1904091540 LICK
239 0 2 2 1906042236 STIM_END_RESP_START
239 0 2 2 1907242252 RESP_END
240 0 3 3 1908956868 STIM_START
240 0 3 3 1912232252 STIM_END_RESP_START
240 0 3 3 1913432268 RESP_END
241 0 2 3 1915138836 STIM_START
241 0 2 3 1918264208 STIM_END_RESP_START
241 0 2 3 1919464224 RESP_END
242 2 3 9 1921188856 STIM_START
242 2 3 9 1924464240 STIM_END_RESP_START
242 2 3 9 1924971472 LICK
242 2 3 9 1924972012 REWARD_START
242 2 3 9 1925098408 LICK
242 2 3 9 1925512104 LICK
242 2 3 9 1925664268 RESP_END
242 2 3 9 1924985092 REWARD_END
243 0 4 10 1927405836 STIM_START
243 0 4 10 1930931252 STIM_END_RESP_START
243 0 4 10 1931657396 LICK
243 0 4 10 1931657928 TIMEOUT_START
243 0 4 10 1931791164 LICK
243 0 4 10 1931791704 TIMEOUT_START
243 0 4 10 1931997716 LICK
243 0 4 10 1931998256 TIMEOUT_START
243 0 4 10 1932131288 RESP_END
243 0 4 10 1938998800 TIMEOUT_END
244 1 1 3 1940712996 STIM_START
244 1 1 3 1943788376 STIM_END_RESP_START
244 1 1 3 1944988396 RESP_END
245 0 3 6 1946708968 STIM_START
245 0 3 6 1949984352 STIM_END_RESP_START
245 0 3 6 1951184368 RESP_END
246 1 4 7 1952904976 STIM_START
246 1 4 7 1956430392 STIM_END_RESP_START
246 1 4 7 1957630408 RESP_END
247 2 3 4 1959352980 STIM_START
247 2 3 4 1962628368 STIM_END_RESP_START
247 2 3 4 1963036836 LICK
247 2 3 4 1963037368 REWARD_START
247 2 3 4 1963157936 LICK
247 2 3 4 1963599104 LICK
247 2 3 4 1963751348 LICK
247 2 3 4 1963828416 RESP_END
247 2 3 4 1963050448 REWARD_END
248 1 5 3 1965575988 STIM_START
248 1 5 3 1969301332 LICK
248 1 5 3 1969538940 LICK
248 1 5 3 1969601476 STIM_END_RESP_START
248 1 5 3 1969843356 LICK
248 1 5 3 1969843888 REWARD_START
248 1 5 3 1969983564 LICK
248 1 5 3 1970144508 LICK
248 1 5 3 1970282464 LICK
248 1 5 3 1970435912 LICK
248 1 5 3 1970637772 LICK
248 1 5 3 1970801504 RESP_END
248 1 5 3 1969856968 REWARD_END
249 0 2 6 1972508060 STIM_START
249 0 2 6 1975633432 STIM_END_RESP_START
249 0 2 6 1976833448 RESP_END
250 1 5 3 1978581132 STIM_START
250 1 5 3 1982606604 STIM_END_RESP_START
250 1 5 3 1982930496 LICK
250 1 5 3 1982931036 REWARD_START
250 1 5 3 1983042768 LICK
250 1 5 3 1983362944 LICK
250 1 5 3 1983503064 LICK
250 1 5 3 1983806644 RESP_END
250 1 5 3 1982944108 REWARD_END
251 1 4 7 1985532204 STIM_START
251 1 4 7 1989057620 STIM_END_RESP_START
251 1 4 7 1989363516 LICK
251 1 4 7 1989364056 REWARD_START
251 1 4 7 1989508520 LICK
251 1 4 7 1989684720 LICK
251 1 4 7 1989819384 LICK
251 1 4 7 1989976876 LICK
251 1 4 7 1990257652 RESP_END
251 1 4 7 1989377132 REWARD_END
252 2 4 7 1991979196 STIM_START
252 2 4 7 1995504608 STIM_END_RESP_START
252 2 4 7 1996704624 RESP_END
253 0 3 6 1998411232 STIM_START
253 0 3 6 2001686616 STIM_END_RESP_START
253 0 3 6 2002886672 RESP_END
254 2 2 9 2004587288 STIM_START
254 2 2 9 2007712656 STIM_END_RESP_START
254 2 2 9 2008122388 LICK
254 2 2 9 2008122920 REWARD_START
254 2 2 9 2008299848 LICK
254 2 2 9 2008476608 LICK
254 2 2 9 2008662936 LICK
254 2 2 9 2008912688 RESP_END
254 2 2 9 2008136000 REWARD_END
255 1 2 3 2010623244 STIM_START
255 1 2 3 2013748620 STIM_END_RESP_START
255 1 2 3 2014176220 LICK
255 1 2 3 2014176760 REWARD_START
255 1 2 3 2014267176 LICK
255 1 2 3 2014578436 LICK
255 1 2 3 2014720676 LICK
255 1 2 3 2014948636 RESP_END
255 1 2 3 2014189840 REWARD_END
256 1 4 10 2016682236 STIM_START
256 1 4 10 2020207652 STIM_END_RESP_START
256 1 4 10 2020565304 LICK
256 1 4 10 2020565836 REWARD_START
256 1 4 10 2020749664 LICK
256 1 4 10 2020923824 LICK
256 1 4 10 2021092416 LICK
256 1 4 10 2021252656 LICK
256 1 4 10 2021407692 RESP_END
256 1 4 10 2020578912 REWARD_END
257 0 2 9 2023122256 STIM_START
257 0 2 9 2026247628 STIM_END_RESP_START
257 0 2 9 2026858772 LICK
257 0 2 9 2026859308 TIMEOUT_START
257 0 2 9 2027048844 LICK
257 0 2 9 2027049380 TIMEOUT_START
257 0 2 9 2027447640 RESP_END
257 0 2 9 2034049920 TIMEOUT_END
258 0 1 7 2035754296 STIM_START
258 0 1 7 2038829676 STIM_END_RESP_START
258 0 1 7 2040029692 RESP_END
259 0 3 10 2043347516 STIM_START
259 0 3 10 2046622904 STIM_END_RESP_START
259 0 3 10 2047822920 RESP_END
260 2 4 6 2049539516 STIM_START
260 2 4 6 2053064928 STIM_END_RESP_START
260 2 4 6 2054264944 RESP_END
261 0 4 4 2055986564 STIM_START
261 0 4 4 2059511980 STIM_END_RESP_START
261 0 4 4 2060711996 RESP_END
262 1 2 4 2062425556 STIM_START
262 1 2 4 2065550928 STIM_END_RESP_START
262 1 2 4 2066003352 LICK
262 1 2 4 2066003884 REWARD_START
262 1 2 4 2066199068 LICK
262 1 2 4 2066355796 LICK
262 1 2 4 2066492716 LICK
262 1 2 4 2066750948 RESP_END
262 1 2 4 2066016960 REWARD_END
263 0 3 7 2068456556 STIM_START
263 0 3 7 2071731936 STIM_END_RESP_START
263 0 3 7 2071806236 LICK
263 0 3 7 2071806768 TIMEOUT_START
263 0 3 7 2071944668 LICK
263 0 3 7 2071945200 TIMEOUT_START
263 0 3 7 2072143728 LICK
263 0 3 7 2072144268 TIMEOUT_START
263 0 3 7 2072350088 LICK
263 0 3 7 2072350620 TIMEOUT_START
263 0 3 7 2072931960 RESP_END
263 0 3 7 2079351168 TIMEOUT_END
264 0 2 2 2081053608 STIM_START
264 0 2 2 2084178984 STIM_END_RESP_START
264 0 2 2 2085379032 RESP_END
265 1 4 10 2087110584 STIM_START
265 1 4 10 2090405716 LICK
265 1 4 10 2090636000 STIM_END_RESP_START
265 1 4 10 2090650184 LICK
265 1 4 10 2090650724 REWARD_START
265 1 4 10 2090795356 LICK
265 1 4 10 2090964640 LICK
265 1 4 10 2091113704 LICK
265 1 4 10 2091275708 LICK
265 1 4 10 2091836048 RESP_END
265 1 4 10 2090663792 REWARD_END
266 1 2 7 2093552572 STIM_START
266 1 2 7 2096677948 STIM_END_RESP_START
266 1 2 7 2097069496 LICK
266 1 2 7 2097070032 REWARD_START
266 1 2 7 2097234368 LICK
266 1 2 7 2097402376 LICK
266 1 2 7 2097551440 LICK
266 1 2 7 2097715684 LICK
266 1 2 7 2097877976 RESP_END
266 1 2 7 2097083112 REWARD_END
267 2 3 1 2099586572 STIM_START
267 2 3 1 2102861956 STIM_END_RESP_START
267 2 3 1 2103236868 LICK
267 2 3 1 2103237400 REWARD_START
267 2 3 1 2103360020 LICK
267 2 3 1 2103544948 LICK
267 2 3 1 2103668480 LICK
267 2 3 1 2104062000 RESP_END
267 2 3 1 2103250476 REWARD_END
268 0 2 1 2105776588 STIM_START
268 0 2 1 2108901952 STIM_END_RESP_START
268 0 2 1 2110101972 RESP_END
269 0 3 2 2114447992 STIM_START
269 0 3 2 2117723376 STIM_END_RESP_START
269 0 3 2 2118923392 RESP_END
270 0 4 8 2120645960 STIM_START
270 0 4 8 2124171376 STIM_END_RESP_START
270 0 4 8 2125371428 RESP_END
271 1 2 4 2127083028 STIM_START
271 1 2 4 2130208400 STIM_END_RESP_START
271 1 2 4 2130618984 LICK
271 1 2 4 2130619520 REWARD_START
271 1 2 4 2130952132 LICK
271 1 2 4 2131083288 LICK
271 1 2 4 2131244720 LICK
271 1 2 4 2131408444 RESP_END
271 1 2 4 2130632592 REWARD_END
272 2 1 1 2133105980 STIM_START
272 2 1 1 2136181360 STIM_END_RESP_START
272 2 1 1 2137124716 LICK
272 2 1 1 2137125256 REWARD_START
272 2 1 1 2137310452 LICK
272 2 1 1 2137381376 RESP_END
272 2 1 1 2137138316 REWARD_END
273 1 1 8 2139555968 STIM_START
273 1 1 8 2142631316 STIM_END_RESP_START
273 1 1 8 2143102496 LICK
273 1 1 8 2143103036 REWARD_START
273 1 1 8 2143214188 LICK
273 1 1 8 2143388768 LICK
273 1 1 8 2143548348 LICK
273 1 1 8 2143692700 LICK
273 1 1 8 2143831340 RESP_END
273 1 1 8 2143116108 REWARD_END
274 0 3 10 2145551984 STIM_START
274 0 3 10 2148827372 STIM_END_RESP_START
274 0 3 10 2150027384 RESP_END
275 2 3 1 2151740972 STIM_START
275 2 3 1 2155016356 STIM_END_RESP_START
275 2 3 1 2156216372 RESP_END
276 1 2 9 2157923952 STIM_START
276 1 2 9 2161049324 STIM_END_RESP_START
276 1 2 9 2161438496 LICK
276 1 2 9 2161439036 REWARD_START
276 1 2 9 2161563372 LICK
276 1 2 9 2161703968 LICK
276 1 2 9 2161862724 LICK
276 1 2 9 2162018044 LICK
276 1 2 9 2162249344 RESP_END
276 1 2 9 2161452096 REWARD_END
277 1 4 8 2163983956 STIM_START
277 1 4 8 2167509368 STIM_END_RESP_START
277 1 4 8 2167959216 LICK
277 1 4 8 2167959756 REWARD_START
277 1 4 8 2168048716 LICK
277 1 4 8 2168174488 LICK
277 1 4 8 2168317328 LICK
277 1 4 8 2168471680 LICK
277 1 4 8 2168620064 LICK
277 1 4 8 2168709396 RESP_END
277 1 4 8 2167972828 REWARD_END
278 0 2 6 2170427036 STIM_START
278 0 2 6 2173552408 STIM_END_RESP_START
278 0 2 6 2174752424 RESP_END
279 0 3 4 2176951992 STIM_START
279 0 3 4 2180227376 STIM_END_RESP_START
279 0 3 4 2181427392 RESP_END
280 0 2 5 2183135008 STIM_START
280 0 2 5 2186260376 STIM_END_RESP_START
280 0 2 5 2187460392 RESP_END
281 2 1 5 2189161020 STIM_START
281 2 1 5 2192236396 STIM_END_RESP_START
281 2 1 5 2193436412 RESP_END
282 0 5 1 2195175960 STIM_START
282 0 5 1 2199201436 STIM_END_RESP_START
282 0 5 1 2200401452 RESP_END
283 1 2 9 2202108108 STIM_START
283 1 2 9 2205233480 STIM_END_RESP_START
283 1 2 9 2205663804 LICK
283 1 2 9 2205664344 REWARD_START
283 1 2 9 2205874620 LICK
283 1 2 9 2206018264 LICK
283 1 2 9 2206179384 LICK
283 1 2 9 2206329816 LICK
283 1 2 9 2206433512 RESP_END
283 1 2 9 2205677416 REWARD_END
284 1 5 10 2208175044 STIM_START
284 1 5 10 2212064884 LICK
284 1 5 10 2212200508 STIM_END_RESP_START
284 1 5 10 2212407868 LICK
284 1 5 10 2212408408 REWARD_START
284 1 5 10 2212557056 LICK
284 1 5 10 2212698256 LICK
284 1 5 10 2212849216 LICK
284 1 5 10 2212995224 LICK
284 1 5 10 2213400548 RESP_END
284 1 5 10 2212421476 REWARD_END
285 1 1 10 2215110188 STIM_START
285 1 1 10 2218185568 STIM_END_RESP_START
285 1 1 10 2218731092 LICK
285 1 1 10 2218731632 REWARD_START
285 1 1 10 2218854320 LICK
285 1 1 10 2219025924 LICK
285 1 1 10 2219209676 LICK
285 1 1 10 2219385588 RESP_END
285 1 1 10 2218744704 REWARD_END
286 0 2 1 2221091172 STIM_START
286 0 2 1 2224216548 STIM_END_RESP_START
286 0 2 1 2225416560 RESP_END
287 0 2 4 2227131116 STIM_START
287 0 2 4 2230256488 STIM_END_RESP_START
287 0 2 4 2231456504 RESP_END
288 0 2 8 2233155068 STIM_START
288 0 2 8 2236280440 STIM_END_RESP_START
288 0 2 8 2237480456 RESP_END
289 1 5 5 2239233064 STIM_START
289 1 5 5 2243258540 STIM_END_RESP_START
289 1 5 5 2243657196 LICK
289 1 5 5 2243657736 REWARD_START
289 1 5 5 2243869000 LICK
289 1 5 5 2244015768 LICK
289 1 5 5 2244161572 LICK
289 1 5 5 2244458576 RESP_END
289 1 5 5 2243670804 REWARD_END
290 1 1 1 2246169152 STIM_START
290 1 1 1 2249244532 STIM_END_RESP_START
290 1 1 1 2249465352 LICK
290 1 1 1 2249465892 REWARD_START
290 1 1 1 2249650932 LICK
290 1 1 1 2249806532 LICK
290 1 1 1 2249979516 LICK
290 1 1 1 2250117244 LICK
290 1 1 1 2250444560 RESP_END
290 1 1 1 2249478964 REWARD_END
291 0 5 4 2252194188 STIM_START
291 0 5 4 2256219660 STIM_END_RESP_START
291 0 5 4 2257419676 RESP_END
292 1 5 3 2259162296 STIM_START
292 1 5 3 2263187768 STIM_END_RESP_START
292 1 5 3 2263609052 LICK
292 1 5 3 2263609592 REWARD_START
292 1 5 3 2263795732 LICK
292 1 5 3 2263966072 LICK
292 1 5 3 2264102280 LICK
292 1 5 3 2264262952 LICK
292 1 5 3 2264387796 RESP_END
292 1 5 3 2263622672 REWARD_END
293 2 2 10 2266095392 STIM_START
293 2 2 10 2269220764 STIM_END_RESP_START
293 2 2 10 2270420776 RESP_END
294 1 1 10 2272117360 STIM_START
294 1 1 10 2275192740 STIM_END_RESP_START
294 1 1 10 2276392760 RESP_END
295 0 3 8 2278109332 STIM_START
295 0 3 8 2279273920 LICK
295 0 3 8 2279486912 LICK
295 0 3 8 2279986668 LICK
295 0 3 8 2281384708 STIM_END_RESP_START
295 0 3 8 2281886684 LICK
295 0 3 8 2281887220 TIMEOUT_START
295 0 3 8 2282584756 RESP_END
295 0 3 8 2288887764 TIMEOUT_END
296 1 3 7 2290599408 STIM_START
296 1 3 7 2293874796 STIM_END_RESP_START
296 1 3 7 2295074848 RESP_END
297 1 1 3 2296788352 STIM_START
297 1 1 3 2299863732 STIM_END_RESP_START
297 1 1 3 2300512560 LICK
297 1 1 3 2300513092 REWARD_START
297 1 1 3 2301063748 RESP_END
297 1 1 3 2300526172 REWARD_END
298 0 5 7 2302813332 STIM_START
298 0 5 7 2303910216 LICK
298 0 5 7 2306838812 STIM_END_RESP_START
298 0 5 7 2306842940 LICK
298 0 5 7 2306843480 TIMEOUT_START
298 0 5 7 2308038856 RESP_END
298 0 5 7 2313844024 TIMEOUT_END
299 0 3 7 2317898764 STIM_START
299 0 3 7 2317907080 LICK
299 0 3 7 2318692080 LICK
299 0 3 7 2319006356 LICK
299 0 3 7 2319278472 LICK
299 0 3 7 2321174144 STIM_END_RESP_START
299 0 3 7 2322374164 RESP_END
300 2 3 10 2324687864 STIM_START
300 2 3 10 2327963252 STIM_END_RESP_START
300 2 3 10 2328721180 LICK
300 2 3 10 2328721720 REWARD_START
300 2 3 10 2329163276 RESP_END
300 2 3 10 2328734780 REWARD_END
301 1 4 3 2330894852 STIM_START
301 1 4 3 2334420268 STIM_END_RESP_START
301 1 4 3 2335285176 LICK
301 1 4 3 2335285712 REWARD_START
301 1 4 3 2335574052 LICK
301 1 4 3 2335620300 RESP_END
301 1 4 3 2335298776 REWARD_END
302 1 4 4 2338669104 STIM_START
302 1 4 4 2339296788 LICK
302 1 4 4 2339769620 LICK
302 1 4 4 2340582688 LICK
302 1 4 4 2341278648 LICK
302 1 4 4 2342040644 LICK
302 1 4 4 2342194512 STIM_END_RESP_START
302 1 4 4 2342461560 LICK
302 1 4 4 2342462092 REWARD_START
302 1 4 4 2342646708 LICK
302 1 4 4 2342821548 LICK
302 1 4 4 2342996376 LICK
302 1 4 4 2343163256 LICK
302 1 4 4 2343394540 RESP_END
302 1 4 4 2342475168 REWARD_END
303 0 2 10 2345101164 STIM_START
303 0 2 10 2348226536 STIM_END_RESP_START
303 0 2 10 2349069360 LICK
303 0 2 10 2349069892 TIMEOUT_START
303 0 2 10 2349261556 LICK
303 0 2 10 2349262092 TIMEOUT_START
303 0 2 10 2349426584 RESP_END
303 0 2 10 2356262636 TIMEOUT_END
304 1 4 10 2357982240 STIM_START
304 1 4 10 2361507652 STIM_END_RESP_START
304 1 4 10 2361774584 LICK
304 1 4 10 2361775120 REWARD_START
304 1 4 10 2361894996 LICK
304 1 4 10 2362049204 LICK
304 1 4 10 2362196188 LICK
304 1 4 10 2362365832 LICK
304 1 4 10 2362534680 LICK
304 1 4 10 2362707680 RESP_END
304 1 4 10 2361788192 REWARD_END
305 0 2 1 2364415244 STIM_START
305 0 2 1 2367540616 STIM_END_RESP_START
305 0 2 1 2368740632 RESP_END
306 0 3 10 2371523356 STIM_START
306 0 3 10 2374798740 STIM_END_RESP_START
306 0 3 10 2375998756 RESP_END
307 2 4 9 2377730404 STIM_START
307 2 4 9 2381255816 STIM_END_RESP_START
307 2 4 9 2382455872 RESP_END
308 2 4 1 2384186472 STIM_START
308 2 4 1 2387711880 STIM_END_RESP_START
308 2 4 1 2388911900 RESP_END
309 0 5 7 2390652472 STIM_START
309 0 5 7 2394677944 STIM_END_RESP_START
309 0 5 7 2395877964 RESP_END
310 0 4 6 2397604560 STIM_START
310 0 4 6 2401129976 STIM_END_RESP_START
310 0 4 6 2402329992 RESP_END
311 0 2 2 2404037648 STIM_START
311 0 2 2 2407163020 STIM_END_RESP_START
311 0 2 2 2408363076 RESP_END
312 1 3 1 2410088636 STIM_START
312 1 3 1 2413364016 STIM_END_RESP_START
312 1 3 1 2413766144 LICK
312 1 3 1 2413766684 REWARD_START
312 1 3 1 2414084508 LICK
312 1 3 1 2414249568 LICK
312 1 3 1 2414397076 LICK
312 1 3 1 2414564052 RESP_END
312 1 3 1 2413779752 REWARD_END
313 1 3 3 2416308620 STIM_START
313 1 3 3 2419584012 STIM_END_RESP_START
313 1 3 3 2419812520 LICK
313 1 3 3 2419813052 REWARD_START
313 1 3 3 2419915256 LICK
313 1 3 3 2420046268 LICK
313 1 3 3 2420193688 LICK
313 1 3 3 2420316204 LICK
313 1 3 3 2420477000 LICK
313 1 3 3 2420784036 RESP_END
313 1 3 3 2419826132 REWARD_END
314 1 5 2 2422533624 STIM_START
314 1 5 2 2426559100 STIM_END_RESP_START
314 1 5 2 2426874272 LICK
314 1 5 2 2426874808 REWARD_START
314 1 5 2 2426976812 LICK
314 1 5 2 2427174680 LICK
314 1 5 2 2427308888 LICK
314 1 5 2 2427457168 LICK
314 1 5 2 2427624716 LICK
314 1 5 2 2427759152 RESP_END
314 1 5 2 2426887888 REWARD_END
315 0 3 10 2429482708 STIM_START
315 0 3 10 2432758092 STIM_END_RESP_START
315 0 3 10 2433958108 RESP_END
316 1 5 1 2437102968 STIM_START
316 1 5 1 2441128444 STIM_END_RESP_START
316 1 5 1 2441484948 LICK
316 1 5 1 2441485484 REWARD_START
316 1 5 1 2441662708 LICK
316 1 5 1 2441842296 LICK
316 1 5 1 2442007344 LICK
316 1 5 1 2442162948 LICK
316 1 5 1 2442328484 RESP_END
316 1 5 1 2441498556 REWARD_END
317 0 1 7 2444034088 STIM_START
317 0 1 7 2447109432 STIM_END_RESP_START
317 0 1 7 2448309448 RESP_END
318 1 2 10 2450022060 STIM_START
318 1 2 10 2453147432 STIM_END_RESP_START
318 1 2 10 2453435240 LICK
318 1 2 10 2453435780 REWARD_START
318 1 2 10 2453601728 LICK
318 1 2 10 2453784432 LICK
318 1 2 10 2453929956 LICK
318 1 2 10 2454098244 LICK
318 1 2 10 2454347484 RESP_END
318 1 2 10 2453448864 REWARD_END
319 0 3 9 2456072024 STIM_START
319 0 3 9 2459347412 STIM_END_RESP_START
319 0 3 9 2460547428 RESP_END
320 0 3 6 2462262024 STIM_START
320 0 3 6 2465537408 STIM_END_RESP_START
320 0 3 6 2466737420 RESP_END
321 2 1 6 2468444044 STIM_START
321 2 1 6 2471519428 STIM_END_RESP_START
321 2 1 6 2472016108 LICK
321 2 1 6 2472016640 REWARD_START
321 2 1 6 2472216388 LICK
321 2 1 6 2472343240 LICK
321 2 1 6 2472505192 LICK
321 2 1 6 2472688044 LICK
321 2 1 6 2472719468 RESP_END
321 2 1 6 2472029716 REWARD_END
322 1 1 6 2474427996 STIM_START
322 1 1 6 2477503376 STIM_END_RESP_START
322 1 1 6 2477908060 LICK
322 1 1 6 2477908596 REWARD_START
322 1 1 6 2478091884 LICK
322 1 1 6 2478264224 LICK
322 1 1 6 2478406196 LICK
322 1 1 6 2478584528 LICK
322 1 1 6 2478703392 RESP_END
322 1 1 6 2477921676 REWARD_END
323 1 3 5 2480416908 STIM_START
323 1 3 5 2483692284 STIM_END_RESP_START
323 1 3 5 2483989588 LICK
323 1 3 5 2483990124 REWARD_START
323 1 3 5 2484137028 LICK
323 1 3 5 2484310952 LICK
323 1 3 5 2484464100 LICK
323 1 3 5 2484619420 LICK
323 1 3 5 2484793240 LICK
323 1 3 5 2484892312 RESP_END
323 1 3 5 2484003200 REWARD_END
324 0 5 5 2486641044 STIM_START
324 0 5 5 2490666516 STIM_END_RESP_START
324 0 5 5 2491866532 RESP_END
325 2 5 10 2493607068 STIM_START
325 2 5 10 2497632540 STIM_END_RESP_START
325 2 5 10 2498832556 RESP_END
326 2 1 8 2500551236 STIM_START
326 2 1 8 2503626616 STIM_END_RESP_START
326 2 1 8 2504826636 RESP_END
327 2 1 1 2506538144 STIM_START
327 2 1 1 2509613524 STIM_END_RESP_START
327 2 1 1 2510813544 RESP_END
328 0 4 6 2512535132 STIM_START
328 0 4 6 2516060548 STIM_END_RESP_START
328 0 4 6 2517260568 RESP_END
329 0 4 4 2518975164 STIM_START
329 0 4 4 2522500584 STIM_END_RESP_START
329 0 4 4 2523700600 RESP_END
330 0 2 9 2525412236 STIM_START
330 0 2 9 2528537612 STIM_END_RESP_START
330 0 2 9 2529737620 RESP_END
331 1 1 3 2531437136 STIM_START
331 1 1 3 2534512512 STIM_END_RESP_START
331 1 1 3 2534927164 LICK
331 1 1 3 2534927708 REWARD_START
331 1 1 3 2535294828 LICK
331 1 1 3 2535428952 LICK
331 1 1 3 2535594588 LICK
331 1 1 3 2535712556 RESP_END
331 1 1 3 2534940788 REWARD_END
332 0 5 6 2537462152 STIM_START
332 0 5 6 2539656364 LICK
332 0 5 6 2539878108 LICK
332 0 5 6 2540031456 LICK
332 0 5 6 2540395540 LICK
332 0 5 6 2540948500 LICK
332 0 5 6 2541482632 LICK
332 0 5 6 2541487628 STIM_END_RESP_START
332 0 5 6 2542687652 RESP_END
333 2 4 3 2546133548 STIM_START
333 2 4 3 2549658964 STIM_END_RESP_START
333 2 4 3 2550858980 RESP_END
334 1 3 5 2552570560 STIM_START
334 1 3 5 2555845944 STIM_END_RESP_START
334 1 3 5 2556556376 LICK
334 1 3 5 2556556912 REWARD_START
334 1 3 5 2556742792 LICK
334 1 3 5 2556931812 LICK
334 1 3 5 2557045984 RESP_END
334 1 3 5 2556569992 REWARD_END
335 1 4 10 2559134592 STIM_START
335 1 4 10 2561417472 LICK
335 1 4 10 2561633408 LICK
335 1 4 10 2561888492 LICK
335 1 4 10 2562223060 LICK
335 1 4 10 2562625704 LICK
335 1 4 10 2562660008 STIM_END_RESP_START
335 1 4 10 2563289104 LICK
335 1 4 10 2563289636 REWARD_START
335 1 4 10 2563427716 LICK
335 1 4 10 2563625248 LICK
335 1 4 10 2563786688 LICK
335 1 4 10 2563860048 RESP_END
335 1 4 10 2563302712 REWARD_END
336 0 1 10 2565829772 STIM_START
336 0 1 10 2568905148 STIM_END_RESP_START
336 0 1 10 2570105168 RESP_END
337 0 1 9 2571814660 STIM_START
337 0 1 9 2574890044 STIM_END_RESP_START
337 0 1 9 2576090092 RESP_END
338 0 4 2 2577815624 STIM_START
338 0 4 2 2581341032 STIM_END_RESP_START
338 0 4 2 2582541048 RESP_END
339 1 2 4 2584248652 STIM_START
339 1 2 4 2587374024 STIM_END_RESP_START
339 1 2 4 2587762652 LICK
339 1 2 4 2587763192 REWARD_START
339 1 2 4 2587963440 LICK
339 1 2 4 2588093500 LICK
339 1 2 4 2588251308 LICK
339 1 2 4 2588394084 LICK
339 1 2 4 2588574064 RESP_END
339 1 2 4 2587776272 REWARD_END
340 1 2 8 2590273620 STIM_START
340 1 2 8 2593398992 STIM_END_RESP_START
340 1 2 8 2593660092 LICK
340 1 2 8 2593660624 REWARD_START
340 1 2 8 2593787420 LICK
340 1 2 8 2593969512 LICK
340 1 2 8 2594095944 LICK
340 1 2 8 2594258948 LICK
340 1 2 8 2594599020 RESP_END
340 1 2 8 2593673704 REWARD_END
341 0 3 7 2596308660 STIM_START
341 0 3 7 2599584068 STIM_END_RESP_START
341 0 3 7 2599592064 LICK
341 0 3 7 2599592604 TIMEOUT_START
341 0 3 7 2599718140 LICK
341 0 3 7 2599718672 TIMEOUT_START
341 0 3 7 2599941548 LICK
341 0 3 7 2599942080 TIMEOUT_START
341 0 3 7 2600418444 LICK
341 0 3 7 2600418980 TIMEOUT_START
341 0 3 7 2600784084 RESP_END
341 0 3 7 2607419524 TIMEOUT_END
342 0 5 3 2609163688 STIM_START
342 0 5 3 2611662192 LICK
342 0 5 3 2611929844 LICK
342 0 5 3 2613189164 STIM_END_RESP_START
342 0 5 3 2614389180 RESP_END
343 0 1 6 2616098804 STIM_START
343 0 1 6 2619174152 STIM_END_RESP_START
343 0 1 6 2620374172 RESP_END
344 2 1 3 2622083776 STIM_START
344 2 1 3 2625159152 STIM_END_RESP_START
344 2 1 3 2626359168 RESP_END
345 0 2 6 2628070792 STIM_START
345 0 2 6 2631196164 STIM_END_RESP_START
345 0 2 6 2632396180 RESP_END
346 1 4 5 2634129684 STIM_START
346 1 4 5 2637655096 STIM_END_RESP_START
346 1 4 5 2638052280 LICK
346 1 4 5 2638052820 REWARD_START
346 1 4 5 2638281908 LICK
346 1 4 5 2638416876 LICK
346 1 4 5 2638571856 LICK
346 1 4 5 2638855132 RESP_END
346 1 4 5 2638065880 REWARD_END
347 2 4 10 2640588792 STIM_START
347 2 4 10 2644114208 STIM_END_RESP_START
347 2 4 10 2644203016 LICK
347 2 4 10 2644203556 REWARD_START
347 2 4 10 2644417888 LICK
347 2 4 10 2644564136 LICK
347 2 4 10 2644709556 LICK
347 2 4 10 2644873720 LICK
347 2 4 10 2645058792 LICK
347 2 4 10 2645293324 LICK
347 2 4 10 2645314244 RESP_END
347 2 4 10 2644216624 REWARD_END
348 1 5 1 2648196996 STIM_START
348 1 5 1 2652222476 STIM_END_RESP_START
348 1 5 1 2653422484 RESP_END
349 0 4 10 2655154100 STIM_START
349 0 4 10 2658679516 STIM_END_RESP_START
349 0 4 10 2659879532 RESP_END
350 1 2 10 2661588160 STIM_START
350 1 2 10 2664713532 STIM_END_RESP_START
350 1 2 10 2665116204 LICK
350 1 2 10 2665116740 REWARD_START
350 1 2 10 2665256888 LICK
350 1 2 10 2665499684 LICK
350 1 2 10 2665646836 LICK
350 1 2 10 2665913564 RESP_END
350 1 2 10 2665129812 REWARD_END
351 0 1 10 2667620084 STIM_START
351 0 1 10 2670695472 STIM_END_RESP_START
351 0 1 10 2671895520 RESP_END
352 1 1 5 2673607092 STIM_START
352 1 1 5 2676682472 STIM_END_RESP_START
352 1 1 5 2676978204 LICK
352 1 1 5 2676978744 REWARD_START
352 1 1 5 2677116152 LICK
352 1 1 5 2677266240 LICK
352 1 1 5 2677417944 LICK
352 1 1 5 2677596324 LICK
352 1 1 5 2677882516 RESP_END
352 1 1 5 2676991816 REWARD_END
353 2 1 4 2679596064 STIM_START
353 2 1 4 2682671444 STIM_END_RESP_START
353 2 1 4 2683871460 RESP_END
354 0 4 6 2685597032 STIM_START
354 0 4 6 2689122444 STIM_END_RESP_START
354 0 4 6 2690322496 RESP_END
355 0 1 4 2692024060 STIM_START
355 0 1 4 2695099444 STIM_END_RESP_START
355 0 1 4 2696299492 RESP_END
356 0 1 1 2698005044 STIM_START
356 0 1 1 2701080420 STIM_END_RESP_START
356 0 1 1 2702280436 RESP_END
357 2 1 1 2703989028 STIM_START
357 2 1 1 2707064408 STIM_END_RESP_START
357 2 1 1 2708264424 RESP_END
358 1 4 8 2709992992 STIM_START
358 1 4 8 2713518408 STIM_END_RESP_START
358 1 4 8 2714718424 RESP_END
359 1 1 1 2716423068 STIM_START
359 1 1 1 2719498452 STIM_END_RESP_START
359 1 1 1 2720031188 LICK
359 1 1 1 2720031720 REWARD_START
359 1 1 1 2720172376 LICK
359 1 1 1 2720355388 LICK
359 1 1 1 2720498272 LICK
359 1 1 1 2720698488 RESP_END
359 1 1 1 2720044796 REWARD_END
360 0 5 3 2722449960 STIM_START
360 0 5 3 2726475428 STIM_END_RESP_START
360 0 5 3 2727675444 RESP_END
361 2 5 10 2729413108 STIM_START
361 2 5 10 2733438580 STIM_END_RESP_START
361 2 5 10 2734638600 RESP_END
362 1 2 4 2736345224 STIM_START
362 1 2 4 2739470596 STIM_END_RESP_START
362 1 2 4 2739916732 LICK
362 1 2 4 2739917272 REWARD_START
362 1 2 4 2740118636 LICK
362 1 2 4 2740274268 LICK
362 1 2 4 2740439060 LICK
362 1 2 4 2740670636 RESP_END
362 1 2 4 2739930332 REWARD_END
363 1 4 2 2742397196 STIM_START
363 1 4 2 2745922612 STIM_END_RESP_START
363 1 4 2 2746328848 LICK
363 1 4 2 2746329384 REWARD_START
363 1 4 2 2746519300 LICK
363 1 4 2 2746676012 LICK
363 1 4 2 2746832352 LICK
363 1 4 2 2747122648 RESP_END
363 1 4 2 2746342464 REWARD_END
364 0 1 8 2748836212 STIM_START
364 0 1 8 2751911588 STIM_END_RESP_START
364 0 1 8 2753111608 RESP_END
365 0 1 5 2754820172 STIM_START
365 0 1 5 2757895548 STIM_END_RESP_START
365 0 1 5 2759095564 RESP_END
366 2 4 7 2760822124 STIM_START
366 2 4 7 2764347536 STIM_END_RESP_START
366 2 4 7 2765547592 RESP_END
367 2 4 9 2767268180 STIM_START
367 2 4 9 2770793596 STIM_END_RESP_START
367 2 4 9 2771993612 RESP_END
368 1 2 5 2773697256 STIM_START
368 1 2 5 2776822628 STIM_END_RESP_START
368 1 2 5 2777338960 LICK
368 1 2 5 2777339496 REWARD_START
368 1 2 5 2777558444 LICK
368 1 2 5 2777683332 LICK
368 1 2 5 2777846340 LICK
368 1 2 5 2778022644 RESP_END
368 1 2 5 2777352576 REWARD_END
369 0 5 1 2779761236 STIM_START
369 0 5 1 2783786712 STIM_END_RESP_START
369 0 5 1 2784986728 RESP_END
370 0 1 2 2786690440 STIM_START
370 0 1 2 2789765820 STIM_END_RESP_START
370 0 1 2 2790965836 RESP_END
371 1 5 3 2792714276 STIM_START
371 1 5 3 2796739752 STIM_END_RESP_START
371 1 5 3 2797194156 LICK
371 1 5 3 2797194700 REWARD_START
371 1 5 3 2797373428 LICK
371 1 5 3 2797516792 LICK
371 1 5 3 2797687492 LICK
371 1 5 3 2797939784 RESP_END
371 1 5 3 2797207760 REWARD_END
372 2 2 7 2799650384 STIM_START
372 2 2 7 2802775760 STIM_END_RESP_START
372 2 2 7 2803975776 RESP_END
373 0 4 9 2806364488 STIM_START
373 0 4 9 2809889900 STIM_END_RESP_START
373 0 4 9 2811089952 RESP_END
374 0 3 7 2812801584 STIM_START
374 0 3 7 2816076968 STIM_END_RESP_START
374 0 3 7 2817276984 RESP_END
375 0 5 10 2819011576 STIM_START
375 0 5 10 2823037056 STIM_END_RESP_START
375 0 5 10 2824237112 RESP_END
376 1 1 1 2825943692 STIM_START
376 1 1 1 2829019068 STIM_END_RESP_START
376 1 1 1 2829591628 LICK
376 1 1 1 2829592160 REWARD_START
376 1 1 1 2829761728 LICK
376 1 1 1 2830052840 LICK
376 1 1 1 2830219096 RESP_END
376 1 1 1 2829605240 REWARD_END
377 2 3 5 2832114704 STIM_START
377 2 3 5 2835390084 STIM_END_RESP_START
377 2 3 5 2836590100 RESP_END
378 0 3 3 2838306624 STIM_START
378 0 3 3 2841582008 STIM_END_RESP_START
378 0 3 3 2842782028 RESP_END
379 1 1 4 2844483660 STIM_START
379 1 1 4 2847559040 STIM_END_RESP_START
379 1 1 4 2847943608 LICK
379 1 1 4 2847944148 REWARD_START
379 1 1 4 2848105704 LICK
379 1 1 4 2848413972 LICK
379 1 1 4 2848571628 LICK
379 1 1 4 2848728028 LICK
379 1 1 4 2848759076 RESP_END
379 1 1 4 2847957228 REWARD_END
380 2 2 10 2850468640 STIM_START
380 2 2 10 2853594012 STIM_END_RESP_START
380 2 2 10 2854794028 RESP_END
381 0 1 9 2856506576 STIM_START
381 0 1 9 2859581956 STIM_END_RESP_START
381 0 1 9 2860781972 RESP_END
382 0 1 5 2862490580 STIM_START
382 0 1 5 2865565924 STIM_END_RESP_START
382 0 1 5 2866765944 RESP_END
383 1 5 4 2868519512 STIM_START
383 1 5 4 2872544984 STIM_END_RESP_START
383 1 5 4 2873745000 RESP_END
384 2 1 9 2875447628 STIM_START
384 2 1 9 2878523008 STIM_END_RESP_START
384 2 1 9 2879723024 RESP_END
385 1 2 6 2881433588 STIM_START
385 1 2 6 2884558968 STIM_END_RESP_START
385 1 2 6 2885759020 RESP_END
386 0 1 10 2887472608 STIM_START
386 0 1 10 2890547988 STIM_END_RESP_START
386 0 1 10 2891748004 RESP_END
387 2 1 8 2893456536 STIM_START
387 2 1 8 2896531912 STIM_END_RESP_START
387 2 1 8 2897731932 RESP_END
388 0 2 8 2899442512 STIM_START
388 0 2 8 2902567884 STIM_END_RESP_START
388 0 2 8 2903767900 RESP_END
389 0 2 3 2905469464 STIM_START
389 0 2 3 2908594836 STIM_END_RESP_START
389 0 2 3 2909794852 RESP_END
390 2 2 10 2911510440 STIM_START
390 2 2 10 2914635816 STIM_END_RESP_START
390 2 2 10 2915835868 RESP_END
391 0 1 7 2917534456 STIM_START
391 0 1 7 2920609844 STIM_END_RESP_START
391 0 1 7 2921809892 RESP_END
