001 1 0005805672 STIM_START
001 1 0007443924 LICK
001 1 0009176452 LICK
001 1 0009328528 STIM_END_RESP_START
001 1 0010528568 RESP_END
002 1 0012716872 STIM_START
002 1 0013790332 LICK
002 1 0015989872 STIM_END_RESP_START
002 1 0017189924 RESP_END
003 1 0020641624 STIM_START
003 1 0022021872 LICK
003 1 0022313228 LICK
003 1 0023914644 STIM_END_RESP_START
003 1 0024475268 LICK
003 1 0024475712 REWARD_START
003 1 0025114664 RESP_END
003 1 0024526176 REWARD_END
004 0 0032223344 STIM_START
004 0 0034714032 LICK
004 0 0035817996 LICK
004 0 0035996056 STIM_END_RESP_START
004 0 0037075312 LICK
004 0 0037075752 TIMEOUT_START
004 0 0037196096 RESP_END
004 0 0044076220 TIMEOUT_END
005 0 0047328080 STIM_START
005 0 0047453888 LICK
005 0 0047745248 LICK
005 0 0048971924 LICK
005 0 0049861268 LICK
005 0 0050397920 LICK
005 0 0050850940 STIM_END_RESP_START
005 0 0050934564 LICK
005 0 0050935012 TIMEOUT_START
005 0 0051578556 LICK
005 0 0051579000 TIMEOUT_START
005 0 0052050976 RESP_END
005 0 0058579460 TIMEOUT_END
006 0 0060933728 STIM_START
006 0 0063414176 LICK
006 0 0063736220 LICK
006 0 0063996968 LICK
006 0 0064456600 STIM_END_RESP_START
006 0 0064503012 LICK
006 0 0064503452 TIMEOUT_START
006 0 0064625748 LICK
006 0 0064626188 TIMEOUT_START
006 0 0064917184 LICK
006 0 0064917632 TIMEOUT_START
006 0 0065438564 LICK
006 0 0065439012 TIMEOUT_START
006 0 0065656628 RESP_END
006 0 0072439468 TIMEOUT_END
007 1 0076305344 STIM_START
007 1 0080327884 STIM_END_RESP_START
007 1 0081151788 LICK
007 1 0081152236 REWARD_START
007 1 0081527912 RESP_END
007 1 0081202704 REWARD_END
008 0 0083682372 STIM_START
008 0 0087455084 STIM_END_RESP_START
008 0 0088655096 RESP_END
009 0 0090685556 STIM_START
009 0 0093958548 STIM_END_RESP_START
009 0 0095158564 RESP_END
010 0 0097290972 STIM_START
010 0 0100563972 STIM_END_RESP_START
010 0 0101763996 RESP_END
011 1 0103717500 STIM_START
011 1 0107490232 STIM_END_RESP_START
011 1 0108690260 RESP_END
012 0 0110695812 STIM_START
012 0 0114718360 STIM_END_RESP_START
012 0 0115918392 RESP_END
013 0 0117878912 STIM_START
013 0 0121901464 STIM_END_RESP_START
013 0 0123101496 RESP_END
014 0 0125005012 STIM_START
014 0 0128527884 STIM_END_RESP_START
014 0 0129727912 RESP_END
015 1 0131685356 STIM_START
015 1 0135458052 STIM_END_RESP_START
015 1 0136658084 RESP_END
016 0 0138808500 STIM_START
016 0 0142581192 STIM_END_RESP_START
016 0 0143781224 RESP_END
017 0 0145492876 STIM_START
017 0 0148765892 STIM_END_RESP_START
017 0 0149965924 RESP_END
018 1 0151912464 STIM_START
018 1 0155435300 STIM_END_RESP_START
018 1 0156635332 RESP_END
019 1 0158515880 STIM_START
019 1 0162288568 STIM_END_RESP_START
019 1 0163488600 RESP_END
020 1 0165653952 STIM_START
020 1 0169176824 STIM_END_RESP_START
020 1 0170376852 RESP_END
021 0 0172480248 STIM_START
021 0 0176003124 STIM_END_RESP_START
021 0 0177203148 RESP_END
022 1 0179323588 STIM_START
022 1 0182596600 STIM_END_RESP_START
022 1 0183796632 RESP_END
023 1 0185640128 STIM_START
023 1 0189662680 STIM_END_RESP_START
023 1 0190862708 RESP_END
024 0 0192930264 STIM_START
024 0 0196952816 STIM_END_RESP_START
024 0 0198152848 RESP_END
025 1 0200099336 STIM_START
025 1 0204121884 STIM_END_RESP_START
025 1 0205321916 RESP_END
026 0 0207285472 STIM_START
026 0 0211308024 STIM_END_RESP_START
026 0 0212508052 RESP_END
027 1 0214569512 STIM_START
027 1 0218342204 STIM_END_RESP_START
027 1 0219542236 RESP_END
028 1 0221374752 STIM_START
028 1 0225147444 STIM_END_RESP_START
028 1 0226347476 RESP_END
029 1 0228136112 STIM_START
029 1 0231658984 STIM_END_RESP_START
029 1 0232859016 RESP_END
030 0 0235000388 STIM_START
030 0 0238773084 STIM_END_RESP_START
030 0 0239973116 RESP_END
031 1 0241913712 STIM_START
031 1 0245686412 STIM_END_RESP_START
031 1 0246886444 RESP_END
032 0 0248887944 STIM_START
032 0 0252160956 STIM_END_RESP_START
032 0 0253360988 RESP_END
033 0 0255600268 STIM_START
033 0 0259123140 STIM_END_RESP_START
033 0 0260323172 RESP_END
034 1 0262123696 STIM_START
034 1 0265896388 STIM_END_RESP_START
034 1 0267096420 RESP_END
035 0 0268900100 STIM_START
035 0 0272422976 STIM_END_RESP_START
035 0 0273623000 RESP_END
036 0 0275669432 STIM_START
036 0 0279691984 STIM_END_RESP_START
036 0 0280892016 RESP_END
037 0 0283072388 STIM_START
037 0 0287094948 STIM_END_RESP_START
037 0 0288294980 RESP_END
038 1 0290228468 STIM_START
038 1 0293751340 STIM_END_RESP_START
038 1 0294951372 RESP_END
039 1 0297061808 STIM_START
039 1 0300584680 STIM_END_RESP_START
039 1 0301784712 RESP_END
040 1 0303867160 STIM_START
040 1 0303943384 LICK
040 1 0307270176 LICK
040 1 0307639880 STIM_END_RESP_START
040 1 0307868176 LICK
040 1 0307868664 REWARD_START
040 1 0308839924 RESP_END
040 1 0307919184 REWARD_END
041 0 0310988244 STIM_START
041 0 0311654252 LICK
041 0 0313877300 LICK
041 0 0314613252 LICK
041 0 0315010812 STIM_END_RESP_START
041 0 0316210844 RESP_END
042 0 0320857856 STIM_START
042 0 0321127140 LICK
042 0 0322338300 LICK
042 0 0323012964 LICK
042 0 0323334996 LICK
042 0 0323565032 LICK
042 0 0324880396 STIM_END_RESP_START
042 0 0325772752 LICK
042 0 0325773240 TIMEOUT_START
042 0 0326080404 RESP_END
042 0 0332773760 TIMEOUT_END
043 1 0334881268 STIM_START
043 1 0338903820 STIM_END_RESP_START
043 1 0340103852 RESP_END
044 0 0342143336 STIM_START
044 0 0342649772 LICK
044 0 0342910440 LICK
044 0 0344995680 LICK
044 0 0345416368 STIM_END_RESP_START
044 0 0345471028 LICK
044 0 0345471516 TIMEOUT_START
044 0 0345670432 LICK
044 0 0345670928 TIMEOUT_START
044 0 0346084496 LICK
044 0 0346084980 TIMEOUT_START
044 0 0346513892 LICK
044 0 0346514380 TIMEOUT_START
044 0 0346616408 RESP_END
044 0 0353514892 TIMEOUT_END
045 1 0355567036 STIM_START
045 1 0359233580 LICK
045 1 0359589576 STIM_END_RESP_START
045 1 0359862248 LICK
045 1 0359862744 REWARD_START
045 1 0360092428 LICK
045 1 0360230476 LICK
045 1 0360789620 RESP_END
045 1 0359913256 REWARD_END
046 0 0364477240 STIM_START
046 0 0367750260 STIM_END_RESP_START
046 0 0368950288 RESP_END
047 0 0380365708 STIM_START
047 0 0384388268 STIM_END_RESP_START
047 0 0385588300 RESP_END
048 0 0387828576 STIM_START
048 0 0390007432 LICK
048 0 0390360052 LICK
048 0 0391356596 LICK
048 0 0391851116 STIM_END_RESP_START
048 0 0392230492 LICK
048 0 0392230988 TIMEOUT_START
048 0 0393051144 RESP_END
048 0 0399231488 TIMEOUT_END
049 1 0401174344 STIM_START
049 1 0405196900 STIM_END_RESP_START
049 1 0406322832 LICK
049 1 0406323328 REWARD_START
049 1 0406396924 RESP_END
049 1 0406373840 REWARD_END
050 0 0411827572 STIM_START
050 0 0415600272 STIM_END_RESP_START
050 0 0416800304 RESP_END
051 1 0418963768 STIM_START
051 1 0422236784 STIM_END_RESP_START
051 1 0423436812 RESP_END
052 0 0425292256 STIM_START
052 0 0428565268 STIM_END_RESP_START
052 0 0429765300 RESP_END
053 1 0431610820 STIM_START
053 1 0435596840 LICK
053 1 0435633384 STIM_END_RESP_START
053 1 0436833420 RESP_END
054 1 0445052592 STIM_START
054 1 0448325616 STIM_END_RESP_START
054 1 0449525648 RESP_END
055 1 0451323164 STIM_START
055 1 0451343700 LICK
055 1 0454596172 STIM_END_RESP_START
055 1 0455796204 RESP_END
056 0 0457634776 STIM_START
056 0 0460907796 STIM_END_RESP_START
056 0 0462107828 RESP_END
057 1 0463984300 STIM_START
057 1 0467756996 STIM_END_RESP_START
057 1 0468957028 RESP_END
058 0 0470715692 STIM_START
058 0 0474488388 STIM_END_RESP_START
058 0 0475280100 LICK
058 0 0475280592 TIMEOUT_START
058 0 0475688420 RESP_END
058 0 0482281096 TIMEOUT_END
059 1 0484216380 STIM_START
059 1 0487144556 LICK
059 1 0487489392 STIM_END_RESP_START
059 1 0488401720 LICK
059 1 0488402216 REWARD_START
059 1 0488689408 RESP_END
059 1 0488452728 REWARD_END
060 1 0495578236 STIM_START
060 1 0496157560 LICK
060 1 0499453460 LICK
060 1 0499600796 STIM_END_RESP_START
060 1 0500800812 RESP_END
061 1 0503735768 STIM_START
061 1 0507758320 STIM_END_RESP_START
061 1 0508958352 RESP_END
062 0 0514374008 STIM_START
062 0 0518146700 STIM_END_RESP_START
062 0 0519346732 RESP_END
063 0 0521130332 STIM_START
063 0 0522276644 LICK
063 0 0522982000 LICK
063 0 0523242648 LICK
063 0 0524116640 LICK
063 0 0524403344 STIM_END_RESP_START
063 0 0524729964 LICK
063 0 0524730456 TIMEOUT_START
063 0 0525205244 LICK
063 0 0525205736 TIMEOUT_START
063 0 0525603360 RESP_END
063 0 0532206232 TIMEOUT_END
064 0 0534329252 STIM_START
064 0 0537602276 STIM_END_RESP_START
064 0 0538802304 RESP_END
065 1 0540760692 STIM_START
065 1 0544033704 STIM_END_RESP_START
065 1 0545233732 RESP_END
066 1 0547116336 STIM_START
066 1 0550389348 STIM_END_RESP_START
066 1 0551589384 RESP_END
067 0 0553408912 STIM_START
067 0 0557181604 STIM_END_RESP_START
067 0 0558381636 RESP_END
068 0 0560313176 STIM_START
068 0 0564085876 STIM_END_RESP_START
068 0 0565285908 RESP_END
069 0 0567218340 STIM_START
069 0 0570991032 STIM_END_RESP_START
069 0 0572191064 RESP_END
070 1 0573980704 STIM_START
070 1 0577253716 STIM_END_RESP_START
070 1 0578453748 RESP_END
071 0 0580290356 STIM_START
071 0 0583563380 STIM_END_RESP_START
071 0 0584763412 RESP_END
072 1 0586645952 STIM_START
072 1 0589918964 STIM_END_RESP_START
072 1 0591118996 RESP_END
073 0 0593053376 STIM_START
073 0 0596326388 STIM_END_RESP_START
073 0 0597526424 RESP_END
074 1 0599485888 STIM_START
074 1 0602758904 STIM_END_RESP_START
074 1 0603958936 RESP_END
075 1 0606078328 STIM_START
075 1 0609851024 STIM_END_RESP_START
075 1 0611051056 RESP_END
076 0 0612879632 STIM_START
076 0 0616902184 STIM_END_RESP_START
076 0 0618102216 RESP_END
077 0 0619873940 STIM_START
077 0 0623396812 STIM_END_RESP_START
077 0 0624596848 RESP_END
078 1 0626388388 STIM_START
078 1 0629911264 STIM_END_RESP_START
078 1 0630262612 LICK
078 1 0630263108 REWARD_START
078 1 0630477440 LICK
078 1 0630891500 LICK
078 1 0631075584 LICK
078 1 0631111280 RESP_END
078 1 0630313624 REWARD_END
079 1 0633274596 STIM_START
079 1 0637297160 STIM_END_RESP_START
079 1 0637789452 LICK
079 1 0637789944 REWARD_START
079 1 0638019576 LICK
079 1 0638402900 LICK
079 1 0638497200 RESP_END
079 1 0637840464 REWARD_END
080 0 0640592608 STIM_START
080 0 0641959024 LICK
080 0 0643982732 LICK
080 0 0644166772 LICK
080 0 0644350896 LICK
080 0 0644365304 STIM_END_RESP_START
080 0 0645565332 RESP_END
081 0 0647599908 STIM_START
081 0 0650872928 STIM_END_RESP_START
081 0 0652072952 RESP_END
082 0 0653910404 STIM_START
082 0 0657183416 STIM_END_RESP_START
082 0 0658383448 RESP_END
083 1 0660398876 STIM_START
083 1 0664421436 STIM_END_RESP_START
083 1 0664820264 LICK
083 1 0664820760 REWARD_START
083 1 0665004452 LICK
083 1 0665173180 LICK
083 1 0665372568 LICK
083 1 0665621460 RESP_END
083 1 0664871272 REWARD_END
084 0 0668557540 STIM_START
084 0 0671335612 LICK
084 0 0672580108 STIM_END_RESP_START
084 0 0673780140 RESP_END
085 0 0685051616 STIM_START
085 0 0688824324 STIM_END_RESP_START
085 0 0690024348 RESP_END
086 1 0692091708 STIM_START
086 1 0695614588 STIM_END_RESP_START
086 1 0696814620 RESP_END
087 1 0708080092 STIM_START
087 1 0712102644 STIM_END_RESP_START
087 1 0713302676 RESP_END
088 1 0715111280 STIM_START
088 1 0717578776 LICK
088 1 0717931532 LICK
088 1 0718376200 LICK
088 1 0718883984 STIM_END_RESP_START
088 1 0720084028 RESP_END
089 0 0722275436 STIM_START
089 0 0726048128 STIM_END_RESP_START
089 0 0727248160 RESP_END
090 1 0729310620 STIM_START
090 1 0733083316 STIM_END_RESP_START
090 1 0734283348 RESP_END
091 0 0736734536 STIM_START
091 0 0740257408 STIM_END_RESP_START
091 0 0741457440 RESP_END
092 1 0743323984 STIM_START
092 1 0747096680 STIM_END_RESP_START
092 1 0748296712 RESP_END
093 1 0750329232 STIM_START
093 1 0753852108 STIM_END_RESP_START
093 1 0754169784 LICK
093 1 0754170280 REWARD_START
093 1 0754737208 LICK
093 1 0755052152 RESP_END
093 1 0754220796 REWARD_END
094 1 0757897056 STIM_START
094 1 0761669764 STIM_END_RESP_START
094 1 0762869796 RESP_END
095 0 0764753420 STIM_START
095 0 0768526116 STIM_END_RESP_START
095 0 0769726148 RESP_END
096 1 0771848580 STIM_START
096 1 0775121592 STIM_END_RESP_START
096 1 0776321624 RESP_END
097 1 0778469000 STIM_START
097 1 0781742012 STIM_END_RESP_START
097 1 0782942044 RESP_END
098 0 0785167384 STIM_START
098 0 0789189940 STIM_END_RESP_START
098 0 0790389968 RESP_END
099 1 0798104264 STIM_START
099 1 0798659040 LICK
099 1 0801876964 STIM_END_RESP_START
099 1 0803077008 RESP_END
100 1 0813323044 STIM_START
100 1 0817095744 STIM_END_RESP_START
100 1 0817465724 LICK
100 1 0817466216 REWARD_START
100 1 0817803208 LICK
100 1 0818295784 RESP_END
100 1 0817516740 REWARD_END
101 1 0822981876 STIM_START
101 1 0827004440 STIM_END_RESP_START
101 1 0828204472 RESP_END
102 0 0830083968 STIM_START
102 0 0833856668 STIM_END_RESP_START
102 0 0835056696 RESP_END
103 0 0836913348 STIM_START
103 0 0836933884 LICK
103 0 0840686072 STIM_END_RESP_START
103 0 0841886100 RESP_END
104 0 0843670600 STIM_START
104 0 0847193472 STIM_END_RESP_START
104 0 0848393504 RESP_END
105 1 0850492944 STIM_START
105 1 0854515496 STIM_END_RESP_START
105 1 0855715528 RESP_END
106 0 0857798004 STIM_START
106 0 0861570696 STIM_END_RESP_START
106 0 0862770728 RESP_END
107 0 0864860200 STIM_START
107 0 0868882752 STIM_END_RESP_START
107 0 0869332536 LICK
107 0 0869333028 TIMEOUT_START
107 0 0869654592 LICK
107 0 0869655080 TIMEOUT_START
107 0 0869930604 LICK
107 0 0869931100 TIMEOUT_START
107 0 0870082768 RESP_END
107 0 0876931612 TIMEOUT_END
108 1 0878834536 STIM_START
108 1 0882107556 STIM_END_RESP_START
108 1 0882393508 LICK
108 1 0882393996 REWARD_START
108 1 0882638992 LICK
108 1 0883068264 LICK
108 1 0883267716 LICK
108 1 0883307588 RESP_END
108 1 0882444520 REWARD_END
109 0 0887897648 STIM_START
109 0 0891670348 STIM_END_RESP_START
109 0 0892311700 LICK
109 0 0892312192 TIMEOUT_START
109 0 0892870368 RESP_END
109 0 0899312704 TIMEOUT_END
110 1 0901483324 STIM_START
110 1 0905256040 STIM_END_RESP_START
110 1 0905265988 LICK
110 1 0905266492 REWARD_START
110 1 0906456084 RESP_END
110 1 0905317004 REWARD_END
111 0 0918995776 STIM_START
111 0 0922768488 STIM_END_RESP_START
111 0 0923968508 RESP_END
112 1 0928041920 STIM_START
112 1 0932064480 STIM_END_RESP_START
112 1 0933264508 RESP_END
113 1 0935065152 STIM_START
113 1 0938837848 STIM_END_RESP_START
113 1 0940037880 RESP_END
114 0 0941924408 STIM_START
114 0 0945946964 STIM_END_RESP_START
114 0 0947146996 RESP_END
115 0 0955184244 STIM_START
115 0 0958457260 STIM_END_RESP_START
115 0 0959657296 RESP_END
116 0 0961655736 STIM_START
116 0 0965428436 STIM_END_RESP_START
116 0 0966628468 RESP_END
117 1 0968528920 STIM_START
117 1 0971801936 STIM_END_RESP_START
117 1 0973001968 RESP_END
118 0 0974892484 STIM_START
118 0 0977125188 LICK
118 0 0977293960 LICK
118 0 0977983908 LICK
118 0 0978229324 LICK
118 0 0978413424 LICK
118 0 0978415340 STIM_END_RESP_START
118 0 0979149348 LICK
118 0 0979149844 TIMEOUT_START
118 0 0979425420 LICK
118 0 0979425908 TIMEOUT_START
118 0 0979615372 RESP_END
118 0 0986426428 TIMEOUT_END
119 1 0988200348 STIM_START
119 1 0992222900 STIM_END_RESP_START
119 1 0993422932 RESP_END
120 1 0995577336 STIM_START
120 1 0998414404 LICK
120 1 0998690508 LICK
120 1 0999100184 STIM_END_RESP_START
120 1 0999871096 LICK
120 1 0999871596 REWARD_START
120 1 1000300212 RESP_END
120 1 0999922112 REWARD_END
121 1 1003218212 STIM_START
121 1 1006401236 LICK
121 1 1006741084 STIM_END_RESP_START
121 1 1007106528 LICK
121 1 1007107064 REWARD_START
121 1 1007941124 RESP_END
121 1 1007157648 REWARD_END
122 0 1013917388 STIM_START
122 0 1017190388 STIM_END_RESP_START
122 0 1018390404 RESP_END
123 1 1020342856 STIM_START
123 1 1022945540 LICK
123 1 1023911588 LICK
123 1 1024049632 LICK
123 1 1024365428 STIM_END_RESP_START
123 1 1024846988 LICK
123 1 1024847520 REWARD_START
123 1 1025015808 LICK
123 1 1025184536 LICK
123 1 1025353268 LICK
123 1 1025521984 LICK
123 1 1025565448 RESP_END
123 1 1024898104 REWARD_END
124 1 1030855240 STIM_START
124 1 1034378100 STIM_END_RESP_START
124 1 1035255732 LICK
124 1 1035256276 REWARD_START
124 1 1035578120 RESP_END
124 1 1035306856 REWARD_END
125 0 1048632528 STIM_START
125 0 1052405244 STIM_END_RESP_START
125 0 1053235848 LICK
125 0 1053236388 TIMEOUT_START
125 0 1053605272 RESP_END
125 0 1060236948 TIMEOUT_END
126 0 1063749412 STIM_START
126 0 1067522120 STIM_END_RESP_START
126 0 1068722160 RESP_END
127 1 1071734088 STIM_START
127 1 1073471348 LICK
127 1 1074314644 LICK
127 1 1074483372 LICK
127 1 1075256956 STIM_END_RESP_START
127 1 1075434012 LICK
127 1 1075434552 REWARD_START
127 1 1076457004 RESP_END
127 1 1075485128 REWARD_END
128 0 1079666748 STIM_START
128 0 1080308408 LICK
128 0 1083189616 STIM_END_RESP_START
128 0 1084389628 RESP_END
129 1 1112342076 STIM_START
129 1 1114361892 LICK
129 1 1114591972 LICK
129 1 1115159296 LICK
129 1 1115615100 STIM_END_RESP_START
129 1 1116416476 LICK
129 1 1116417012 REWARD_START
129 1 1116646572 LICK
129 1 1116815128 RESP_END
129 1 1116467592 REWARD_END
130 1 1118697624 STIM_START
130 1 1122220484 STIM_END_RESP_START
130 1 1123420532 RESP_END
131 1 1125315008 STIM_START
131 1 1126487728 LICK
131 1 1127913516 LICK
131 1 1128066956 LICK
131 1 1128389004 LICK
131 1 1128588024 STIM_END_RESP_START
131 1 1128649740 LICK
131 1 1128650276 REWARD_START
131 1 1129355156 LICK
131 1 1129769140 LICK
131 1 1129788048 RESP_END
131 1 1128700852 REWARD_END
132 0 1134516972 STIM_START
132 0 1138289696 STIM_END_RESP_START
132 0 1138368088 LICK
132 0 1138368632 TIMEOUT_START
132 0 1139489736 RESP_END
132 0 1145369196 TIMEOUT_END
133 1 1147550916 STIM_START
133 1 1150770464 LICK
133 1 1151073760 STIM_END_RESP_START
133 1 1151460448 LICK
133 1 1151460988 REWARD_START
133 1 1152273804 RESP_END
133 1 1151511572 REWARD_END
134 1 1158758820 STIM_START
134 1 1160841616 LICK
134 1 1161669664 LICK
134 1 1162531520 STIM_END_RESP_START
134 1 1163018844 LICK
134 1 1163019388 REWARD_START
134 1 1163187692 LICK
134 1 1163310392 LICK
134 1 1163731536 RESP_END
134 1 1163069968 REWARD_END
135 1 1170479484 STIM_START
135 1 1173197744 LICK
135 1 1173535080 LICK
135 1 1174502024 STIM_END_RESP_START
135 1 1175267608 LICK
135 1 1175268144 REWARD_START
135 1 1175702040 RESP_END
135 1 1175318728 REWARD_END
136 0 1183029748 STIM_START
136 0 1186552600 STIM_END_RESP_START
136 0 1187752612 RESP_END
137 1 1189845000 STIM_START
137 1 1193610208 LICK
137 1 1193867560 STIM_END_RESP_START
137 1 1194024228 LICK
137 1 1194024764 REWARD_START
137 1 1195067604 RESP_END
137 1 1194075348 REWARD_END
138 1 1201962488 STIM_START
138 1 1205428600 LICK
138 1 1205485344 STIM_END_RESP_START
138 1 1205873336 LICK
138 1 1205873876 REWARD_START
138 1 1206118864 LICK
138 1 1206685392 RESP_END
138 1 1205924452 REWARD_END
139 0 1214892452 STIM_START
139 0 1218665172 STIM_END_RESP_START
139 0 1219301860 LICK
139 0 1219302396 TIMEOUT_START
139 0 1219777180 LICK
139 0 1219777720 TIMEOUT_START
139 0 1219865192 RESP_END
139 0 1226778280 TIMEOUT_END
140 0 1228648988 STIM_START
140 0 1231722356 LICK
140 0 1232151720 LICK
140 0 1232421676 STIM_END_RESP_START
140 0 1232703796 LICK
140 0 1232704332 TIMEOUT_START
140 0 1232949180 LICK
140 0 1232949720 TIMEOUT_START
140 0 1233301936 LICK
140 0 1233302472 TIMEOUT_START
140 0 1233621692 RESP_END
140 0 1240303048 TIMEOUT_END
141 0 1242074652 STIM_START
141 0 1246097224 STIM_END_RESP_START
141 0 1247297272 RESP_END
142 1 1249491624 STIM_START
142 1 1253514192 STIM_END_RESP_START
142 1 1254310604 LICK
142 1 1254311148 REWARD_START
142 1 1254448784 LICK
142 1 1254617464 LICK
142 1 1254714212 RESP_END
142 1 1254361728 REWARD_END
143 1 1260263872 STIM_START
143 1 1263536900 STIM_END_RESP_START
143 1 1264275620 LICK
143 1 1264276156 REWARD_START
143 1 1264398416 LICK
143 1 1264567192 LICK
143 1 1264736932 RESP_END
143 1 1264326740 REWARD_END
144 1 1268628272 STIM_START
144 1 1271901272 STIM_END_RESP_START
144 1 1273101320 RESP_END
145 0 1275248756 STIM_START
145 0 1278771608 STIM_END_RESP_START
145 0 1279265264 LICK
145 0 1279265804 TIMEOUT_START
145 0 1279663936 LICK
145 0 1279664480 TIMEOUT_START
145 0 1279817336 LICK
145 0 1279817880 TIMEOUT_START
145 0 1279971632 RESP_END
145 0 1286818440 TIMEOUT_END
146 0 1288814336 STIM_START
146 0 1292587052 STIM_END_RESP_START
146 0 1292921732 LICK
146 0 1292922272 TIMEOUT_START
146 0 1293412420 LICK
146 0 1293412956 TIMEOUT_START
146 0 1293787096 RESP_END
146 0 1300413528 TIMEOUT_END
147 0 1302256088 STIM_START
147 0 1305778940 STIM_END_RESP_START
147 0 1306978956 RESP_END
148 1 1309071416 STIM_START
148 1 1312344412 STIM_END_RESP_START
148 1 1313544420 RESP_END
149 0 1315451960 STIM_START
149 0 1319474528 STIM_END_RESP_START
149 0 1320674576 RESP_END
150 0 1322805896 STIM_START
150 0 1326578604 STIM_END_RESP_START
150 0 1327778652 RESP_END
151 0 1329750140 STIM_START
151 0 1333522848 STIM_END_RESP_START
151 0 1334722896 RESP_END
152 1 1336715360 STIM_START
152 1 1337984740 LICK
152 1 1338889292 LICK
152 1 1339058076 LICK
152 1 1340238204 STIM_END_RESP_START
152 1 1340575768 LICK
152 1 1340576308 REWARD_START
152 1 1341127832 LICK
152 1 1341438232 RESP_END
152 1 1340626884 REWARD_END
153 1 1343492792 STIM_START
153 1 1346247288 LICK
153 1 1346645948 LICK
153 1 1346783984 LICK
153 1 1346937332 LICK
153 1 1347090712 LICK
153 1 1347259456 LICK
153 1 1347428212 LICK
153 1 1347515352 STIM_END_RESP_START
153 1 1347612268 LICK
153 1 1347612808 REWARD_START
153 1 1347811764 LICK
153 1 1347995764 LICK
153 1 1348179856 LICK
153 1 1348348584 LICK
153 1 1348517280 LICK
153 1 1348715396 RESP_END
153 1 1347663380 REWARD_END
154 1 1350941656 STIM_START
154 1 1352916356 LICK
154 1 1353422340 LICK
154 1 1353759756 LICK
154 1 1353913156 LICK
154 1 1354051248 LICK
154 1 1354204604 LICK
154 1 1354388684 LICK
154 1 1354464508 STIM_END_RESP_START
154 1 1354542112 LICK
154 1 1354542648 REWARD_START
154 1 1355431436 LICK
154 1 1355664524 RESP_END
154 1 1354593228 REWARD_END
155 0 1357790936 STIM_START
155 0 1359937856 LICK
155 0 1361813492 STIM_END_RESP_START
155 0 1362038200 LICK
155 0 1362038736 TIMEOUT_START
155 0 1362252920 LICK
155 0 1362253452 TIMEOUT_START
155 0 1363013528 RESP_END
155 0 1369254016 TIMEOUT_END
156 0 1372586892 STIM_START
156 0 1376609428 STIM_END_RESP_START
156 0 1377259844 LICK
156 0 1377260380 TIMEOUT_START
156 0 1377809472 RESP_END
156 0 1384260948 TIMEOUT_END
157 0 1386121632 STIM_START
157 0 1389210484 LICK
157 0 1389961872 LICK
157 0 1390084580 LICK
157 0 1390144192 STIM_END_RESP_START
157 0 1390268648 LICK
157 0 1390269184 TIMEOUT_START
157 0 1390514084 LICK
157 0 1390514628 TIMEOUT_START
157 0 1390636840 LICK
157 0 1390637384 TIMEOUT_START
157 0 1390836292 LICK
157 0 1390836832 TIMEOUT_START
157 0 1391005088 LICK
157 0 1391005624 TIMEOUT_START
157 0 1391173872 LICK
157 0 1391174408 TIMEOUT_START
157 0 1391344220 RESP_END
157 0 1398174968 TIMEOUT_END
158 1 1400285956 STIM_START
158 1 1403401636 LICK
158 1 1403616372 LICK
158 1 1403808800 STIM_END_RESP_START
158 1 1403907772 LICK
158 1 1403908312 REWARD_START
158 1 1404643808 LICK
158 1 1405008832 RESP_END
158 1 1403958888 REWARD_END
159 0 1406908292 STIM_START
159 0 1410681008 STIM_END_RESP_START
159 0 1411881056 RESP_END
160 0 1413708672 STIM_START
160 0 1417231532 STIM_END_RESP_START
160 0 1418431580 RESP_END
161 1 1420485008 STIM_START
161 1 1421556580 LICK
161 1 1423442180 LICK
161 1 1423610932 LICK
161 1 1423810344 LICK
161 1 1424507548 STIM_END_RESP_START
161 1 1425098144 LICK
161 1 1425098684 REWARD_START
161 1 1425374272 LICK
161 1 1425681000 LICK
161 1 1425707596 RESP_END
161 1 1425149268 REWARD_END
162 1 1427953888 STIM_START
162 1 1429696836 LICK
162 1 1431429336 LICK
162 1 1431476756 STIM_END_RESP_START
162 1 1432594632 LICK
162 1 1432595168 REWARD_START
162 1 1432676788 RESP_END
162 1 1432645756 REWARD_END
163 0 1434796220 STIM_START
163 0 1436579908 LICK
163 0 1438568924 STIM_END_RESP_START
163 0 1439768972 RESP_END
164 0 1442476092 STIM_START
164 0 1444566508 LICK
164 0 1446498648 STIM_END_RESP_START
164 0 1447203540 LICK
164 0 1447204080 TIMEOUT_START
164 0 1447698696 RESP_END
164 0 1454204636 TIMEOUT_END
165 0 1456282528 STIM_START
165 0 1457784584 LICK
165 0 1458075908 LICK
165 0 1458827260 LICK
165 0 1459547944 LICK
165 0 1459555536 STIM_END_RESP_START
165 0 1459685996 LICK
165 0 1459686536 TIMEOUT_START
165 0 1460755580 RESP_END
165 0 1466687096 TIMEOUT_END
166 1 1468609904 STIM_START
166 1 1471882896 STIM_END_RESP_START
166 1 1472068484 LICK
166 1 1472069024 REWARD_START
166 1 1472436600 LICK
166 1 1472590056 LICK
166 1 1473082912 RESP_END
166 1 1472119600 REWARD_END
167 0 1477155288 STIM_START
167 0 1481177828 STIM_END_RESP_START
167 0 1482377876 RESP_END
168 0 1484170412 STIM_START
168 0 1485966820 LICK
168 0 1487693284 STIM_END_RESP_START
168 0 1488893312 RESP_END
169 0 1491072668 STIM_START
169 0 1494137132 LICK
169 0 1494845376 STIM_END_RESP_START
169 0 1496038416 LICK
169 0 1496038952 TIMEOUT_START
169 0 1496045404 RESP_END
169 0 1503039524 TIMEOUT_END
170 1 1505017096 STIM_START
170 1 1508539956 STIM_END_RESP_START
170 1 1508905620 LICK
170 1 1508906164 REWARD_START
170 1 1509519028 LICK
170 1 1509739984 RESP_END
170 1 1508956740 REWARD_END
171 0 1511852456 STIM_START
171 0 1514700024 LICK
171 0 1515874996 STIM_END_RESP_START
171 0 1517075012 RESP_END
172 1 1518872664 STIM_START
172 1 1522895208 STIM_END_RESP_START
172 1 1522977640 LICK
172 1 1522978184 REWARD_START
172 1 1524095224 RESP_END
172 1 1523028760 REWARD_END
173 1 1529800712 STIM_START
173 1 1533073716 STIM_END_RESP_START
173 1 1534273732 RESP_END
174 0 1536443044 STIM_START
174 0 1540465612 STIM_END_RESP_START
174 0 1541296068 LICK
174 0 1541296608 TIMEOUT_START
174 0 1541665652 RESP_END
174 0 1548297164 TIMEOUT_END
175 1 1550529396 STIM_START
175 1 1554302112 STIM_END_RESP_START
175 1 1555502128 RESP_END
176 1 1557374760 STIM_START
176 1 1560897616 STIM_END_RESP_START
176 1 1562097660 RESP_END
177 1 1564140092 STIM_START
177 1 1567413084 STIM_END_RESP_START
177 1 1568613100 RESP_END
178 0 1570621536 STIM_START
178 0 1574144388 STIM_END_RESP_START
178 0 1575344436 RESP_END
179 1 1577331972 STIM_START
179 1 1581104680 STIM_END_RESP_START
179 1 1582304728 RESP_END
180 0 1584202236 STIM_START
180 0 1587475268 STIM_END_RESP_START
180 0 1588675316 RESP_END
181 0 1590532804 STIM_START
181 0 1592129376 LICK
181 0 1592282780 LICK
181 0 1592451444 LICK
181 0 1592620144 LICK
181 0 1594305504 STIM_END_RESP_START
181 0 1595505516 RESP_END
182 0 1597265088 STIM_START
182 0 1601037800 STIM_END_RESP_START
182 0 1602237808 RESP_END
183 1 1604174444 STIM_START
183 1 1606387032 LICK
183 1 1606509744 LICK
183 1 1606678536 LICK
183 1 1608197004 STIM_END_RESP_START
183 1 1609397052 RESP_END
184 0 1611163576 STIM_START
184 0 1615186116 STIM_END_RESP_START
184 0 1616386164 RESP_END
185 1 1618151808 STIM_START
185 1 1621424840 STIM_END_RESP_START
185 1 1622624888 RESP_END
186 0 1624472436 STIM_START
186 0 1628494976 STIM_END_RESP_START
186 0 1629695028 RESP_END
187 0 1631827420 STIM_START
187 0 1635350276 STIM_END_RESP_START
187 0 1636550288 RESP_END
188 1 1638789656 STIM_START
188 1 1642312504 STIM_END_RESP_START
188 1 1643512552 RESP_END
189 0 1645488016 STIM_START
189 0 1649510588 STIM_END_RESP_START
189 0 1650710636 RESP_END
190 1 1652864960 STIM_START
190 1 1656887496 STIM_END_RESP_START
190 1 1658087544 RESP_END
191 1 1660132080 STIM_START
191 1 1663405080 STIM_END_RESP_START
191 1 1664605124 RESP_END
192 1 1666376684 STIM_START
192 1 1669899540 STIM_END_RESP_START
192 1 1671099552 RESP_END
193 0 1673204012 STIM_START
193 0 1677226584 STIM_END_RESP_START
193 0 1678426596 RESP_END
194 0 1680262176 STIM_START
194 0 1684034884 STIM_END_RESP_START
194 0 1685234932 RESP_END
195 0 1687363340 STIM_START
195 0 1690886196 STIM_END_RESP_START
195 0 1692086236 RESP_END
196 1 1694089596 STIM_START
196 1 1697862308 STIM_END_RESP_START
196 1 1699062320 RESP_END
197 0 1700839984 STIM_START
197 0 1704113016 STIM_END_RESP_START
197 0 1704499100 LICK
197 0 1704499644 TIMEOUT_START
197 0 1705112444 LICK
197 0 1705112984 TIMEOUT_START
197 0 1705296464 LICK
197 0 1705297004 TIMEOUT_START
197 0 1705313032 RESP_END
197 0 1712297572 TIMEOUT_END
198 0 1714246704 STIM_START
198 0 1717769564 STIM_END_RESP_START
198 0 1718969576 RESP_END
199 1 1720975092 STIM_START
199 1 1724497948 STIM_END_RESP_START
199 1 1725697992 RESP_END
200 0 1727457576 STIM_START
200 0 1731230288 STIM_END_RESP_START
200 0 1732430336 RESP_END
201 1 1734172876 STIM_START
201 1 1737945588 STIM_END_RESP_START
201 1 1739145636 RESP_END
202 0 1740892220 STIM_START
202 0 1744415068 STIM_END_RESP_START
202 0 1745615076 RESP_END
203 1 1747420696 STIM_START
203 1 1750693728 STIM_END_RESP_START
203 1 1751893740 RESP_END
204 1 1753912256 STIM_START
204 1 1757684972 STIM_END_RESP_START
204 1 1758884984 RESP_END
205 1 1760649600 STIM_START
205 1 1764422312 STIM_END_RESP_START
205 1 1765622324 RESP_END
206 0 1767647716 STIM_START
206 0 1771170568 STIM_END_RESP_START
206 0 1772370580 RESP_END
207 0 1774194188 STIM_START
207 0 1777966896 STIM_END_RESP_START
207 0 1779166908 RESP_END
208 1 1781013544 STIM_START
208 1 1784286536 STIM_END_RESP_START
208 1 1785486548 RESP_END
209 1 1787360096 STIM_START
209 1 1791382632 STIM_END_RESP_START
209 1 1792582684 RESP_END
210 0 1794653200 STIM_START
210 0 1798176048 STIM_END_RESP_START
210 0 1799376096 RESP_END
211 0 1801206600 STIM_START
211 0 1805229140 STIM_END_RESP_START
211 0 1806429180 RESP_END
212 0 1808199804 STIM_START
212 0 1812222372 STIM_END_RESP_START
212 0 1813422388 RESP_END
213 1 1815399864 STIM_START
213 1 1819172572 STIM_END_RESP_START
213 1 1820372584 RESP_END
214 1 1822244148 STIM_START
214 1 1826016860 STIM_END_RESP_START
214 1 1827216908 RESP_END
215 1 1829268324 STIM_START
215 1 1832791184 STIM_END_RESP_START
215 1 1833991236 RESP_END
216 0 1836163692 STIM_START
216 0 1840186220 STIM_END_RESP_START
216 0 1841386232 RESP_END
217 0 1843320712 STIM_START
217 0 1846843572 STIM_END_RESP_START
217 0 1848043584 RESP_END
218 0 1849922148 STIM_START
218 0 1853195176 STIM_END_RESP_START
218 0 1854395224 RESP_END
219 1 1856253808 STIM_START
219 1 1860276348 STIM_END_RESP_START
219 1 1861476396 RESP_END
220 0 1866554136 STIM_START
220 0 1870326852 STIM_END_RESP_START
220 0 1871526896 RESP_END
221 1 1873730324 STIM_START
221 1 1877503040 STIM_END_RESP_START
221 1 1878703088 RESP_END
222 0 1880705552 STIM_START
222 0 1880726144 LICK
222 0 1881745044 LICK
222 0 1883738116 LICK
222 0 1884728088 STIM_END_RESP_START
222 0 1885928108 RESP_END
223 0 1887876664 STIM_START
223 0 1891399516 STIM_END_RESP_START
223 0 1892599528 RESP_END
224 1 1894364052 STIM_START
224 1 1897637052 STIM_END_RESP_START
224 1 1898837100 RESP_END
225 1 1900747584 STIM_START
225 1 1904270444 STIM_END_RESP_START
225 1 1905470492 RESP_END
226 0 1907366000 STIM_START
226 0 1910888852 STIM_END_RESP_START
226 0 1912088864 RESP_END
227 1 1914283272 STIM_START
227 1 1917556268 STIM_END_RESP_START
227 1 1918756284 RESP_END
228 1 1920965652 STIM_START
228 1 1924488504 STIM_END_RESP_START
228 1 1925688552 RESP_END
229 0 1927909932 STIM_START
229 0 1931682644 STIM_END_RESP_START
229 0 1932882656 RESP_END
230 0 1934641244 STIM_START
230 0 1938413956 STIM_END_RESP_START
230 0 1939613968 RESP_END
231 0 1941548580 STIM_START
231 0 1944821572 STIM_END_RESP_START
231 0 1946021584 RESP_END
232 1 1947994004 STIM_START
232 1 1952016544 STIM_END_RESP_START
232 1 1953216556 RESP_END
233 1 1955416028 STIM_START
233 1 1959188748 STIM_END_RESP_START
233 1 1960388764 RESP_END
234 0 1962188396 STIM_START
234 0 1965961108 STIM_END_RESP_START
234 0 1967161124 RESP_END
USER_EXIT