001 1 0012618840 STIM_START
001 1 0015891872 STIM_END_RESP_START
001 1 0016297232 LICK
001 1 0016297672 REWARD_START
001 1 0016803156 LICK
001 1 0017091896 RESP_END
001 1 0016348152 REWARD_END
002 1 0020039780 STIM_START
002 1 0024062352 STIM_END_RESP_START
002 1 0024205476 LICK
002 1 0024205916 REWARD_START
002 1 0025262368 RESP_END
002 1 0024256400 REWARD_END
003 0 0027478748 STIM_START
003 0 0031501324 STIM_END_RESP_START
003 0 0031653424 LICK
003 0 0031653864 TIMEOUT_START
003 0 0032098000 LICK
003 0 0032098444 TIMEOUT_START
003 0 0032701348 RESP_END
003 0 0039098892 TIMEOUT_END
004 1 0055693596 STIM_START
004 1 0059216452 STIM_END_RESP_START
004 1 0059746624 LICK
004 1 0059747068 REWARD_START
004 1 0060416492 RESP_END
004 1 0059797540 REWARD_END
005 0 0071655004 STIM_START
005 0 0074030356 LICK
005 0 0075177860 STIM_END_RESP_START
005 0 0076084048 LICK
005 0 0076084492 TIMEOUT_START
005 0 0076360088 LICK
005 0 0076360524 TIMEOUT_START
005 0 0076377896 RESP_END
005 0 0083360996 TIMEOUT_END
006 1 0085524432 STIM_START
006 1 0088799724 LICK
006 1 0089047288 STIM_END_RESP_START
006 1 0089581416 LICK
006 1 0089581864 REWARD_START
006 1 0089842164 LICK
006 1 0089964880 LICK
006 1 0090247308 RESP_END
006 1 0089632332 REWARD_END
007 0 0098838332 STIM_START
007 0 0098858812 LICK
007 0 0101337396 LICK
007 0 0101735956 LICK
007 0 0102103864 LICK
007 0 0102839584 LICK
007 0 0102860912 STIM_END_RESP_START
007 0 0103054356 LICK
007 0 0103054844 TIMEOUT_START
007 0 0103299680 LICK
007 0 0103300172 TIMEOUT_START
007 0 0103529680 LICK
007 0 0103530164 TIMEOUT_START
007 0 0104060952 RESP_END
007 0 0110530676 TIMEOUT_END
008 0 0112522872 STIM_START
008 0 0113752160 LICK
008 0 0115795904 STIM_END_RESP_START
008 0 0116995936 RESP_END
009 0 0121260164 STIM_START
009 0 0124633228 LICK
009 0 0124783012 STIM_END_RESP_START
009 0 0125169768 LICK
009 0 0125170256 TIMEOUT_START
009 0 0125307784 LICK
009 0 0125308276 TIMEOUT_START
009 0 0125983048 RESP_END
009 0 0132308780 TIMEOUT_END
010 1 0134570028 STIM_START
010 1 0137843040 STIM_END_RESP_START
010 1 0138535044 LICK
010 1 0138535532 REWARD_START
010 1 0139043072 RESP_END
010 1 0138586064 REWARD_END
011 1 0141068492 STIM_START
011 1 0144341504 STIM_END_RESP_START
011 1 0145263080 LICK
011 1 0145263568 REWARD_START
011 1 0145541548 RESP_END
011 1 0145314088 REWARD_END
012 0 0163251512 STIM_START
012 0 0163608980 LICK
012 0 0164068828 LICK
012 0 0164375504 LICK
012 0 0164528828 LICK
012 0 0164682164 LICK
012 0 0164866196 LICK
012 0 0165433428 LICK
012 0 0166000668 LICK
012 0 0166524528 STIM_END_RESP_START
012 0 0166751736 LICK
012 0 0166752224 TIMEOUT_START
012 0 0167073664 LICK
012 0 0167074156 TIMEOUT_START
012 0 0167410952 LICK
012 0 0167411440 TIMEOUT_START
012 0 0167724560 RESP_END
012 0 0174411952 TIMEOUT_END
013 1 0176355504 STIM_START
013 1 0177893648 LICK
013 1 0178047040 LICK
013 1 0178782892 LICK
013 1 0179488080 LICK
013 1 0179878392 STIM_END_RESP_START
013 1 0180300452 LICK
013 1 0180300948 REWARD_START
013 1 0180637828 LICK
013 1 0181078420 RESP_END
013 1 0180351460 REWARD_END
014 1 0194200816 STIM_START
014 1 0196025568 LICK
014 1 0197190600 LICK
014 1 0197972244 LICK
014 1 0198223372 STIM_END_RESP_START
014 1 0198585476 LICK
014 1 0198585964 REWARD_START
014 1 0199423404 RESP_END
014 1 0198636492 REWARD_END
015 1 0211010832 STIM_START
015 1 0212947304 LICK
015 1 0213683100 LICK
015 1 0214158348 LICK
015 1 0215033392 STIM_END_RESP_START
015 1 0215185288 LICK
015 1 0215185780 REWARD_START
015 1 0216233408 RESP_END
015 1 0215236292 REWARD_END
016 0 0224239620 STIM_START
016 0 0225822600 LICK
016 0 0226282420 LICK
016 0 0226711592 LICK
016 0 0227340136 LICK
016 0 0227677352 LICK
016 0 0227762496 STIM_END_RESP_START
016 0 0227968752 LICK
016 0 0227969244 TIMEOUT_START
016 0 0228137432 LICK
016 0 0228137920 TIMEOUT_START
016 0 0228290756 LICK
016 0 0228291244 TIMEOUT_START
016 0 0228888608 LICK
016 0 0228889096 TIMEOUT_START
016 0 0228962520 RESP_END
016 0 0235889600 TIMEOUT_END
017 0 0240487868 STIM_START
017 0 0244001788 LICK
017 0 0244510440 STIM_END_RESP_START
017 0 0244798940 LICK
017 0 0244799428 TIMEOUT_START
017 0 0245151492 LICK
017 0 0245151984 TIMEOUT_START
017 0 0245703348 LICK
017 0 0245703848 TIMEOUT_START
017 0 0245710476 RESP_END
017 0 0252704356 TIMEOUT_END
018 1 0254680192 STIM_START
018 1 0255098620 LICK
018 1 0256094912 LICK
018 1 0256539572 LICK
018 1 0256769524 LICK
018 1 0257106824 LICK
018 1 0257321436 LICK
018 1 0257674012 LICK
018 1 0257953228 STIM_END_RESP_START
018 1 0258547732 LICK
018 1 0258548220 REWARD_START
018 1 0258977020 LICK
018 1 0259153252 RESP_END
018 1 0258598736 REWARD_END
019 1 0287767332 STIM_START
019 1 0291023680 LICK
019 1 0291698176 LICK
019 1 0291789888 STIM_END_RESP_START
019 1 0292050828 LICK
019 1 0292051320 REWARD_START
019 1 0292418788 LICK
019 1 0292989928 RESP_END
019 1 0292101836 REWARD_END
020 0 0297287200 STIM_START
020 0 0299576344 LICK
020 0 0299867564 LICK
020 0 0300250912 LICK
020 0 0300560204 STIM_END_RESP_START
020 0 0300787452 LICK
020 0 0300787948 TIMEOUT_START
020 0 0301753072 LICK
020 0 0301753568 TIMEOUT_START
020 0 0301760232 RESP_END
020 0 0308754080 TIMEOUT_END
021 1 0313109660 STIM_START
021 1 0314627440 LICK
021 1 0316882392 STIM_END_RESP_START
021 1 0318082424 RESP_END
022 0 0321886928 STIM_START
022 0 0325140868 LICK
022 0 0325409776 STIM_END_RESP_START
022 0 0326351780 LICK
022 0 0326352276 TIMEOUT_START
022 0 0326609824 RESP_END
022 0 0333352784 TIMEOUT_END
023 1 0335513556 STIM_START
023 1 0339286256 STIM_END_RESP_START
023 1 0340486288 RESP_END
024 0 0343579284 STIM_START
024 0 0347303244 LICK
024 0 0347351980 STIM_END_RESP_START
024 0 0348552004 RESP_END
025 0 0350652412 STIM_START
025 0 0354674968 STIM_END_RESP_START
025 0 0355875000 RESP_END
026 1 0357904496 STIM_START
026 1 0361427368 STIM_END_RESP_START
026 1 0362627400 RESP_END
027 0 0364684840 STIM_START
027 0 0368457568 STIM_END_RESP_START
027 0 0369657600 RESP_END
028 0 0371781084 STIM_START
028 0 0375298380 LICK
028 0 0375803636 STIM_END_RESP_START
028 0 0376248708 LICK
028 0 0376249200 TIMEOUT_START
028 0 0377003660 RESP_END
028 0 0383249708 TIMEOUT_END
029 0 0385457648 STIM_START
029 0 0389480200 STIM_END_RESP_START
029 0 0389952888 LICK
029 0 0389953372 TIMEOUT_START
029 0 0390680244 RESP_END
029 0 0396953888 TIMEOUT_END
030 1 0399319148 STIM_START
030 1 0403341700 STIM_END_RESP_START
030 1 0404541732 RESP_END
031 0 0406352372 STIM_START
031 0 0410125104 STIM_END_RESP_START
031 0 0411325132 RESP_END
032 1 0413178672 STIM_START
032 1 0416701552 STIM_END_RESP_START
032 1 0417901584 RESP_END
033 1 0419745136 STIM_START
033 1 0423767684 STIM_END_RESP_START
033 1 0424967716 RESP_END
034 1 0426712428 STIM_START
034 1 0429985440 STIM_END_RESP_START
034 1 0431185472 RESP_END
035 0 0433246848 STIM_START
035 0 0436769720 STIM_END_RESP_START
035 0 0437969748 RESP_END
036 0 0439868280 STIM_START
036 0 0443141296 STIM_END_RESP_START
036 0 0444341328 RESP_END
037 1 0446097000 STIM_START
037 1 0449619872 STIM_END_RESP_START
037 1 0450819904 RESP_END
038 0 0452648384 STIM_START
038 0 0456171256 STIM_END_RESP_START
038 0 0457371288 RESP_END
039 0 0459221896 STIM_START
039 0 0462994596 STIM_END_RESP_START
039 0 0464194624 RESP_END
040 1 0466337004 STIM_START
040 1 0469610016 STIM_END_RESP_START
040 1 0470810048 RESP_END
041 0 0472916520 STIM_START
041 0 0476439392 STIM_END_RESP_START
041 0 0477639424 RESP_END
042 0 0479566864 STIM_START
042 0 0483089736 STIM_END_RESP_START
042 0 0484289772 RESP_END
043 0 0486310300 STIM_START
043 0 0490332856 STIM_END_RESP_START
043 0 0491532888 RESP_END
044 1 0493420376 STIM_START
044 1 0497193076 STIM_END_RESP_START
044 1 0498393108 RESP_END
045 0 0500575524 STIM_START
045 0 0504598076 STIM_END_RESP_START
045 0 0505798108 RESP_END
046 1 0507695700 STIM_START
046 1 0510968716 STIM_END_RESP_START
046 1 0512168748 RESP_END
047 1 0514129220 STIM_START
047 1 0517901948 STIM_END_RESP_START
047 1 0519101980 RESP_END
048 1 0521253376 STIM_START
048 1 0525275928 STIM_END_RESP_START
048 1 0526475960 RESP_END
049 0 0528579472 STIM_START
049 0 0532602028 STIM_END_RESP_START
049 0 0533802056 RESP_END
050 1 0535914532 STIM_START
050 1 0539437408 STIM_END_RESP_START
050 1 0540637440 RESP_END
051 0 0542378984 STIM_START
051 0 0545652000 STIM_END_RESP_START
051 0 0546852032 RESP_END
052 1 0548695624 STIM_START
052 1 0552468316 STIM_END_RESP_START
052 1 0553668348 RESP_END
053 0 0555644840 STIM_START
053 0 0559417576 STIM_END_RESP_START
053 0 0560617608 RESP_END
054 0 0562803012 STIM_START
054 0 0566325884 STIM_END_RESP_START
054 0 0567525912 RESP_END
055 0 0569344432 STIM_START
055 0 0572617444 STIM_END_RESP_START
055 0 0573817476 RESP_END
056 1 0575711080 STIM_START
056 1 0579233960 STIM_END_RESP_START
056 1 0580234888 LICK
056 1 0580235384 REWARD_START
056 1 0580434000 RESP_END
056 1 0580285900 REWARD_END
057 0 0591202664 STIM_START
057 0 0594975364 STIM_END_RESP_START
057 0 0596019664 LICK
057 0 0596020152 TIMEOUT_START
057 0 0596175400 RESP_END
057 0 0603020672 TIMEOUT_END
058 1 0605004168 STIM_START
058 1 0608776900 STIM_END_RESP_START
058 1 0609976932 RESP_END
059 1 0612605088 STIM_START
059 1 0616627640 STIM_END_RESP_START
059 1 0617827672 RESP_END
060 0 0619789224 STIM_START
060 0 0623062244 STIM_END_RESP_START
060 0 0624262276 RESP_END
061 1 0626479668 STIM_START
061 1 0630252364 STIM_END_RESP_START
061 1 0631452396 RESP_END
062 1 0633369956 STIM_START
062 1 0637142688 STIM_END_RESP_START
062 1 0638342720 RESP_END
063 1 0640367184 STIM_START
063 1 0644139916 STIM_END_RESP_START
063 1 0645339952 RESP_END
064 0 0647364336 STIM_START
064 0 0648383116 LICK
064 0 0651386912 STIM_END_RESP_START
064 0 0652586936 RESP_END
065 0 0657381920 STIM_START
065 0 0661154652 STIM_END_RESP_START
065 0 0662354684 RESP_END
066 0 0664545052 STIM_START
066 0 0668317792 STIM_END_RESP_START
066 0 0669517816 RESP_END
067 1 0671713272 STIM_START
067 1 0675236148 STIM_END_RESP_START
067 1 0675795000 LICK
067 1 0675795488 REWARD_START
067 1 0676132332 LICK
067 1 0676436160 RESP_END
067 1 0675846020 REWARD_END
068 1 0685832628 STIM_START
068 1 0688852808 LICK
068 1 0689105652 STIM_END_RESP_START
068 1 0690305684 RESP_END
069 0 0694595848 STIM_START
069 0 0698618400 STIM_END_RESP_START
069 0 0699818432 RESP_END
070 0 0701987864 STIM_START
070 0 0705510740 STIM_END_RESP_START
070 0 0706710768 RESP_END
071 0 0708823228 STIM_START
071 0 0712595960 STIM_END_RESP_START
071 0 0713795992 RESP_END
072 1 0719179584 STIM_START
072 1 0722702464 STIM_END_RESP_START
072 1 0723902496 RESP_END
073 1 0725866040 STIM_START
073 1 0729139052 STIM_END_RESP_START
073 1 0729985396 LICK
073 1 0729985884 REWARD_START
073 1 0730339092 RESP_END
073 1 0730036404 REWARD_END
074 1 0760703228 STIM_START
074 1 0762354552 LICK
074 1 0763136228 LICK
074 1 0763976236 STIM_END_RESP_START
074 1 0765176276 RESP_END
075 0 0775263312 STIM_START
075 0 0776361716 LICK
075 0 0779285876 STIM_END_RESP_START
075 0 0780485912 RESP_END
076 1 0792044260 STIM_START
076 1 0795816968 STIM_END_RESP_START
076 1 0797016996 RESP_END
077 0 0799051484 STIM_START
077 0 0802824224 STIM_END_RESP_START
077 0 0804024248 RESP_END
078 1 0805920844 STIM_START
078 1 0806260928 LICK
078 1 0809943408 STIM_END_RESP_START
078 1 0811143440 RESP_END
079 0 0833849792 STIM_START
079 0 0837622520 STIM_END_RESP_START
079 0 0838367020 LICK
079 0 0838367516 TIMEOUT_START
079 0 0838822552 RESP_END
079 0 0845368032 TIMEOUT_END
080 1 0869460544 STIM_START
080 1 0873233244 STIM_END_RESP_START
080 1 0874433276 RESP_END
081 1 0877942956 STIM_START
081 1 0879208176 LICK
081 1 0881568472 LICK
081 1 0881965500 STIM_END_RESP_START
081 1 0883165516 RESP_END
082 0 0938766048 STIM_START
082 0 0942538784 STIM_END_RESP_START
082 0 0943738812 RESP_END
083 1 0945800316 STIM_START
083 1 0949073332 STIM_END_RESP_START
083 1 0950273364 RESP_END
084 1 0952113908 STIM_START
084 1 0956136468 STIM_END_RESP_START
084 1 0957336496 RESP_END
085 1 0959359948 STIM_START
085 1 0963132652 STIM_END_RESP_START
085 1 0964332688 RESP_END
086 0 0966340260 STIM_START
086 0 0969863132 STIM_END_RESP_START
086 0 0971063168 RESP_END
087 1 0973145600 STIM_START
087 1 0976918296 STIM_END_RESP_START
087 1 0978118328 RESP_END
088 1 0980254700 STIM_START
088 1 0984027400 STIM_END_RESP_START
088 1 0985227432 RESP_END
089 1 0987263976 STIM_START
089 1 0991036676 STIM_END_RESP_START
089 1 0992236712 RESP_END
090 0 0994026304 STIM_START
090 0 0998048864 STIM_END_RESP_START
090 0 0998159904 LICK
090 0 0998160400 TIMEOUT_START
090 0 0998803836 LICK
090 0 0998804324 TIMEOUT_START
090 0 0999003160 LICK
090 0 0999003648 TIMEOUT_START
090 0 0999171876 LICK
090 0 0999172368 TIMEOUT_START
090 0 0999248912 RESP_END
090 0 1006172880 TIMEOUT_END
091 1 1008297536 STIM_START
091 1 1012070248 STIM_END_RESP_START
091 1 1013270296 RESP_END
092 0 1015455732 STIM_START
092 0 1019478308 STIM_END_RESP_START
092 0 1020678320 RESP_END
093 1 1022501872 STIM_START
093 1 1026274588 STIM_END_RESP_START
093 1 1027474636 RESP_END
094 1 1029299272 STIM_START
094 1 1032822160 STIM_END_RESP_START
094 1 1034022208 RESP_END
095 1 1035840728 STIM_START
095 1 1039363576 STIM_END_RESP_START
095 1 1040563624 RESP_END
096 0 1042445116 STIM_START
096 0 1045967972 STIM_END_RESP_START
096 0 1047168020 RESP_END
097 1 1049265432 STIM_START
097 1 1053038140 STIM_END_RESP_START
097 1 1054238188 RESP_END
098 0 1056084756 STIM_START
098 0 1059607612 STIM_END_RESP_START
098 0 1060807656 RESP_END
099 0 1062556256 STIM_START
099 0 1066079140 STIM_END_RESP_START
099 0 1067279188 RESP_END
100 0 1069487596 STIM_START
100 0 1073510164 STIM_END_RESP_START
100 0 1074710212 RESP_END
101 1 1076534768 STIM_START
101 1 1079807796 STIM_END_RESP_START
101 1 1081007808 RESP_END
102 1 1082763368 STIM_START
102 1 1086286256 STIM_END_RESP_START
102 1 1087486304 RESP_END
103 1 1089625716 STIM_START
103 1 1092898744 STIM_END_RESP_START
103 1 1094098792 RESP_END
USER_EXIT