001 0 0003867076 STIM_START
001 0 0003887500 LICK
001 0 0007639780 STIM_END_RESP_START
001 0 0008839812 RESP_END
002 1 0011048112 STIM_START
002 1 0011184500 LICK
002 1 0013039076 LICK
002 1 0014570972 STIM_END_RESP_START
002 1 0015771020 RESP_END
003 1 0018047332 STIM_START
003 1 0021320328 STIM_END_RESP_START
003 1 0022357344 LICK
003 1 0022357784 REWARD_START
003 1 0022520344 RESP_END
003 1 0022408256 REWARD_END
004 1 0029698080 STIM_START
004 1 0033720620 STIM_END_RESP_START
004 1 0034020204 LICK
004 1 0034020648 REWARD_START
004 1 0034618108 LICK
004 1 0034920644 RESP_END
004 1 0034071116 REWARD_END
005 0 0039348780 STIM_START
005 0 0039522352 LICK
005 0 0040242788 LICK
005 0 0041484392 LICK
005 0 0042621800 STIM_END_RESP_START
005 0 0042986488 LICK
005 0 0042986932 TIMEOUT_START
005 0 0043821836 RESP_END
005 0 0049987380 TIMEOUT_END
006 0 0061777644 STIM_START
006 0 0063752700 LICK
006 0 0064166620 LICK
006 0 0065050684 STIM_END_RESP_START
006 0 0065776004 LICK
006 0 0065776440 TIMEOUT_START
006 0 0066250696 RESP_END
006 0 0072776896 TIMEOUT_END
007 0 0078673492 STIM_START
007 0 0079860948 LICK
007 0 0082359240 LICK
007 0 0082446212 STIM_END_RESP_START
007 0 0083202292 LICK
007 0 0083202732 TIMEOUT_START
007 0 0083401584 LICK
007 0 0083402032 TIMEOUT_START
007 0 0083646228 RESP_END
007 0 0090402496 TIMEOUT_END
008 1 0095623328 STIM_START
008 1 0098482544 LICK
008 1 0098957764 LICK
008 1 0099146212 STIM_END_RESP_START
008 1 0099249076 LICK
008 1 0099249524 REWARD_START
008 1 0099540468 LICK
008 1 0100346252 RESP_END
008 1 0099299988 REWARD_END
009 1 0104255640 STIM_START
009 1 0104858592 LICK
009 1 0106468072 LICK
009 1 0107633196 LICK
009 1 0108278184 STIM_END_RESP_START
009 1 0108675588 LICK
009 1 0108676076 REWARD_START
009 1 0109135612 LICK
009 1 0109478204 RESP_END
009 1 0108726592 REWARD_END
010 1 0118011196 STIM_START
010 1 0118699040 LICK
010 1 0120216488 LICK
010 1 0121228192 LICK
010 1 0122033760 STIM_END_RESP_START
010 1 0122285888 LICK
010 1 0122286380 REWARD_START
010 1 0123233808 RESP_END
010 1 0122336896 REWARD_END
011 0 0125624072 STIM_START
011 0 0128876624 LICK
011 0 0129259932 LICK
011 0 0129396788 STIM_END_RESP_START
011 0 0129413332 LICK
011 0 0129413816 TIMEOUT_START
011 0 0129643344 LICK
011 0 0129643836 TIMEOUT_START
011 0 0130596804 RESP_END
011 0 0136644348 TIMEOUT_END
012 1 0139366632 STIM_START
012 1 0140372744 LICK
012 1 0141047284 LICK
012 1 0141323316 LICK
012 1 0142197176 LICK
012 1 0142639628 STIM_END_RESP_START
012 1 0143839660 RESP_END
013 0 0145794264 STIM_START
013 0 0146105388 LICK
013 0 0147178560 LICK
013 0 0149317108 STIM_END_RESP_START
013 0 0150335888 LICK
013 0 0150336376 TIMEOUT_START
013 0 0150517156 RESP_END
013 0 0157336892 TIMEOUT_END
014 0 0163103768 STIM_START
014 0 0165432760 LICK
014 0 0165678120 LICK
014 0 0166184000 LICK
014 0 0166797256 LICK
014 0 0167126324 STIM_END_RESP_START
014 0 0167732196 LICK
014 0 0167732688 TIMEOUT_START
014 0 0168326368 RESP_END
014 0 0174733184 TIMEOUT_END
015 0 0178102760 STIM_START
015 0 0178920892 LICK
015 0 0180269776 LICK
015 0 0180928944 LICK
015 0 0181971268 LICK
015 0 0182125316 STIM_END_RESP_START
015 0 0183274220 LICK
015 0 0183274716 TIMEOUT_START
015 0 0183325356 RESP_END
015 0 0190275224 TIMEOUT_END
016 1 0199162236 STIM_START
016 1 0201467560 LICK
016 1 0202571132 LICK
016 1 0203184792 STIM_END_RESP_START
016 1 0203797252 LICK
016 1 0203797748 REWARD_START
016 1 0203981312 LICK
016 1 0204384816 RESP_END
016 1 0203848264 REWARD_END
017 0 0207585716 STIM_START
017 0 0207606248 LICK
017 0 0210602444 LICK
017 0 0210858736 STIM_END_RESP_START
017 0 0211629448 LICK
017 0 0211629932 TIMEOUT_START
017 0 0211736860 LICK
017 0 0211737348 TIMEOUT_START
017 0 0212058784 RESP_END
017 0 0218737860 TIMEOUT_END
018 1 0224795372 STIM_START
018 1 0228068392 STIM_END_RESP_START
018 1 0228319880 LICK
018 1 0228320376 REWARD_START
018 1 0229268412 RESP_END
018 1 0228370888 REWARD_END
019 0 0235958408 STIM_START
019 0 0236090232 LICK
019 0 0239231432 STIM_END_RESP_START
019 0 0240182268 LICK
019 0 0240182760 TIMEOUT_START
019 0 0240431480 RESP_END
019 0 0247183268 TIMEOUT_END
020 1 0249359108 STIM_START
020 1 0250159304 LICK
020 1 0252105916 LICK
020 1 0253131816 STIM_END_RESP_START
020 1 0253163692 LICK
020 1 0253164180 REWARD_START
020 1 0254331852 RESP_END
020 1 0253214708 REWARD_END
021 0 0257879536 STIM_START
021 0 0257900072 LICK
021 0 0258482100 LICK
021 0 0261118344 LICK
021 0 0261532332 LICK
021 0 0261902088 STIM_END_RESP_START
021 0 0263102120 RESP_END
022 1 0267437288 STIM_START
022 1 0270666784 LICK
022 1 0271065324 LICK
022 1 0271459824 STIM_END_RESP_START
022 1 0271555944 LICK
022 1 0271556432 REWARD_START
022 1 0272659864 RESP_END
022 1 0271606952 REWARD_END
023 0 0274492472 STIM_START
023 0 0275510092 LICK
023 0 0278015348 STIM_END_RESP_START
023 0 0279215384 RESP_END
024 1 0284266180 STIM_START
024 1 0284322468 LICK
024 1 0286820752 LICK
024 1 0287265296 LICK
024 1 0287789060 STIM_END_RESP_START
024 1 0288706148 LICK
024 1 0288706640 REWARD_START
024 1 0288989072 RESP_END
024 1 0288757152 REWARD_END
025 1 0291640180 STIM_START
025 1 0293242836 LICK
025 1 0294714248 LICK
025 1 0294913204 STIM_END_RESP_START
025 1 0296113248 RESP_END
026 1 0298773324 STIM_START
026 1 0299741244 LICK
026 1 0301182076 LICK
026 1 0301764664 LICK
026 1 0302546040 STIM_END_RESP_START
026 1 0303374116 LICK
026 1 0303374612 REWARD_START
026 1 0303542908 LICK
026 1 0303746064 RESP_END
026 1 0303425128 REWARD_END
027 0 0312171060 STIM_START
027 0 0313887564 LICK
027 0 0315067848 LICK
027 0 0315444076 STIM_END_RESP_START
027 0 0315466448 LICK
027 0 0315466940 TIMEOUT_START
027 0 0316432176 LICK
027 0 0316432672 TIMEOUT_START
027 0 0316644116 RESP_END
027 0 0323433172 TIMEOUT_END
028 0 0325259976 STIM_START
028 0 0325368192 LICK
028 0 0326211356 LICK
028 0 0326870544 LICK
028 0 0328112112 LICK
028 0 0328878524 LICK
028 0 0329282544 STIM_END_RESP_START
028 0 0330396060 LICK
028 0 0330396548 TIMEOUT_START
028 0 0330482588 RESP_END
028 0 0337397052 TIMEOUT_END
029 1 0339201520 STIM_START
029 1 0340527652 LICK
029 1 0342060660 LICK
029 1 0342474540 STIM_END_RESP_START
029 1 0343674568 RESP_END
030 1 0345805852 STIM_START
030 1 0348789128 LICK
030 1 0349328704 STIM_END_RESP_START
030 1 0349862152 LICK
030 1 0349862640 REWARD_START
030 1 0350046260 LICK
030 1 0350528752 RESP_END
030 1 0349913156 REWARD_END
031 1 0353133900 STIM_START
031 1 0357156456 STIM_END_RESP_START
031 1 0357557004 LICK
031 1 0357557500 REWARD_START
031 1 0358356480 RESP_END
031 1 0357608016 REWARD_END
032 0 0360405040 STIM_START
032 0 0361802476 LICK
032 0 0363120568 LICK
032 0 0363687768 LICK
032 0 0363927892 STIM_END_RESP_START
032 0 0364101680 LICK
032 0 0364102168 TIMEOUT_START
032 0 0365127912 RESP_END
032 0 0371102680 TIMEOUT_END
033 0 0374825132 STIM_START
033 0 0378597824 STIM_END_RESP_START
033 0 0379797860 RESP_END
034 0 0381622468 STIM_START
034 0 0385645020 STIM_END_RESP_START
034 0 0386845048 RESP_END
035 1 0388666668 STIM_START
035 1 0389811336 LICK
035 1 0390807860 LICK
035 1 0391421104 LICK
035 1 0391635836 LICK
035 1 0391819904 LICK
035 1 0392187908 LICK
035 1 0392356616 LICK
035 1 0392439384 STIM_END_RESP_START
035 1 0392693908 LICK
035 1 0392694400 REWARD_START
035 1 0393154028 LICK
035 1 0393639416 RESP_END
035 1 0392744932 REWARD_END
036 1 0397105128 STIM_START
036 1 0399422804 LICK
036 1 0400388448 LICK
036 1 0400627996 STIM_END_RESP_START
036 1 0401828012 RESP_END
037 1 0403972352 STIM_START
037 1 0406258560 LICK
037 1 0407245380 STIM_END_RESP_START
037 1 0407362292 LICK
037 1 0407362788 REWARD_START
037 1 0407561752 LICK
037 1 0408129024 LICK
037 1 0408405052 LICK
037 1 0408445412 RESP_END
037 1 0407413304 REWARD_END
038 0 0410894620 STIM_START
038 0 0414167640 STIM_END_RESP_START
038 0 0415367672 RESP_END
039 1 0417459052 STIM_START
039 1 0420981932 STIM_END_RESP_START
039 1 0421111304 LICK
039 1 0421111792 REWARD_START
039 1 0421923812 LICK
039 1 0422181952 RESP_END
039 1 0421162308 REWARD_END
040 0 0424230464 STIM_START
040 0 0424805452 LICK
040 0 0425955388 LICK
040 0 0427181708 LICK
040 0 0427503492 STIM_END_RESP_START
040 0 0427718284 LICK
040 0 0427718776 TIMEOUT_START
040 0 0428116940 LICK
040 0 0428117432 TIMEOUT_START
040 0 0428346972 LICK
040 0 0428347468 TIMEOUT_START
040 0 0428703520 RESP_END
040 0 0435347980 TIMEOUT_END
041 0 0443226120 STIM_START
041 0 0446499132 STIM_END_RESP_START
041 0 0447505640 LICK
041 0 0447506128 TIMEOUT_START
041 0 0447699180 RESP_END
041 0 0454506640 TIMEOUT_END
042 0 0456443928 STIM_START
042 0 0459921416 LICK
042 0 0460216644 STIM_END_RESP_START
042 0 0461416676 RESP_END
043 1 0463988904 STIM_START
043 1 0468011456 STIM_END_RESP_START
043 1 0469211488 RESP_END
044 0 0471277900 STIM_START
044 0 0475300456 STIM_END_RESP_START
044 0 0476500484 RESP_END
045 0 0478524992 STIM_START
045 0 0481798004 STIM_END_RESP_START
045 0 0482998036 RESP_END
046 1 0484828660 STIM_START
046 1 0488601356 STIM_END_RESP_START
046 1 0488981144 LICK
046 1 0488981636 REWARD_START
046 1 0489801404 RESP_END
046 1 0489032152 REWARD_END
047 1 0491826776 STIM_START
047 1 0494161628 LICK
047 1 0495295924 LICK
047 1 0495599476 STIM_END_RESP_START
047 1 0496414992 LICK
047 1 0496415480 REWARD_START
047 1 0496614460 LICK
047 1 0496799492 RESP_END
047 1 0496466000 REWARD_END
048 1 0501711424 STIM_START
048 1 0504002328 LICK
048 1 0505234292 STIM_END_RESP_START
048 1 0506434324 RESP_END
049 0 0508365836 STIM_START
049 0 0512138528 STIM_END_RESP_START
049 0 0513338556 RESP_END
050 1 0515294128 STIM_START
050 1 0517551272 LICK
050 1 0518816992 STIM_END_RESP_START
050 1 0518838984 LICK
050 1 0518839480 REWARD_START
050 1 0519283704 LICK
050 1 0520017036 RESP_END
050 1 0518889996 REWARD_END
051 0 0524514080 STIM_START
051 0 0525874076 LICK
051 0 0526211360 LICK
051 0 0526334092 LICK
051 0 0526441528 LICK
051 0 0526732768 LICK
051 0 0528286808 STIM_END_RESP_START
051 0 0528602868 LICK
051 0 0528603364 TIMEOUT_START
051 0 0529476620 LICK
051 0 0529477108 TIMEOUT_START
051 0 0529486860 RESP_END
051 0 0536477612 TIMEOUT_END
052 1 0538343620 STIM_START
052 1 0539332524 LICK
052 1 0539823128 LICK
052 1 0540451768 LICK
052 1 0541325600 LICK
052 1 0541616632 STIM_END_RESP_START
052 1 0541908160 LICK
052 1 0541908648 REWARD_START
052 1 0542122968 LICK
052 1 0542816680 RESP_END
052 1 0541959184 REWARD_END
053 1 0545412780 STIM_START
053 1 0547380292 LICK
053 1 0547594984 LICK
053 1 0548935648 STIM_END_RESP_START
053 1 0549097236 LICK
053 1 0549097732 REWARD_START
053 1 0549235376 LICK
053 1 0549680052 LICK
053 1 0549802764 LICK
053 1 0550135680 RESP_END
053 1 0549148244 REWARD_END
054 1 0553761236 STIM_START
054 1 0556639148 LICK
054 1 0557175728 LICK
054 1 0557533944 STIM_END_RESP_START
054 1 0558080152 LICK
054 1 0558080640 REWARD_START
054 1 0558310264 LICK
054 1 0558733980 RESP_END
054 1 0558131168 REWARD_END
055 0 0561616040 STIM_START
055 0 0562832124 LICK
055 0 0565138888 STIM_END_RESP_START
055 0 0565529936 LICK
055 0 0565530424 TIMEOUT_START
055 0 0566338932 RESP_END
055 0 0572530928 TIMEOUT_END
056 0 0574365080 STIM_START
056 0 0577485948 LICK
056 0 0577991840 LICK
056 0 0578137764 STIM_END_RESP_START
056 0 0578881028 LICK
056 0 0578881516 TIMEOUT_START
056 0 0579337808 RESP_END
056 0 0585882016 TIMEOUT_END
057 0 0589179040 STIM_START
057 0 0589472832 LICK
057 0 0590239480 LICK
057 0 0592508212 LICK
057 0 0592951756 STIM_END_RESP_START
057 0 0594151788 RESP_END
058 1 0595917396 STIM_START
058 1 0599690092 STIM_END_RESP_START
058 1 0599757996 LICK
058 1 0599758488 REWARD_START
058 1 0599942144 LICK
058 1 0600448080 LICK
058 1 0600890120 RESP_END
058 1 0599809016 REWARD_END
059 1 0604377808 STIM_START
059 1 0606931720 LICK
059 1 0607131092 LICK
059 1 0607330472 LICK
059 1 0607499212 LICK
059 1 0608150512 STIM_END_RESP_START
059 1 0608741020 LICK
059 1 0608741516 REWARD_START
059 1 0608925152 LICK
059 1 0609350540 RESP_END
059 1 0608792032 REWARD_END
060 1 0613288092 STIM_START
060 1 0617060784 STIM_END_RESP_START
060 1 0618260820 RESP_END
061 0 0620246220 STIM_START
061 0 0623519236 STIM_END_RESP_START
061 0 0624719268 RESP_END
062 1 0626643768 STIM_START
062 1 0629916788 STIM_END_RESP_START
062 1 0631116824 RESP_END
063 0 0632910428 STIM_START
063 0 0636433300 STIM_END_RESP_START
063 0 0637633332 RESP_END
064 1 0639547768 STIM_START
064 1 0643320464 STIM_END_RESP_START
064 1 0644520496 RESP_END
065 1 0646504028 STIM_START
065 1 0650276720 STIM_END_RESP_START
065 1 0651476752 RESP_END
066 1 0653638140 STIM_START
066 1 0657410836 STIM_END_RESP_START
066 1 0658610868 RESP_END
067 0 0660446472 STIM_START
067 0 0664469024 STIM_END_RESP_START
067 0 0665669056 RESP_END
068 0 0667589592 STIM_START
068 0 0670862612 STIM_END_RESP_START
068 0 0672062648 RESP_END
069 0 0674393904 STIM_START
069 0 0678166604 STIM_END_RESP_START
069 0 0679366628 RESP_END
070 1 0681179256 STIM_START
070 1 0685201804 STIM_END_RESP_START
070 1 0686401836 RESP_END
071 1 0688241464 STIM_START
071 1 0691764304 STIM_END_RESP_START
071 1 0692964328 RESP_END
072 0 0694844972 STIM_START
072 0 0698117984 STIM_END_RESP_START
072 0 0698269808 LICK
072 0 0698270296 TIMEOUT_START
072 0 0698714428 LICK
072 0 0698714916 TIMEOUT_START
072 0 0699318020 RESP_END
072 0 0705715424 TIMEOUT_END
073 0 0707690864 STIM_START
073 0 0708370332 LICK
073 0 0711482280 LICK
073 0 0711713436 STIM_END_RESP_START
073 0 0712356056 LICK
073 0 0712356544 TIMEOUT_START
073 0 0712913456 RESP_END
073 0 0719357056 TIMEOUT_END
074 1 0722245980 STIM_START
074 1 0725768848 STIM_END_RESP_START
074 1 0726968884 RESP_END
075 1 0729074336 STIM_START
075 1 0732847032 STIM_END_RESP_START
075 1 0733926580 LICK
075 1 0733927068 REWARD_START
075 1 0734047064 RESP_END
075 1 0733977608 REWARD_END
076 1 0735838648 STIM_START
076 1 0739111664 STIM_END_RESP_START
076 1 0740311696 RESP_END
077 0 0742053336 STIM_START
077 0 0745326352 STIM_END_RESP_START
077 0 0746526384 RESP_END
078 1 0750002992 STIM_START
078 1 0753525872 STIM_END_RESP_START
078 1 0754064104 LICK
078 1 0754064600 REWARD_START
078 1 0754725900 RESP_END
078 1 0754115116 REWARD_END
079 0 0758423400 STIM_START
079 0 0758493352 LICK
079 0 0762125956 LICK
079 0 0762196108 STIM_END_RESP_START
079 0 0762708516 LICK
079 0 0762709012 TIMEOUT_START
079 0 0763396144 RESP_END
079 0 0769709520 TIMEOUT_END
080 1 0771642288 STIM_START
080 1 0775414988 STIM_END_RESP_START
080 1 0775527452 LICK
080 1 0775527940 REWARD_START
080 1 0775680884 LICK
080 1 0776615028 RESP_END
080 1 0775578456 REWARD_END
081 0 0778679480 STIM_START
081 0 0781535608 LICK
081 0 0782194816 LICK
081 0 0782452196 STIM_END_RESP_START
081 0 0783589696 LICK
081 0 0783590184 TIMEOUT_START
081 0 0783652244 RESP_END
081 0 0790590696 TIMEOUT_END
082 0 0792440960 STIM_START
082 0 0794809804 LICK
082 0 0795070508 LICK
082 0 0795713968 STIM_END_RESP_START
082 0 0796312064 LICK
082 0 0796312552 TIMEOUT_START
082 0 0796434788 LICK
082 0 0796435276 TIMEOUT_START
082 0 0796913992 RESP_END
082 0 0803435780 TIMEOUT_END
083 1 0805435908 STIM_START
083 1 0807554004 LICK
083 1 0808958768 STIM_END_RESP_START
083 1 0810158804 RESP_END
084 0 0812020344 STIM_START
084 0 0815793040 STIM_END_RESP_START
084 0 0816993072 RESP_END
085 0 0818964684 STIM_START
085 0 0822987236 STIM_END_RESP_START
085 0 0824187268 RESP_END
086 1 0826267628 STIM_START
086 1 0829790508 STIM_END_RESP_START
086 1 0830990540 RESP_END
087 1 0833017972 STIM_START
087 1 0836290988 STIM_END_RESP_START
087 1 0836858216 LICK
087 1 0836858708 REWARD_START
087 1 0836981036 LICK
087 1 0837491016 RESP_END
087 1 0836909228 REWARD_END
088 1 0839315604 STIM_START
088 1 0841854664 LICK
088 1 0843088320 STIM_END_RESP_START
088 1 0843203588 LICK
088 1 0843204076 REWARD_START
088 1 0844288356 RESP_END
088 1 0843254588 REWARD_END
089 0 0847161320 STIM_START
089 0 0848322572 LICK
089 0 0850684196 STIM_END_RESP_START
089 0 0850775112 LICK
089 0 0850775600 TIMEOUT_START
089 0 0851020416 LICK
089 0 0851020912 TIMEOUT_START
089 0 0851725620 LICK
089 0 0851726108 TIMEOUT_START
089 0 0851884220 RESP_END
089 0 0858726620 TIMEOUT_END
090 1 0860783952 STIM_START
090 1 0862837812 LICK
090 1 0864064120 LICK
090 1 0864386112 LICK
090 1 0864662076 LICK
090 1 0864806508 STIM_END_RESP_START
090 1 0865413176 LICK
090 1 0865413664 REWARD_START
090 1 0865566632 LICK
090 1 0866006524 RESP_END
090 1 0865464176 REWARD_END
091 1 0867838112 STIM_START
091 1 0868539908 LICK
091 1 0870302768 LICK
091 1 0871111140 STIM_END_RESP_START
091 1 0871958264 LICK
091 1 0871958760 REWARD_START
091 1 0872311160 RESP_END
091 1 0872009272 REWARD_END
092 0 0875409008 STIM_START
092 0 0876126920 LICK
092 0 0876234284 LICK
092 0 0876602188 LICK
092 0 0878682036 STIM_END_RESP_START
092 0 0879544984 LICK
092 0 0879545480 TIMEOUT_START
092 0 0879882068 RESP_END
092 0 0886545984 TIMEOUT_END
093 1 0889331480 STIM_START
093 1 0892588404 LICK
093 1 0893354024 STIM_END_RESP_START
093 1 0894351028 LICK
093 1 0894351524 REWARD_START
093 1 0894554052 RESP_END
093 1 0894402040 REWARD_END
094 1 0899526956 STIM_START
094 1 0899930380 LICK
094 1 0901953700 LICK
094 1 0902996008 LICK
094 1 0903549508 STIM_END_RESP_START
094 1 0903854432 LICK
094 1 0903854920 REWARD_START
094 1 0904314480 LICK
094 1 0904749540 RESP_END
094 1 0903905440 REWARD_END
095 1 0908165260 STIM_START
095 1 0909724740 LICK
095 1 0910935776 LICK
095 1 0912100612 LICK
095 1 0912187804 STIM_END_RESP_START
095 1 0913357504 LICK
095 1 0913358000 REWARD_START
095 1 0913408548 RESP_END
095 1 0913408516 REWARD_END
096 0 0917284324 STIM_START
096 0 0921052016 LICK
096 0 0921057012 STIM_END_RESP_START
096 0 0922257060 RESP_END
097 1 0925391928 STIM_START
097 1 0927151992 LICK
097 1 0928240372 LICK
097 1 0928914780 STIM_END_RESP_START
097 1 0929466520 LICK
097 1 0929467012 REWARD_START
097 1 0929650628 LICK
097 1 0930114796 RESP_END
097 1 0929517540 REWARD_END
098 0 0932709960 STIM_START
098 0 0935704832 LICK
098 0 0936482676 STIM_END_RESP_START
098 0 0937682708 RESP_END
099 0 0939753152 STIM_START
099 0 0943775704 STIM_END_RESP_START
099 0 0944975736 RESP_END
100 0 0947098168 STIM_START
100 0 0950371184 STIM_END_RESP_START
100 0 0951338076 LICK
100 0 0951338564 TIMEOUT_START
100 0 0951571196 RESP_END
100 0 0958339088 TIMEOUT_END
101 1 0960315000 STIM_START
101 1 0963837876 STIM_END_RESP_START
101 1 0965037908 RESP_END
102 1 0966920444 STIM_START
102 1 0970443316 STIM_END_RESP_START
102 1 0971643348 RESP_END
103 0 0973515860 STIM_START
103 0 0977538416 STIM_END_RESP_START
103 0 0978738448 RESP_END
104 1 0980535076 STIM_START
104 1 0984557636 STIM_END_RESP_START
104 1 0985141100 LICK
104 1 0985141596 REWARD_START
104 1 0985757652 RESP_END
104 1 0985192112 REWARD_END
105 0 0990628672 STIM_START
105 0 0994401372 STIM_END_RESP_START
105 0 0995601396 RESP_END
106 1 0997718760 STIM_START
106 1 1001234404 LICK
106 1 1001741304 STIM_END_RESP_START
106 1 1002751984 LICK
106 1 1002752528 REWARD_START
106 1 1002941340 RESP_END
106 1 1002803104 REWARD_END
107 1 1007074676 STIM_START
107 1 1010347708 STIM_END_RESP_START
107 1 1011547720 RESP_END
108 0 1013464284 STIM_START
108 0 1016737276 STIM_END_RESP_START
108 0 1017849424 LICK
108 0 1017849964 TIMEOUT_START
108 0 1017937304 RESP_END
108 0 1024850520 TIMEOUT_END
109 0 1026776996 STIM_START
109 0 1030050028 STIM_END_RESP_START
109 0 1031103696 LICK
109 0 1031104232 TIMEOUT_START
109 0 1031250056 RESP_END
109 0 1038104800 TIMEOUT_END
110 1 1040272684 STIM_START
110 1 1044295252 STIM_END_RESP_START
110 1 1044404776 LICK
110 1 1044405320 REWARD_START
110 1 1045495268 RESP_END
110 1 1044455900 REWARD_END
111 1 1048162404 STIM_START
111 1 1052184972 STIM_END_RESP_START
111 1 1052773956 LICK
111 1 1052774496 REWARD_START
111 1 1053172660 LICK
111 1 1053384984 RESP_END
111 1 1052825072 REWARD_END
112 0 1056300056 STIM_START
112 0 1058153664 LICK
112 0 1059257272 LICK
112 0 1059822904 STIM_END_RESP_START
112 0 1061022916 RESP_END
113 1 1065895912 STIM_START
113 1 1069235324 LICK
113 1 1069918456 STIM_END_RESP_START
113 1 1071118464 RESP_END
114 0 1072971968 STIM_START
114 0 1074584492 LICK
114 0 1075320256 LICK
114 0 1076086732 LICK
114 0 1076494828 STIM_END_RESP_START
114 0 1077694836 RESP_END
115 0 1079587380 STIM_START
115 0 1081236544 LICK
115 0 1083014636 LICK
115 0 1083110264 STIM_END_RESP_START
115 0 1084310312 RESP_END
116 1 1086264784 STIM_START
116 1 1089787632 STIM_END_RESP_START
116 1 1089911596 LICK
116 1 1089912140 REWARD_START
116 1 1090111072 LICK
116 1 1090785676 LICK
116 1 1090987660 RESP_END
116 1 1089962720 REWARD_END
117 1 1094457332 STIM_START
117 1 1097980188 STIM_END_RESP_START
117 1 1099180236 RESP_END
118 1 1101399576 STIM_START
118 1 1104503508 LICK
118 1 1104687496 LICK
118 1 1104922432 STIM_END_RESP_START
118 1 1105055528 LICK
118 1 1105056072 REWARD_START
118 1 1105408248 LICK
118 1 1105592336 LICK
118 1 1106021520 LICK
118 1 1106122452 RESP_END
118 1 1105106648 REWARD_END
119 0 1108081048 STIM_START
119 0 1111125372 LICK
119 0 1111845872 LICK
119 0 1112103608 STIM_END_RESP_START
119 0 1112367208 LICK
119 0 1112367744 TIMEOUT_START
119 0 1112535884 LICK
119 0 1112536424 TIMEOUT_START
119 0 1113303652 RESP_END
119 0 1119536988 TIMEOUT_END
120 0 1121684580 STIM_START
120 0 1125207428 STIM_END_RESP_START
120 0 1126407440 RESP_END
121 1 1128447912 STIM_START
121 1 1132470452 STIM_END_RESP_START
121 1 1133670500 RESP_END
122 0 1135446216 STIM_START
122 0 1139218928 STIM_END_RESP_START
122 0 1140418976 RESP_END
123 0 1142367376 STIM_START
123 0 1146389908 STIM_END_RESP_START
123 0 1147589920 RESP_END
124 0 1149526556 STIM_START
124 0 1152967728 LICK
124 0 1153049420 STIM_END_RESP_START
124 0 1153136424 LICK
124 0 1153136964 TIMEOUT_START
124 0 1153320464 LICK
124 0 1153321004 TIMEOUT_START
124 0 1153489140 LICK
124 0 1153489676 TIMEOUT_START
124 0 1153979800 LICK
124 0 1153980332 TIMEOUT_START
124 0 1154249468 RESP_END
124 0 1160980904 TIMEOUT_END
125 1 1162748340 STIM_START
125 1 1166770908 STIM_END_RESP_START
125 1 1167582584 LICK
125 1 1167583124 REWARD_START
125 1 1167782024 LICK
125 1 1167970956 RESP_END
125 1 1167633708 REWARD_END
126 0 1169912512 STIM_START
126 0 1173453220 LICK
126 0 1173685220 STIM_END_RESP_START
126 0 1174885236 RESP_END
127 1 1178789744 STIM_START
127 1 1179538208 LICK
127 1 1181500324 LICK
127 1 1182562444 STIM_END_RESP_START
127 1 1183762492 RESP_END
128 0 1185652924 STIM_START
128 0 1189175772 STIM_END_RESP_START
128 0 1190375820 RESP_END
129 0 1192220468 STIM_START
129 0 1194957864 LICK
129 0 1195993164 STIM_END_RESP_START
129 0 1197193208 RESP_END
130 1 1198950736 STIM_START
130 1 1202473588 STIM_END_RESP_START
130 1 1203673604 RESP_END
131 0 1205558168 STIM_START
131 0 1209081028 STIM_END_RESP_START
131 0 1210281076 RESP_END
132 0 1212103704 STIM_START
132 0 1215376696 STIM_END_RESP_START
132 0 1216576708 RESP_END
133 0 1218767084 STIM_START
133 0 1222289936 STIM_END_RESP_START
133 0 1223489948 RESP_END
134 1 1225398416 STIM_START
134 1 1228671448 STIM_END_RESP_START
134 1 1229871464 RESP_END
135 0 1231908976 STIM_START
135 0 1235931508 STIM_END_RESP_START
135 0 1237131524 RESP_END
136 1 1239298928 STIM_START
136 1 1243071644 STIM_END_RESP_START
136 1 1244271660 RESP_END
137 1 1246344072 STIM_START
137 1 1249866928 STIM_END_RESP_START
137 1 1251066976 RESP_END
138 1 1252820560 STIM_START
138 1 1256843132 STIM_END_RESP_START
138 1 1258043148 RESP_END
139 0 1260086668 STIM_START
139 0 1263359660 STIM_END_RESP_START
139 0 1264559676 RESP_END
140 0 1266389216 STIM_START
140 0 1269912064 STIM_END_RESP_START
140 0 1271112080 RESP_END
141 1 1272876664 STIM_START
141 1 1276649376 STIM_END_RESP_START
141 1 1277849424 RESP_END
142 1 1280054784 STIM_START
142 1 1283827492 STIM_END_RESP_START
142 1 1285027504 RESP_END
143 0 1286980064 STIM_START
143 0 1291002632 STIM_END_RESP_START
143 0 1292202644 RESP_END
144 1 1293960256 STIM_START
144 1 1297483108 STIM_END_RESP_START
144 1 1298683124 RESP_END
145 0 1300841556 STIM_START
145 0 1304364408 STIM_END_RESP_START
145 0 1305564420 RESP_END
146 1 1307581872 STIM_START
146 1 1311604444 STIM_END_RESP_START
146 1 1312804492 RESP_END
147 1 1314684048 STIM_START
147 1 1318706616 STIM_END_RESP_START
147 1 1319906628 RESP_END
148 1 1321975076 STIM_START
148 1 1325248104 STIM_END_RESP_START
148 1 1326448152 RESP_END
149 0 1328318640 STIM_START
149 0 1332341212 STIM_END_RESP_START
149 0 1333541260 RESP_END
150 1 1335691672 STIM_START
150 1 1339464380 STIM_END_RESP_START
150 1 1340664392 RESP_END
151 0 1342613904 STIM_START
151 0 1346136756 STIM_END_RESP_START
151 0 1347336804 RESP_END
152 1 1349317288 STIM_START
152 1 1352590320 STIM_END_RESP_START
152 1 1353790332 RESP_END
153 1 1355848732 STIM_START
153 1 1359871300 STIM_END_RESP_START
153 1 1361071316 RESP_END
154 0 1363256792 STIM_START
154 0 1367029500 STIM_END_RESP_START
154 0 1368229512 RESP_END
155 1 1370342880 STIM_START
155 1 1373865728 STIM_END_RESP_START
155 1 1375065740 RESP_END
156 1 1377130272 STIM_START
156 1 1380403268 STIM_END_RESP_START
156 1 1381603308 RESP_END
157 0 1383467840 STIM_START
157 0 1387240552 STIM_END_RESP_START
157 0 1388440600 RESP_END
158 0 1390562964 STIM_START
158 0 1394335676 STIM_END_RESP_START
158 0 1395535688 RESP_END
159 1 1397448184 STIM_START
159 1 1401470752 STIM_END_RESP_START
159 1 1402670768 RESP_END
160 1 1404507392 STIM_START
160 1 1408030244 STIM_END_RESP_START
160 1 1409230292 RESP_END
161 0 1411290708 STIM_START
161 0 1415063416 STIM_END_RESP_START
161 0 1416263428 RESP_END
162 0 1418289016 STIM_START
162 0 1422061728 STIM_END_RESP_START
162 0 1423261744 RESP_END
163 1 1425290140 STIM_START
163 1 1428563140 STIM_END_RESP_START
163 1 1429763152 RESP_END
164 0 1431579732 STIM_START
164 0 1435602304 STIM_END_RESP_START
164 0 1436802316 RESP_END
165 0 1438902752 STIM_START
165 0 1442675464 STIM_END_RESP_START
165 0 1443875472 RESP_END
166 1 1445797020 STIM_START
166 1 1449569732 STIM_END_RESP_START
166 1 1450769744 RESP_END
167 1 1452904188 STIM_START
167 1 1456926764 STIM_END_RESP_START
167 1 1458126808 RESP_END
168 0 1459922420 STIM_START
168 0 1463445272 STIM_END_RESP_START
168 0 1464645320 RESP_END
169 1 1466820696 STIM_START
169 1 1470843264 STIM_END_RESP_START
169 1 1472043276 RESP_END
170 0 1474014732 STIM_START
170 0 1477287760 STIM_END_RESP_START
170 0 1478487808 RESP_END
171 1 1480438264 STIM_START
171 1 1483961112 STIM_END_RESP_START
171 1 1485161128 RESP_END
172 0 1486902856 STIM_START
172 0 1490175888 STIM_END_RESP_START
172 0 1491375900 RESP_END
173 1 1493310328 STIM_START
173 1 1497332868 STIM_END_RESP_START
173 1 1498532920 RESP_END
174 1 1500479420 STIM_START
174 1 1503752420 STIM_END_RESP_START
174 1 1504952432 RESP_END
175 0 1507169780 STIM_START
175 0 1510942492 STIM_END_RESP_START
175 0 1512142540 RESP_END
176 1 1514008084 STIM_START
176 1 1517281116 STIM_END_RESP_START
176 1 1518481128 RESP_END
177 0 1520556520 STIM_START
177 0 1524579092 STIM_END_RESP_START
177 0 1525779104 RESP_END
178 1 1527840580 STIM_START
178 1 1531863152 STIM_END_RESP_START
178 1 1533063204 RESP_END
179 1 1535056752 STIM_START
179 1 1539079292 STIM_END_RESP_START
179 1 1540279340 RESP_END
180 1 1542215808 STIM_START
180 1 1545738660 STIM_END_RESP_START
180 1 1546938672 RESP_END
181 0 1548815216 STIM_START
181 0 1552587932 STIM_END_RESP_START
181 0 1553787948 RESP_END
182 1 1555555588 STIM_START
182 1 1559328300 STIM_END_RESP_START
182 1 1560528312 RESP_END
183 1 1562434840 STIM_START
183 1 1565707872 STIM_END_RESP_START
183 1 1566907920 RESP_END
184 1 1568680488 STIM_START
184 1 1572703056 STIM_END_RESP_START
184 1 1573903072 RESP_END
185 0 1575693760 STIM_START
185 0 1579716328 STIM_END_RESP_START
185 0 1580916340 RESP_END
186 0 1582730848 STIM_START
186 0 1586003840 STIM_END_RESP_START
186 0 1587203852 RESP_END
187 1 1589377276 STIM_START
187 1 1593399844 STIM_END_RESP_START
187 1 1594599856 RESP_END
188 1 1596832312 STIM_START
188 1 1600854880 STIM_END_RESP_START
188 1 1602054928 RESP_END
189 0 1604023316 STIM_START
189 0 1608045884 STIM_END_RESP_START
189 0 1608510016 LICK
189 0 1608510556 TIMEOUT_START
189 0 1609245912 RESP_END
189 0 1615511124 TIMEOUT_END
190 0 1617633932 STIM_START
190 0 1621156784 STIM_END_RESP_START
190 0 1622356796 RESP_END
191 0 1624401280 STIM_START
191 0 1628173992 STIM_END_RESP_START
191 0 1629374040 RESP_END
192 1 1631138620 STIM_START
192 1 1634411620 STIM_END_RESP_START
192 1 1635611672 RESP_END
193 1 1637712076 STIM_START
193 1 1641234928 STIM_END_RESP_START
193 1 1642434976 RESP_END
194 0 1644262568 STIM_START
194 0 1647535596 STIM_END_RESP_START
194 0 1648735608 RESP_END
195 1 1650901940 STIM_START
195 1 1654674656 STIM_END_RESP_START
195 1 1655874672 RESP_END
196 0 1658104016 STIM_START
196 0 1661626868 STIM_END_RESP_START
196 0 1662826880 RESP_END
197 1 1664645488 STIM_START
197 1 1668668056 STIM_END_RESP_START
197 1 1669868104 RESP_END
198 0 1671823652 STIM_START
198 0 1675346500 STIM_END_RESP_START
198 0 1676546516 RESP_END
199 0 1678574932 STIM_START
199 0 1682597496 STIM_END_RESP_START
199 0 1683797544 RESP_END
200 1 1685556164 STIM_START
200 1 1689079020 STIM_END_RESP_START
200 1 1690279032 RESP_END
201 0 1691996728 STIM_START
201 0 1695269760 STIM_END_RESP_START
201 0 1696469808 RESP_END
202 0 1698244316 STIM_START
202 0 1702266888 STIM_END_RESP_START
202 0 1703466896 RESP_END
203 0 1705263468 STIM_START
203 0 1708536496 STIM_END_RESP_START
203 0 1709736544 RESP_END
204 1 1711772948 STIM_START
204 1 1715795516 STIM_END_RESP_START
204 1 1716995564 RESP_END
205 1 1718756156 STIM_START
205 1 1722029192 STIM_END_RESP_START
205 1 1723229240 RESP_END
206 0 1725254700 STIM_START
206 0 1728777552 STIM_END_RESP_START
206 0 1729977600 RESP_END
207 1 1731820080 STIM_START
207 1 1735342928 STIM_END_RESP_START
207 1 1736542944 RESP_END
208 0 1738386528 STIM_START
208 0 1741659556 STIM_END_RESP_START
208 0 1742859568 RESP_END
209 0 1744699108 STIM_START
209 0 1747972144 STIM_END_RESP_START
209 0 1749172188 RESP_END
210 1 1751232568 STIM_START
210 1 1754505600 STIM_END_RESP_START
210 1 1755705612 RESP_END
211 0 1757545144 STIM_START
211 0 1761317856 STIM_END_RESP_START
211 0 1762517904 RESP_END
212 0 1764288524 STIM_START
212 0 1767811372 STIM_END_RESP_START
212 0 1769011384 RESP_END
213 0 1770961892 STIM_START
213 0 1774484748 STIM_END_RESP_START
213 0 1775684764 RESP_END
214 1 1777529348 STIM_START
214 1 1780802376 STIM_END_RESP_START
214 1 1782002388 RESP_END
215 1 1784045852 STIM_START
215 1 1787818564 STIM_END_RESP_START
215 1 1788139068 LICK
215 1 1788139612 REWARD_START
215 1 1789018596 RESP_END
215 1 1788190188 REWARD_END
216 0 1797403576 STIM_START
216 0 1800676612 STIM_END_RESP_START
216 0 1801876628 RESP_END
217 1 1803822084 STIM_START
217 1 1807594796 STIM_END_RESP_START
217 1 1808794808 RESP_END
218 0 1810697380 STIM_START
218 0 1813970412 STIM_END_RESP_START
218 0 1815170460 RESP_END
219 1 1816991952 STIM_START
219 1 1820264944 STIM_END_RESP_START
219 1 1821464956 RESP_END
220 0 1823549396 STIM_START
220 0 1827072256 STIM_END_RESP_START
220 0 1828272268 RESP_END
221 1 1830481644 STIM_START
221 1 1834004500 STIM_END_RESP_START
221 1 1835204504 RESP_END
222 0 1837218988 STIM_START
222 0 1841241556 STIM_END_RESP_START
222 0 1842441572 RESP_END
223 1 1844411104 STIM_START
223 1 1848183820 STIM_END_RESP_START
223 1 1849383828 RESP_END
224 0 1851183424 STIM_START
224 0 1854956136 STIM_END_RESP_START
224 0 1856156152 RESP_END
225 1 1858068712 STIM_START
225 1 1861591564 STIM_END_RESP_START
225 1 1862791576 RESP_END
226 0 1864691112 STIM_START
226 0 1868463824 STIM_END_RESP_START
226 0 1868604484 LICK
226 0 1868605020 TIMEOUT_START
226 0 1869663848 RESP_END
226 0 1875605584 TIMEOUT_END
227 1 1877819092 STIM_START
227 1 1881591800 STIM_END_RESP_START
227 1 1882224528 LICK
227 1 1882225072 REWARD_START
227 1 1882791836 RESP_END
227 1 1882275648 REWARD_END
228 1 1895301536 STIM_START
228 1 1898824384 STIM_END_RESP_START
228 1 1900024400 RESP_END
229 1 1902247776 STIM_START
229 1 1905231572 LICK
229 1 1906020476 STIM_END_RESP_START
229 1 1906335180 LICK
229 1 1906335720 REWARD_START
229 1 1907220524 RESP_END
229 1 1906386304 REWARD_END
230 0 1910787156 STIM_START
230 0 1912711220 LICK
230 0 1914060192 STIM_END_RESP_START
230 0 1914351548 LICK
230 0 1914352092 TIMEOUT_START
230 0 1915260220 RESP_END
230 0 1921352660 TIMEOUT_END
231 1 1923321336 STIM_START
231 1 1925295760 LICK
231 1 1926660128 LICK
231 1 1927343892 STIM_END_RESP_START
231 1 1928543908 RESP_END
232 1 1930495516 STIM_START
232 1 1931580248 LICK
232 1 1933768512 STIM_END_RESP_START
232 1 1934186364 LICK
232 1 1934186908 REWARD_START
232 1 1934968532 RESP_END
232 1 1934237484 REWARD_END
233 0 1939341668 STIM_START
233 0 1941328796 LICK
233 0 1942846524 LICK
233 0 1942864540 STIM_END_RESP_START
233 0 1943337140 LICK
233 0 1943337676 TIMEOUT_START
233 0 1944064576 RESP_END
233 0 1950338240 TIMEOUT_END
234 1 1952936288 STIM_START
234 1 1956708996 STIM_END_RESP_START
234 1 1957010460 LICK
234 1 1957011000 REWARD_START
234 1 1957700400 LICK
234 1 1957909036 RESP_END
234 1 1957061576 REWARD_END
235 0 1960141392 STIM_START
235 0 1960259724 LICK
235 0 1960689084 LICK
235 0 1961057088 LICK
235 0 1961884912 LICK
235 0 1963433260 LICK
235 0 1964163944 STIM_END_RESP_START
235 0 1964399036 LICK
235 0 1964399576 TIMEOUT_START
235 0 1965363984 RESP_END
235 0 1971400152 TIMEOUT_END
236 1 1973360224 STIM_START
236 1 1973641984 LICK
236 1 1975159552 LICK
236 1 1976615740 LICK
236 1 1977382792 STIM_END_RESP_START
236 1 1977719460 LICK
236 1 1977720004 REWARD_START
236 1 1978578068 LICK
236 1 1978582832 RESP_END
236 1 1977770580 REWARD_END
237 0 1983471760 STIM_START
237 0 1986026848 LICK
237 0 1986994616 STIM_END_RESP_START
237 0 1987943184 LICK
237 0 1987943728 TIMEOUT_START
237 0 1988194652 RESP_END
237 0 1994944288 TIMEOUT_END
238 0 2001793872 STIM_START
238 0 2001815580 LICK
238 0 2002674084 LICK
238 0 2003440680 LICK
238 0 2004161236 LICK
238 0 2004268652 LICK
238 0 2004483292 LICK
238 0 2004744048 LICK
238 0 2005219376 LICK
238 0 2005316724 STIM_END_RESP_START
238 0 2005510636 LICK
238 0 2005511176 TIMEOUT_START
238 0 2005924652 LICK
238 0 2005925196 TIMEOUT_START
238 0 2006062664 LICK
238 0 2006063204 TIMEOUT_START
238 0 2006445972 LICK
238 0 2006446516 TIMEOUT_START
238 0 2006516764 RESP_END
238 0 2013447076 TIMEOUT_END
239 1 2015269508 STIM_START
239 1 2017175592 LICK
239 1 2019042204 STIM_END_RESP_START
239 1 2020242252 RESP_END
240 0 2023242196 STIM_START
240 0 2027014908 STIM_END_RESP_START
240 0 2028214920 RESP_END
241 1 2030477272 STIM_START
241 1 2034249988 STIM_END_RESP_START
241 1 2035450000 RESP_END
242 0 2038399976 STIM_START
242 0 2041672980 STIM_END_RESP_START
242 0 2042872992 RESP_END
243 1 2044864484 STIM_START
243 1 2048387340 STIM_END_RESP_START
243 1 2049587388 RESP_END
244 1 2051809784 STIM_START
244 1 2055332632 STIM_END_RESP_START
244 1 2056532644 RESP_END
245 1 2058374220 STIM_START
245 1 2061647248 STIM_END_RESP_START
245 1 2062847260 RESP_END
246 0 2064628868 STIM_START
246 0 2067901896 STIM_END_RESP_START
246 0 2069101912 RESP_END
247 1 2070935392 STIM_START
247 1 2074458252 STIM_END_RESP_START
247 1 2075658300 RESP_END
USER_EXIT