001 1 0017826808 STIM_START
001 1 0021849388 STIM_END_RESP_START
001 1 0023049396 RESP_END
002 1 0024832056 STIM_START
002 1 0028604768 STIM_END_RESP_START
002 1 0029804780 RESP_END
003 0 0031857268 STIM_START
003 0 0035629980 STIM_END_RESP_START
003 0 0036829992 RESP_END
004 0 0038691520 STIM_START
004 0 0041964560 STIM_END_RESP_START
004 0 0043164600 RESP_END
005 0 0044990172 STIM_START
005 0 0048513032 STIM_END_RESP_START
005 0 0049713036 RESP_END
006 1 0051500600 STIM_START
006 1 0055023456 STIM_END_RESP_START
006 1 0056223468 RESP_END
007 0 0058162008 STIM_START
007 0 0062184548 STIM_END_RESP_START
007 0 0063384596 RESP_END
008 0 0065463088 STIM_START
008 0 0069485632 STIM_END_RESP_START
008 0 0070685672 RESP_END
