001 1 0056329184 STIM_START
001 1 0058184748 LICK
001 1 0058613892 LICK
001 1 0058966416 LICK
001 1 0060008464 LICK
001 1 0060351760 STIM_END_RESP_START
001 1 0060376248 LICK
001 1 0060376688 REWARD_START
001 1 0061551804 RESP_END
001 1 0060427172 REWARD_END
002 0 0063736196 STIM_START
002 0 0063756676 LICK
002 0 0063931500 LICK
002 0 0064330100 LICK
002 0 0064728592 LICK
002 0 0065387584 LICK
002 0 0066215248 LICK
002 0 0067508912 STIM_END_RESP_START
002 0 0067533100 LICK
002 0 0067533540 TIMEOUT_START
002 0 0067870336 LICK
002 0 0067870780 TIMEOUT_START
002 0 0068708952 RESP_END
002 0 0074871236 TIMEOUT_END
003 0 0077049008 STIM_START
003 0 0080322040 STIM_END_RESP_START
003 0 0081522052 RESP_END
004 0 0083711516 STIM_START
004 0 0087234372 STIM_END_RESP_START
004 0 0088434420 RESP_END
005 1 0090250944 STIM_START
005 1 0093773800 STIM_END_RESP_START
005 1 0094973812 RESP_END
006 0 0097143168 STIM_START
006 0 0101165740 STIM_END_RESP_START
006 0 0102365772 RESP_END
007 0 0104412228 STIM_START
007 0 0107935100 STIM_END_RESP_START
007 0 0109135128 RESP_END
008 1 0111165608 STIM_START
008 1 0115188156 STIM_END_RESP_START
008 1 0116388188 RESP_END
009 1 0118228772 STIM_START
009 1 0122001472 STIM_END_RESP_START
009 1 0123201496 RESP_END
010 1 0125105076 STIM_START
010 1 0128378096 STIM_END_RESP_START
010 1 0129578128 RESP_END
011 0 0131595556 STIM_START
011 0 0135368288 STIM_END_RESP_START
011 0 0136568316 RESP_END
012 1 0138441928 STIM_START
012 1 0141964796 STIM_END_RESP_START
012 1 0143164828 RESP_END
013 0 0145115264 STIM_START
013 0 0148388280 STIM_END_RESP_START
013 0 0149588308 RESP_END
014 0 0151754748 STIM_START
014 0 0155777304 STIM_END_RESP_START
014 0 0156973312 LICK
014 0 0156973800 TIMEOUT_START
014 0 0156977352 RESP_END
014 0 0163974304 TIMEOUT_END
015 1 0165745156 STIM_START
015 1 0169268036 STIM_END_RESP_START
015 1 0170468064 RESP_END
016 0 0172637508 STIM_START
016 0 0176160380 STIM_END_RESP_START
016 0 0176604140 LICK
016 0 0176604636 TIMEOUT_START
016 0 0177360400 RESP_END
016 0 0183605140 TIMEOUT_END
017 1 0185667368 STIM_START
017 1 0189440100 STIM_END_RESP_START
017 1 0190640120 RESP_END
018 0 0192642704 STIM_START
018 0 0196415432 STIM_END_RESP_START
018 0 0197615464 RESP_END
019 0 0199416048 STIM_START
019 0 0203188776 STIM_END_RESP_START
019 0 0204388808 RESP_END
020 0 0206569112 STIM_START
020 0 0209842124 STIM_END_RESP_START
020 0 0211042152 RESP_END
021 1 0213226608 STIM_START
021 1 0216499616 STIM_END_RESP_START
021 1 0217699644 RESP_END
022 1 0219680020 STIM_START
022 1 0223452748 STIM_END_RESP_START
022 1 0224652780 RESP_END
023 1 0226802204 STIM_START
023 1 0230325072 STIM_END_RESP_START
023 1 0231525104 RESP_END
024 0 0233691460 STIM_START
024 0 0237214328 STIM_END_RESP_START
024 0 0238414360 RESP_END
025 1 0240509844 STIM_START
025 1 0244032724 STIM_END_RESP_START
025 1 0245232756 RESP_END
026 0 0247276192 STIM_START
026 0 0251298740 STIM_END_RESP_START
026 0 0252498772 RESP_END
027 0 0254551348 STIM_START
027 0 0258074220 STIM_END_RESP_START
027 0 0259274252 RESP_END
028 0 0261397540 STIM_START
028 0 0265170232 STIM_END_RESP_START
028 0 0266370264 RESP_END
029 1 0268535676 STIM_START
029 1 0272058556 STIM_END_RESP_START
029 1 0273258584 RESP_END
030 0 0275191068 STIM_START
030 0 0278464080 STIM_END_RESP_START
030 0 0279664108 RESP_END
031 0 0281500692 STIM_START
031 0 0285273388 STIM_END_RESP_START
031 0 0286473420 RESP_END
032 1 0288300032 STIM_START
032 1 0291573048 STIM_END_RESP_START
032 1 0292773084 RESP_END
033 1 0294602652 STIM_START
033 1 0298125528 STIM_END_RESP_START
033 1 0299325560 RESP_END
034 1 0301060120 STIM_START
034 1 0304582992 STIM_END_RESP_START
034 1 0305783024 RESP_END
035 0 0307836544 STIM_START
035 0 0311359416 STIM_END_RESP_START
035 0 0312559448 RESP_END
036 0 0314480900 STIM_START
036 0 0317753912 STIM_END_RESP_START
036 0 0318953948 RESP_END
037 1 0320701600 STIM_START
037 1 0323974612 STIM_END_RESP_START
037 1 0325174644 RESP_END
038 1 0326995148 STIM_START
038 1 0330268164 STIM_END_RESP_START
038 1 0331468192 RESP_END
039 0 0333287840 STIM_START
039 0 0336560852 STIM_END_RESP_START
039 0 0337760884 RESP_END
040 0 0339921148 STIM_START
040 0 0343943704 STIM_END_RESP_START
040 0 0345143732 RESP_END
041 1 0347266180 STIM_START
041 1 0351038908 STIM_END_RESP_START
041 1 0352238940 RESP_END
042 0 0354157472 STIM_START
042 0 0357930172 STIM_END_RESP_START
042 0 0359130204 RESP_END
043 1 0361125716 STIM_START
043 1 0364398736 STIM_END_RESP_START
043 1 0365598764 RESP_END
044 0 0367500276 STIM_START
044 0 0371522836 STIM_END_RESP_START
044 0 0372722864 RESP_END
045 0 0374876320 STIM_START
045 0 0378149332 STIM_END_RESP_START
045 0 0379349360 RESP_END
046 0 0381260912 STIM_START
046 0 0384783788 STIM_END_RESP_START
046 0 0385983820 RESP_END
047 1 0387914280 STIM_START
047 1 0391437156 STIM_END_RESP_START
047 1 0392637188 RESP_END
048 0 0394776564 STIM_START
048 0 0398549264 STIM_END_RESP_START
048 0 0399749296 RESP_END
049 0 0401857740 STIM_START
049 0 0405880292 STIM_END_RESP_START
049 0 0407080324 RESP_END
050 1 0409192804 STIM_START
050 1 0412715676 STIM_END_RESP_START
050 1 0413915704 RESP_END
051 1 0415639344 STIM_START
051 1 0418912364 STIM_END_RESP_START
051 1 0420112396 RESP_END
052 0 0421933928 STIM_START
052 0 0425706664 STIM_END_RESP_START
052 0 0426906696 RESP_END
053 1 0428900176 STIM_START
053 1 0432423052 STIM_END_RESP_START
053 1 0433623084 RESP_END
054 0 0435834464 STIM_START
054 0 0439857012 STIM_END_RESP_START
054 0 0441057044 RESP_END
055 0 0442878692 STIM_START
055 0 0446151712 STIM_END_RESP_START
055 0 0447351740 RESP_END
056 1 0449292172 STIM_START
056 1 0453314732 STIM_END_RESP_START
056 1 0454514760 RESP_END
057 0 0456689200 STIM_START
057 0 0460212072 STIM_END_RESP_START
057 0 0461412104 RESP_END
058 1 0463390616 STIM_START
058 1 0466913496 STIM_END_RESP_START
058 1 0468113528 RESP_END
059 1 0470113904 STIM_START
059 1 0473886596 STIM_END_RESP_START
059 1 0475086628 RESP_END
060 0 0477066160 STIM_START
060 0 0480339184 STIM_END_RESP_START
060 0 0481539216 RESP_END
061 1 0483787632 STIM_START
061 1 0487060652 STIM_END_RESP_START
061 1 0488260684 RESP_END
062 0 0493546320 STIM_START
062 0 0495522228 LICK
062 0 0495813444 LICK
062 0 0495997344 LICK
062 0 0496211952 LICK
062 0 0496640972 LICK
062 0 0496993400 LICK
062 0 0497568868 STIM_END_RESP_START
062 0 0498357028 LICK
062 0 0498357520 TIMEOUT_START
062 0 0498495028 LICK
062 0 0498495524 TIMEOUT_START
062 0 0498768892 RESP_END
062 0 0505496024 TIMEOUT_END
063 0 0507497752 STIM_START
063 0 0510767024 LICK
063 0 0510770788 STIM_END_RESP_START
063 0 0510966256 LICK
063 0 0510966748 TIMEOUT_START
063 0 0511970808 RESP_END
063 0 0517967264 TIMEOUT_END
064 0 0519981020 STIM_START
064 0 0522043544 LICK
064 0 0522487928 LICK
064 0 0523503892 STIM_END_RESP_START
064 0 0524703928 RESP_END
065 1 0527231084 STIM_START
065 1 0531003776 STIM_END_RESP_START
065 1 0532203808 RESP_END
066 0 0542871704 STIM_START
066 0 0546394576 STIM_END_RESP_START
066 0 0547594608 RESP_END
067 0 0549439144 STIM_START
067 0 0552712156 STIM_END_RESP_START
067 0 0553912188 RESP_END
068 1 0555689788 STIM_START
068 1 0559212668 STIM_END_RESP_START
068 1 0560412700 RESP_END
069 1 0567389436 STIM_START
069 1 0568716644 LICK
069 1 0568915944 LICK
069 1 0569099904 LICK
069 1 0569314440 LICK
069 1 0571412012 STIM_END_RESP_START
069 1 0572332468 LICK
069 1 0572332960 REWARD_START
069 1 0572501132 LICK
069 1 0572612056 RESP_END
069 1 0572383480 REWARD_END
070 0 0575561048 STIM_START
070 0 0578834060 STIM_END_RESP_START
070 0 0580034092 RESP_END
071 0 0582148492 STIM_START
071 0 0585671364 STIM_END_RESP_START
071 0 0586871400 RESP_END
072 1 0588707916 STIM_START
072 1 0592523160 LICK
072 1 0592730476 STIM_END_RESP_START
072 1 0592982828 LICK
072 1 0592983320 REWARD_START
072 1 0593350704 LICK
072 1 0593611224 LICK
072 1 0593733860 LICK
072 1 0593930500 RESP_END
072 1 0593033836 REWARD_END
073 0 0600236740 STIM_START
073 0 0604009436 STIM_END_RESP_START
073 0 0605209468 RESP_END
074 0 0608945048 STIM_START
074 0 0612467924 STIM_END_RESP_START
074 0 0613667960 RESP_END
075 0 0618598792 STIM_START
075 0 0622621344 STIM_END_RESP_START
075 0 0623821376 RESP_END
076 1 0627764956 STIM_START
076 1 0631037976 STIM_END_RESP_START
076 1 0632238004 RESP_END
077 0 0634252452 STIM_START
077 0 0638275004 STIM_END_RESP_START
077 0 0638811556 LICK
077 0 0638812048 TIMEOUT_START
077 0 0639225324 LICK
077 0 0639225816 TIMEOUT_START
077 0 0639475052 RESP_END
077 0 0646226332 TIMEOUT_END
078 1 0648111920 STIM_START
078 1 0651884620 STIM_END_RESP_START
078 1 0653084648 RESP_END
079 1 0655054112 STIM_START
079 1 0658576988 STIM_END_RESP_START
079 1 0659777020 RESP_END
080 0 0661739568 STIM_START
080 0 0665512300 STIM_END_RESP_START
080 0 0666712332 RESP_END
081 0 0668523888 STIM_START
081 0 0672546436 STIM_END_RESP_START
081 0 0673746468 RESP_END
082 1 0675843920 STIM_START
082 1 0679866476 STIM_END_RESP_START
082 1 0681066508 RESP_END
083 0 0683143960 STIM_START
083 0 0686666840 STIM_END_RESP_START
083 0 0687866864 RESP_END
084 0 0689711420 STIM_START
084 0 0693733976 STIM_END_RESP_START
084 0 0694934008 RESP_END
085 0 0696976508 STIM_START
085 0 0700749240 STIM_END_RESP_START
085 0 0701949272 RESP_END
086 1 0704010720 STIM_START
086 1 0708033268 STIM_END_RESP_START
086 1 0709233300 RESP_END
087 1 0711304800 STIM_START
087 1 0714827676 STIM_END_RESP_START
087 1 0716027708 RESP_END
088 1 0718144088 STIM_START
088 1 0721417100 STIM_END_RESP_START
088 1 0722617128 RESP_END
089 0 0724630584 STIM_START
089 0 0727903600 STIM_END_RESP_START
089 0 0729103632 RESP_END
090 1 0730853224 STIM_START
090 1 0734376104 STIM_END_RESP_START
090 1 0735576136 RESP_END
091 1 0737729556 STIM_START
091 1 0741752108 STIM_END_RESP_START
091 1 0742952140 RESP_END
092 1 0745133516 STIM_START
092 1 0748906212 STIM_END_RESP_START
092 1 0750106244 RESP_END
093 0 0751937852 STIM_START
093 0 0755960408 STIM_END_RESP_START
093 0 0757160440 RESP_END
094 1 0759024040 STIM_START
094 1 0763046596 STIM_END_RESP_START
094 1 0764246624 RESP_END
095 0 0766041276 STIM_START
095 0 0769814008 STIM_END_RESP_START
095 0 0771014040 RESP_END
096 0 0772907544 STIM_START
096 0 0776430416 STIM_END_RESP_START
096 0 0777630448 RESP_END
097 0 0779730924 STIM_START
097 0 0783503624 STIM_END_RESP_START
097 0 0784703660 RESP_END
098 1 0786549252 STIM_START
098 1 0789822264 STIM_END_RESP_START
098 1 0791022296 RESP_END
099 1 0792787888 STIM_START
099 1 0796310768 STIM_END_RESP_START
099 1 0797510800 RESP_END
100 1 0799714092 STIM_START
100 1 0803486788 STIM_END_RESP_START
100 1 0804686816 RESP_END
101 0 0806507536 STIM_START
101 0 0809780548 STIM_END_RESP_START
101 0 0810980580 RESP_END
102 0 0812722076 STIM_START
102 0 0815995096 STIM_END_RESP_START
102 0 0817195132 RESP_END
103 1 0819368556 STIM_START
103 1 0823391104 STIM_END_RESP_START
103 1 0824591136 RESP_END
104 1 0826800524 STIM_START
104 1 0830073536 STIM_END_RESP_START
104 1 0831273572 RESP_END
105 1 0833457896 STIM_START
105 1 0837230632 STIM_END_RESP_START
105 1 0838430660 RESP_END
106 0 0840660028 STIM_START
106 0 0844682576 STIM_END_RESP_START
106 0 0845882608 RESP_END
107 1 0847614268 STIM_START
107 1 0850887284 STIM_END_RESP_START
107 1 0852087312 RESP_END
108 1 0854018796 STIM_START
108 1 0858041352 STIM_END_RESP_START
108 1 0859241380 RESP_END
109 0 0861388824 STIM_START
109 0 0865161556 STIM_END_RESP_START
109 0 0866361588 RESP_END
110 0 0868506984 STIM_START
110 0 0872279716 STIM_END_RESP_START
110 0 0873479748 RESP_END
111 1 0875618152 STIM_START
111 1 0879640712 STIM_END_RESP_START
111 1 0880840744 RESP_END
112 0 0882972192 STIM_START
112 0 0886744888 STIM_END_RESP_START
112 0 0887944916 RESP_END
113 0 0889701632 STIM_START
113 0 0893724188 STIM_END_RESP_START
113 0 0894924220 RESP_END
114 1 0897132572 STIM_START
114 1 0900405584 STIM_END_RESP_START
114 1 0901605616 RESP_END
115 1 0903368304 STIM_START
115 1 0907140996 STIM_END_RESP_START
115 1 0908341032 RESP_END
116 0 0910127536 STIM_START
116 0 0914150088 STIM_END_RESP_START
116 0 0915350124 RESP_END
117 1 0917356660 STIM_START
117 1 0920629676 STIM_END_RESP_START
117 1 0921829708 RESP_END
118 1 0923601340 STIM_START
118 1 0926874356 STIM_END_RESP_START
118 1 0928074384 RESP_END
119 0 0930130848 STIM_START
119 0 0933403868 STIM_END_RESP_START
119 0 0934603900 RESP_END
120 1 0936342472 STIM_START
120 1 0939865352 STIM_END_RESP_START
120 1 0941065388 RESP_END
121 0 0943014820 STIM_START
121 0 0947037380 STIM_END_RESP_START
121 0 0948237412 RESP_END
122 0 0950164964 STIM_START
122 0 0953437980 STIM_END_RESP_START
122 0 0954638012 RESP_END
123 1 0956532532 STIM_START
123 1 0960055412 STIM_END_RESP_START
123 1 0961255444 RESP_END
124 0 0963441796 STIM_START
124 0 0967214528 STIM_END_RESP_START
124 0 0968414560 RESP_END
125 0 0970356052 STIM_START
125 0 0972994196 LICK
125 0 0973629064 STIM_END_RESP_START
125 0 0974829096 RESP_END
126 0 0976601772 STIM_START
126 0 0980624324 STIM_END_RESP_START
126 0 0981206300 LICK
126 0 0981206792 TIMEOUT_START
126 0 0981344276 LICK
126 0 0981344764 TIMEOUT_START
126 0 0981681432 LICK
126 0 0981681924 TIMEOUT_START
126 0 0981824352 RESP_END
126 0 0988682444 TIMEOUT_END
127 1 0991872432 STIM_START
127 1 0995145448 STIM_END_RESP_START
127 1 0996206660 LICK
127 1 0996207152 REWARD_START
127 1 0996345476 RESP_END
127 1 0996257680 REWARD_END
128 0 1002956604 STIM_START
128 0 1004834876 LICK
128 0 1005034124 LICK
128 0 1005294632 LICK
128 0 1006979164 STIM_END_RESP_START
128 0 1008179216 RESP_END
129 0 1009999660 STIM_START
129 0 1013772372 STIM_END_RESP_START
129 0 1014972424 RESP_END
130 0 1018969832 STIM_START
130 0 1022242864 STIM_END_RESP_START
130 0 1023442912 RESP_END
131 1 1025625236 STIM_START
131 1 1028898264 STIM_END_RESP_START
131 1 1030098312 RESP_END
132 0 1032778364 STIM_START
132 0 1036051392 STIM_END_RESP_START
132 0 1037251440 RESP_END
133 1 1039304844 STIM_START
133 1 1042827696 STIM_END_RESP_START
133 1 1043651684 LICK
133 1 1043652220 REWARD_START
133 1 1044027744 RESP_END
133 1 1043702804 REWARD_END
134 0 1048256044 STIM_START
134 0 1049751352 LICK
134 0 1049919944 LICK
134 0 1050119228 LICK
134 0 1050640228 LICK
134 0 1050808820 LICK
134 0 1050977464 LICK
134 0 1051161424 LICK
134 0 1051360656 LICK
134 0 1051559960 LICK
134 0 1051778896 STIM_END_RESP_START
134 0 1052080988 LICK
134 0 1052081528 TIMEOUT_START
134 0 1052234268 LICK
134 0 1052234808 TIMEOUT_START
134 0 1052402892 LICK
134 0 1052403428 TIMEOUT_START
134 0 1052648100 LICK
134 0 1052648640 TIMEOUT_START
134 0 1052832024 LICK
134 0 1052832556 TIMEOUT_START
134 0 1052978924 RESP_END
134 0 1059833128 TIMEOUT_END
135 1 1061874680 STIM_START
135 1 1065147716 STIM_END_RESP_START
135 1 1066347764 RESP_END
136 1 1072852736 STIM_START
136 1 1076875312 STIM_END_RESP_START
136 1 1078075356 RESP_END
137 0 1081862872 STIM_START
137 0 1085635580 STIM_END_RESP_START
137 0 1086835628 RESP_END
138 1 1088932072 STIM_START
138 1 1091207060 LICK
138 1 1091728016 LICK
138 1 1092454932 STIM_END_RESP_START
138 1 1093490192 LICK
138 1 1093490732 REWARD_START
138 1 1093654944 RESP_END
138 1 1093541308 REWARD_END
139 0 1095676432 STIM_START
139 0 1099199284 STIM_END_RESP_START
139 0 1100399300 RESP_END
140 1 1102630740 STIM_START
140 1 1106403456 STIM_END_RESP_START
140 1 1107603504 RESP_END
141 1 1109611936 STIM_START
141 1 1112884964 STIM_END_RESP_START
141 1 1114084976 RESP_END
142 0 1116016476 STIM_START
142 0 1119789192 STIM_END_RESP_START
142 0 1120989244 RESP_END
143 1 1122762872 STIM_START
143 1 1126785440 STIM_END_RESP_START
143 1 1127985456 RESP_END
144 0 1129906952 STIM_START
144 0 1133179992 STIM_END_RESP_START
144 0 1134380040 RESP_END
145 0 1136210668 STIM_START
145 0 1140233240 STIM_END_RESP_START
145 0 1141433284 RESP_END
146 1 1143253824 STIM_START
146 1 1146776684 STIM_END_RESP_START
146 1 1147976736 RESP_END
147 1 1149868192 STIM_START
147 1 1153141224 STIM_END_RESP_START
147 1 1154341272 RESP_END
148 0 1156518608 STIM_START
148 0 1159791644 STIM_END_RESP_START
148 0 1160991688 RESP_END
149 1 1162801220 STIM_START
149 1 1166573932 STIM_END_RESP_START
149 1 1167773980 RESP_END
150 0 1169998440 STIM_START
150 0 1173771148 STIM_END_RESP_START
150 0 1174971160 RESP_END
151 0 1176921608 STIM_START
151 0 1180444456 STIM_END_RESP_START
151 0 1181644468 RESP_END
152 0 1183605012 STIM_START
152 0 1187377724 STIM_END_RESP_START
152 0 1188577772 RESP_END
153 1 1190765156 STIM_START
153 1 1194038188 STIM_END_RESP_START
153 1 1194338900 LICK
153 1 1194339444 REWARD_START
153 1 1194492272 LICK
153 1 1194645620 LICK
153 1 1195238208 RESP_END
153 1 1194390020 REWARD_END
154 0 1207312256 STIM_START
154 0 1210835112 STIM_END_RESP_START
154 0 1211443628 LICK
154 0 1211444164 TIMEOUT_START
154 0 1211780776 LICK
154 0 1211781320 TIMEOUT_START
154 0 1211949408 LICK
154 0 1211949944 TIMEOUT_START
154 0 1212035132 RESP_END
154 0 1218950508 TIMEOUT_END
155 0 1221141844 STIM_START
155 0 1224664696 STIM_END_RESP_START
155 0 1225864708 RESP_END
156 1 1227793172 STIM_START
156 1 1231066208 STIM_END_RESP_START
156 1 1232266260 RESP_END
157 1 1234241676 STIM_START
157 1 1237764564 STIM_END_RESP_START
157 1 1238964576 RESP_END
158 0 1243409788 STIM_START
158 0 1245303472 LICK
158 0 1245472072 LICK
158 0 1245640696 LICK
158 0 1245809332 LICK
158 0 1245977904 LICK
158 0 1246146588 LICK
158 0 1246345864 LICK
158 0 1246514436 LICK
158 0 1246682820 STIM_END_RESP_START
158 0 1246713736 LICK
158 0 1246714280 TIMEOUT_START
158 0 1246867080 LICK
158 0 1246867624 TIMEOUT_START
158 0 1247035708 LICK
158 0 1247036244 TIMEOUT_START
158 0 1247219656 LICK
158 0 1247220200 TIMEOUT_START
158 0 1247418916 LICK
158 0 1247419460 TIMEOUT_START
158 0 1247618172 LICK
158 0 1247618712 TIMEOUT_START
158 0 1247882860 RESP_END
158 0 1254619288 TIMEOUT_END
159 1 1259679944 STIM_START
159 1 1260137340 LICK
159 1 1263702492 STIM_END_RESP_START
159 1 1264044132 LICK
159 1 1264044672 REWARD_START
159 1 1264212820 LICK
159 1 1264902544 RESP_END
159 1 1264095252 REWARD_END
160 1 1267975488 STIM_START
160 1 1269392548 LICK
160 1 1269668392 LICK
160 1 1269852332 LICK
160 1 1270020988 LICK
160 1 1270189584 LICK
160 1 1270358220 LICK
160 1 1270526896 LICK
160 1 1270726128 LICK
160 1 1270894804 LICK
160 1 1271109384 LICK
160 1 1271308632 LICK
160 1 1271477296 LICK
160 1 1271645916 LICK
160 1 1271845188 LICK
160 1 1271998064 STIM_END_RESP_START
160 1 1272029096 LICK
160 1 1272029640 REWARD_START
160 1 1272197808 LICK
160 1 1272366416 LICK
160 1 1272489104 LICK
160 1 1272627080 LICK
160 1 1272780412 LICK
160 1 1272948972 LICK
160 1 1273117596 LICK
160 1 1273198104 RESP_END
160 1 1272080216 REWARD_END
161 1 1275972176 STIM_START
161 1 1276259428 LICK
161 1 1276428076 LICK
161 1 1276596676 LICK
161 1 1276765324 LICK
161 1 1277071840 LICK
161 1 1277255796 LICK
161 1 1277439800 LICK
161 1 1277608364 LICK
161 1 1277792348 LICK
161 1 1277976320 LICK
161 1 1278175532 LICK
161 1 1278344220 LICK
161 1 1278574096 LICK
161 1 1278758036 LICK
161 1 1278926680 LICK
161 1 1279110584 LICK
161 1 1279245200 STIM_END_RESP_START
161 1 1279309872 LICK
161 1 1279310408 REWARD_START
161 1 1279539844 LICK
161 1 1279723784 LICK
161 1 1279846476 LICK
161 1 1279984464 LICK
161 1 1280122452 LICK
161 1 1280291044 LICK
161 1 1280445224 RESP_END
161 1 1279360988 REWARD_END
162 0 1285535004 STIM_START
162 0 1286375480 LICK
162 0 1286528816 LICK
162 0 1286697412 LICK
162 0 1286866084 LICK
162 0 1287050056 LICK
162 0 1287249288 LICK
162 0 1287448568 LICK
162 0 1287647868 LICK
162 0 1287831768 LICK
162 0 1288031072 LICK
162 0 1288260952 LICK
162 0 1288490876 LICK
162 0 1288644220 LICK
162 0 1288808000 STIM_END_RESP_START
162 0 1288828592 LICK
162 0 1288829132 TIMEOUT_START
162 0 1289027436 LICK
162 0 1289027976 TIMEOUT_START
162 0 1289242044 LICK
162 0 1289242580 TIMEOUT_START
162 0 1290008024 RESP_END
162 0 1296243140 TIMEOUT_END
163 1 1298349084 STIM_START
163 1 1301893280 LICK
163 1 1302107912 LICK
163 1 1302291844 LICK
163 1 1302371636 STIM_END_RESP_START
163 1 1302460476 LICK
163 1 1302461012 REWARD_START
163 1 1302644508 LICK
163 1 1302813152 LICK
163 1 1302935768 LICK
163 1 1303058460 LICK
163 1 1303211780 LICK
163 1 1303380352 LICK
163 1 1303564340 LICK
163 1 1303571696 RESP_END
163 1 1302511592 REWARD_END
164 0 1305331332 STIM_START
164 0 1308604336 STIM_END_RESP_START
164 0 1308712704 LICK
164 0 1308713248 TIMEOUT_START
164 0 1308866044 LICK
164 0 1308866588 TIMEOUT_START
164 0 1309019368 LICK
164 0 1309019908 TIMEOUT_START
164 0 1309172656 LICK
164 0 1309173200 TIMEOUT_START
164 0 1309341308 LICK
164 0 1309341852 TIMEOUT_START
164 0 1309509964 LICK
164 0 1309510504 TIMEOUT_START
164 0 1309678632 LICK
164 0 1309679172 TIMEOUT_START
164 0 1309804360 RESP_END
164 0 1316679744 TIMEOUT_END
165 0 1320351220 STIM_START
165 0 1320866000 LICK
165 0 1321034632 LICK
165 0 1321218572 LICK
165 0 1321433184 LICK
165 0 1321693796 LICK
165 0 1321877736 LICK
165 0 1322077064 LICK
165 0 1322291604 LICK
165 0 1322490936 LICK
165 0 1323624220 STIM_END_RESP_START
165 0 1324237708 LICK
165 0 1324238248 TIMEOUT_START
165 0 1324498312 LICK
165 0 1324498848 TIMEOUT_START
165 0 1324712900 LICK
165 0 1324713440 TIMEOUT_START
165 0 1324824248 RESP_END
165 0 1331714004 TIMEOUT_END
166 0 1333476124 STIM_START
166 0 1337498696 STIM_END_RESP_START
166 0 1338698740 RESP_END
167 1 1340698216 STIM_START
167 1 1344221068 STIM_END_RESP_START
167 1 1345421116 RESP_END
168 0 1347230716 STIM_START
168 0 1351003432 STIM_END_RESP_START
168 0 1352203444 RESP_END
169 0 1354055108 STIM_START
169 0 1357577996 STIM_END_RESP_START
169 0 1358778012 RESP_END
170 1 1360921320 STIM_START
170 1 1364943892 STIM_END_RESP_START
170 1 1366143900 RESP_END
171 1 1368329404 STIM_START
171 1 1372102112 STIM_END_RESP_START
171 1 1373302124 RESP_END
172 0 1375465460 STIM_START
172 0 1378988316 STIM_END_RESP_START
172 0 1380188364 RESP_END
173 0 1382031920 STIM_START
173 0 1385304948 STIM_END_RESP_START
173 0 1386504960 RESP_END
174 1 1388277584 STIM_START
174 1 1391800440 STIM_END_RESP_START
174 1 1393000492 RESP_END
175 0 1394845028 STIM_START
175 0 1398617736 STIM_END_RESP_START
175 0 1399817752 RESP_END
176 1 1401784264 STIM_START
176 1 1405307124 STIM_END_RESP_START
176 1 1406507136 RESP_END
177 0 1408555604 STIM_START
177 0 1412328312 STIM_END_RESP_START
177 0 1413528324 RESP_END
178 0 1415725756 STIM_START
178 0 1419498464 STIM_END_RESP_START
178 0 1420698476 RESP_END
179 0 1422481088 STIM_START
179 0 1425754120 STIM_END_RESP_START
179 0 1426954164 RESP_END
180 1 1429158500 STIM_START
180 1 1432431528 STIM_END_RESP_START
180 1 1433631544 RESP_END
181 0 1435613004 STIM_START
181 0 1439135864 STIM_END_RESP_START
181 0 1440335912 RESP_END
182 1 1442434360 STIM_START
182 1 1446207068 STIM_END_RESP_START
182 1 1447407080 RESP_END
183 1 1449545504 STIM_START
183 1 1453568080 STIM_END_RESP_START
183 1 1454768120 RESP_END
184 1 1456797704 STIM_START
184 1 1460320556 STIM_END_RESP_START
184 1 1461520604 RESP_END
185 0 1463721836 STIM_START
185 0 1467744412 STIM_END_RESP_START
185 0 1468944424 RESP_END
186 1 1471060880 STIM_START
186 1 1474833596 STIM_END_RESP_START
186 1 1476033644 RESP_END
187 0 1478122084 STIM_START
187 0 1482144652 STIM_END_RESP_START
187 0 1483344700 RESP_END
188 0 1485460120 STIM_START
188 0 1488982972 STIM_END_RESP_START
188 0 1490183020 RESP_END
189 0 1492300432 STIM_START
189 0 1496073140 STIM_END_RESP_START
189 0 1497273152 RESP_END
190 1 1499107752 STIM_START
190 1 1502630608 STIM_END_RESP_START
190 1 1503830620 RESP_END
191 1 1505872104 STIM_START
191 1 1509145136 STIM_END_RESP_START
191 1 1510345152 RESP_END
192 0 1512173704 STIM_START
192 0 1515696592 STIM_END_RESP_START
192 0 1516896604 RESP_END
193 0 1518871104 STIM_START
193 0 1522893676 STIM_END_RESP_START
193 0 1524093724 RESP_END
194 0 1526116188 STIM_START
194 0 1529389224 STIM_END_RESP_START
194 0 1530479408 LICK
194 0 1530479948 TIMEOUT_START
194 0 1530589260 RESP_END
194 0 1537480516 TIMEOUT_END
195 1 1539319096 STIM_START
195 1 1541129200 LICK
195 1 1541267196 LICK
195 1 1541481788 LICK
195 1 1541742368 LICK
195 1 1541956944 LICK
195 1 1542140948 LICK
195 1 1542309608 LICK
195 1 1542493536 LICK
195 1 1542662208 LICK
195 1 1542846180 LICK
195 1 1543030084 LICK
195 1 1543214100 LICK
195 1 1543341656 STIM_END_RESP_START
195 1 1543413360 LICK
195 1 1543413904 REWARD_START
195 1 1543612720 LICK
195 1 1544133884 LICK
195 1 1544271880 LICK
195 1 1544440520 LICK
195 1 1544541704 RESP_END
195 1 1543464480 REWARD_END
196 1 1546809092 STIM_START
196 1 1550064152 LICK
196 1 1550202152 LICK
196 1 1550355484 LICK
196 1 1550581816 STIM_END_RESP_START
196 1 1550600740 LICK
196 1 1550601284 REWARD_START
196 1 1550769456 LICK
196 1 1550938092 LICK
196 1 1551305980 LICK
196 1 1551428672 LICK
196 1 1551781844 RESP_END
196 1 1550651864 REWARD_END
197 1 1566719284 STIM_START
197 1 1570492000 STIM_END_RESP_START
197 1 1570709656 LICK
197 1 1570710196 REWARD_START
197 1 1571046920 LICK
197 1 1571276888 LICK
197 1 1571399608 LICK
197 1 1571537608 LICK
197 1 1571692020 RESP_END
197 1 1570760780 REWARD_END
198 0 1575982260 STIM_START
198 0 1576825720 LICK
198 0 1577346868 LICK
198 0 1577546112 LICK
198 0 1577714776 LICK
198 0 1577898736 LICK
198 0 1578052028 LICK
198 0 1578251340 LICK
198 0 1578450652 LICK
198 0 1578649900 LICK
198 0 1578925852 LICK
198 0 1579094452 LICK
198 0 1579293760 LICK
198 0 1579477756 LICK
198 0 1579692336 LICK
198 0 1579754972 STIM_END_RESP_START
198 0 1579906948 LICK
198 0 1579907492 TIMEOUT_START
198 0 1580136908 LICK
198 0 1580137444 TIMEOUT_START
198 0 1580351504 LICK
198 0 1580352040 TIMEOUT_START
198 0 1580596788 LICK
198 0 1580597332 TIMEOUT_START
198 0 1580780744 LICK
198 0 1580781280 TIMEOUT_START
198 0 1580954984 RESP_END
198 0 1587781840 TIMEOUT_END
199 1 1589756824 STIM_START
199 1 1593279680 STIM_END_RESP_START
199 1 1594479696 RESP_END
200 1 1596253348 STIM_START
200 1 1599776200 STIM_END_RESP_START
200 1 1600976248 RESP_END
201 1 1602806788 STIM_START
201 1 1606079820 STIM_END_RESP_START
201 1 1607279832 RESP_END
202 0 1609543140 STIM_START
202 0 1613565708 STIM_END_RESP_START
202 0 1614105724 LICK
202 0 1614106260 TIMEOUT_START
202 0 1614289648 LICK
202 0 1614290188 TIMEOUT_START
202 0 1614765720 RESP_END
202 0 1621290744 TIMEOUT_END
203 0 1623487616 STIM_START
203 0 1625352876 LICK
203 0 1625552152 LICK
203 0 1625720852 LICK
203 0 1625904812 LICK
203 0 1626104088 LICK
203 0 1626334040 LICK
203 0 1626594568 LICK
203 0 1626793920 LICK
203 0 1627023820 LICK
203 0 1627207800 LICK
203 0 1627260336 STIM_END_RESP_START
203 0 1628460372 RESP_END
204 0 1630958584 STIM_START
204 0 1634981160 STIM_END_RESP_START
204 0 1636181176 RESP_END
205 1 1638064752 STIM_START
205 1 1641587604 STIM_END_RESP_START
205 1 1642671468 LICK
205 1 1642672004 REWARD_START
205 1 1642787652 RESP_END
205 1 1642722584 REWARD_END
206 0 1644772132 STIM_START
206 0 1645184996 LICK
206 0 1645384244 LICK
206 0 1645552916 LICK
206 0 1645721592 LICK
206 0 1645859592 LICK
206 0 1646104808 LICK
206 0 1646273496 LICK
206 0 1646442132 LICK
206 0 1646610768 LICK
206 0 1646779448 LICK
206 0 1646948084 LICK
206 0 1647132020 LICK
206 0 1647300656 LICK
206 0 1647515312 LICK
206 0 1647683912 LICK
206 0 1647867924 LICK
206 0 1648036556 LICK
206 0 1648045148 STIM_END_RESP_START
206 0 1648220524 LICK
206 0 1648221060 TIMEOUT_START
206 0 1648389184 LICK
206 0 1648389720 TIMEOUT_START
206 0 1648573132 LICK
206 0 1648573672 TIMEOUT_START
206 0 1648772424 LICK
206 0 1648772956 TIMEOUT_START
206 0 1648971708 LICK
206 0 1648972248 TIMEOUT_START
206 0 1649155692 LICK
206 0 1649156232 TIMEOUT_START
206 0 1649245164 RESP_END
206 0 1656156800 TIMEOUT_END
207 1 1658099928 STIM_START
207 1 1659438392 LICK
207 1 1659852216 LICK
207 1 1661078348 LICK
207 1 1661277608 LICK
207 1 1661446252 LICK
207 1 1661722128 LICK
207 1 1661872656 STIM_END_RESP_START
207 1 1661890772 LICK
207 1 1661891308 REWARD_START
207 1 1662074844 LICK
207 1 1662243488 LICK
207 1 1662366180 LICK
207 1 1662749324 LICK
207 1 1662887312 LICK
207 1 1663040616 LICK
207 1 1663072668 RESP_END
207 1 1661941892 REWARD_END
208 1 1668008580 STIM_START
208 1 1670504212 LICK
208 1 1670688172 LICK
208 1 1671163268 LICK
208 1 1671393220 LICK
208 1 1671577188 LICK
208 1 1671699808 LICK
208 1 1671781280 STIM_END_RESP_START
208 1 1671975696 LICK
208 1 1671976240 REWARD_START
208 1 1672098492 LICK
208 1 1672981300 RESP_END
208 1 1672026816 REWARD_END
209 1 1679289484 STIM_START
209 1 1679899900 LICK
209 1 1680083896 LICK
209 1 1680237224 LICK
209 1 1680390472 LICK
209 1 1680574512 LICK
209 1 1680773788 LICK
209 1 1680942408 LICK
209 1 1681111076 LICK
209 1 1681295048 LICK
209 1 1681478984 LICK
209 1 1681678324 LICK
209 1 1681877604 LICK
209 1 1682076848 LICK
209 1 1682260856 LICK
209 1 1682812340 STIM_END_RESP_START
209 1 1683165016 LICK
209 1 1683165556 REWARD_START
209 1 1683425676 LICK
209 1 1683793608 LICK
209 1 1683931568 LICK
209 1 1684012356 RESP_END
209 1 1683216136 REWARD_END
210 0 1696534164 STIM_START
210 0 1699519844 LICK
210 0 1699703824 LICK
210 0 1699857148 LICK
210 0 1700010452 LICK
210 0 1700179096 LICK
210 0 1700347772 LICK
210 0 1700531712 LICK
210 0 1700556724 STIM_END_RESP_START
210 0 1700746392 LICK
210 0 1700746928 TIMEOUT_START
210 0 1700915028 LICK
210 0 1700915572 TIMEOUT_START
210 0 1701083692 LICK
210 0 1701084232 TIMEOUT_START
210 0 1701298284 LICK
210 0 1701298820 TIMEOUT_START
210 0 1701543568 LICK
210 0 1701544112 TIMEOUT_START
210 0 1701756748 RESP_END
210 0 1708544676 TIMEOUT_END
211 1 1710348712 STIM_START
211 1 1713621748 STIM_END_RESP_START
211 1 1714821760 RESP_END
212 0 1717006136 STIM_START
212 0 1721028712 STIM_END_RESP_START
212 0 1722228760 RESP_END
213 1 1724168256 STIM_START
213 1 1727691108 STIM_END_RESP_START
213 1 1728891120 RESP_END
214 1 1730868640 STIM_START
214 1 1734641348 STIM_END_RESP_START
214 1 1735382724 LICK
214 1 1735383268 REWARD_START
214 1 1735551436 LICK
214 1 1735750744 LICK
214 1 1735841388 RESP_END
214 1 1735433844 REWARD_END
215 0 1741681828 STIM_START
215 0 1742433848 LICK
215 0 1742587140 LICK
215 0 1742740520 LICK
215 0 1742985724 LICK
215 0 1743154372 LICK
215 0 1743369008 LICK
215 0 1743614216 LICK
215 0 1743813516 LICK
215 0 1744074096 LICK
215 0 1744242720 LICK
215 0 1744411400 LICK
215 0 1744595340 LICK
215 0 1744954824 STIM_END_RESP_START
215 0 1746154836 RESP_END
216 1 1748850940 STIM_START
216 1 1750633344 LICK
216 1 1750786676 LICK
216 1 1750955312 LICK
216 1 1751123988 LICK
216 1 1751292620 LICK
216 1 1751461256 LICK
216 1 1751645236 LICK
216 1 1751813868 LICK
216 1 1752028456 LICK
216 1 1752442256 LICK
216 1 1752702868 LICK
216 1 1752873512 STIM_END_RESP_START
216 1 1753116684 LICK
216 1 1753117220 REWARD_START
216 1 1753683820 LICK
216 1 1753852428 LICK
216 1 1754073524 RESP_END
216 1 1753167796 REWARD_END
217 0 1758642648 STIM_START
217 0 1760795096 LICK
217 0 1760963736 LICK
217 0 1761132400 LICK
217 0 1761301004 LICK
217 0 1761454296 LICK
217 0 1761622960 LICK
217 0 1761776288 LICK
217 0 1761975532 LICK
217 0 1762159516 LICK
217 0 1762328192 LICK
217 0 1762415372 STIM_END_RESP_START
217 0 1762496804 LICK
217 0 1762497336 TIMEOUT_START
217 0 1762680764 LICK
217 0 1762681304 TIMEOUT_START
217 0 1762895372 LICK
217 0 1762895912 TIMEOUT_START
217 0 1763615408 RESP_END
217 0 1769896468 TIMEOUT_END
218 1 1772097404 STIM_START
218 1 1775870116 STIM_END_RESP_START
218 1 1776297028 LICK
218 1 1776297564 REWARD_START
218 1 1776496384 LICK
218 1 1776680344 LICK
218 1 1776787692 LICK
218 1 1777070140 RESP_END
218 1 1776348140 REWARD_END
219 1 1786871408 STIM_START
219 1 1790144440 STIM_END_RESP_START
219 1 1791148200 LICK
219 1 1791148740 REWARD_START
219 1 1791344472 RESP_END
219 1 1791199324 REWARD_END
220 1 1794997020 STIM_START
220 1 1797584664 LICK
220 1 1797783948 LICK
220 1 1798029204 LICK
220 1 1798259108 LICK
220 1 1798535064 LICK
220 1 1798749616 LICK
220 1 1798918296 LICK
220 1 1799019596 STIM_END_RESP_START
220 1 1799086952 LICK
220 1 1799087492 REWARD_START
220 1 1799255700 LICK
220 1 1799409016 LICK
220 1 1799654296 LICK
220 1 1799792292 LICK
220 1 1799945632 LICK
220 1 1800098976 LICK
220 1 1800219632 RESP_END
220 1 1799138072 REWARD_END
221 0 1802422004 STIM_START
221 0 1802903372 LICK
221 0 1803087280 LICK
221 0 1803317260 LICK
221 0 1803455252 LICK
221 0 1803700500 LICK
221 0 1803869156 LICK
221 0 1804037820 LICK
221 0 1804191112 LICK
221 0 1804344444 LICK
221 0 1804513104 LICK
221 0 1804697068 LICK
221 0 1804865708 LICK
221 0 1805034372 LICK
221 0 1805233640 LICK
221 0 1805432924 LICK
221 0 1805601592 LICK
221 0 1805785520 LICK
221 0 1806000172 LICK
221 0 1806194732 STIM_END_RESP_START
221 0 1806689768 LICK
221 0 1806690300 TIMEOUT_START
221 0 1806919704 LICK
221 0 1806920236 TIMEOUT_START
221 0 1807394768 RESP_END
221 0 1813920816 TIMEOUT_END
222 0 1816426440 STIM_START
222 0 1819653996 LICK
222 0 1819699464 STIM_END_RESP_START
222 0 1819883932 LICK
222 0 1819884468 TIMEOUT_START
222 0 1820343768 LICK
222 0 1820344304 TIMEOUT_START
222 0 1820899496 RESP_END
222 0 1827344876 TIMEOUT_END
223 1 1830463868 STIM_START
223 1 1832036548 LICK
223 1 1832220532 LICK
223 1 1832404448 LICK
223 1 1832649736 LICK
223 1 1833124840 LICK
223 1 1833354736 LICK
223 1 1833554024 LICK
223 1 1833722728 LICK
223 1 1833906668 LICK
223 1 1834075300 LICK
223 1 1834236596 STIM_END_RESP_START
223 1 1834243960 LICK
223 1 1834244504 REWARD_START
223 1 1834458628 LICK
223 1 1834734600 LICK
223 1 1834857252 LICK
223 1 1834979944 LICK
223 1 1835117908 LICK
223 1 1835255904 LICK
223 1 1835409260 LICK
223 1 1835436612 RESP_END
223 1 1834295080 REWARD_END
224 0 1841034188 STIM_START
224 0 1842213748 LICK
224 0 1842780888 LICK
224 0 1843010796 LICK
224 0 1843179464 LICK
224 0 1843440048 LICK
224 0 1843608692 LICK
224 0 1843884580 LICK
224 0 1844099196 LICK
224 0 1844252556 LICK
224 0 1844421152 LICK
224 0 1844605120 LICK
224 0 1844758492 LICK
224 0 1844806892 STIM_END_RESP_START
224 0 1844927124 LICK
224 0 1844927668 TIMEOUT_START
224 0 1845095788 LICK
224 0 1845096324 TIMEOUT_START
224 0 1845264416 LICK
224 0 1845264952 TIMEOUT_START
224 0 1845433072 LICK
224 0 1845433616 TIMEOUT_START
224 0 1845617064 LICK
224 0 1845617600 TIMEOUT_START
224 0 1845770384 LICK
224 0 1845770920 TIMEOUT_START
224 0 1845939028 LICK
224 0 1845939568 TIMEOUT_START
224 0 1846006924 RESP_END
224 0 1852940120 TIMEOUT_END
225 1 1854970668 STIM_START
225 1 1858243672 STIM_END_RESP_START
225 1 1858619356 LICK
225 1 1858619896 REWARD_START
225 1 1858788064 LICK
225 1 1859048708 LICK
225 1 1859443720 RESP_END
225 1 1858670472 REWARD_END
226 0 1866665384 STIM_START
226 0 1867861504 LICK
226 0 1868091444 LICK
226 0 1868306076 LICK
226 0 1868535984 LICK
226 0 1868689328 LICK
226 0 1868873268 LICK
226 0 1869011228 LICK
226 0 1869179896 LICK
226 0 1869333228 LICK
226 0 1869501864 LICK
226 0 1869685804 LICK
226 0 1869869824 LICK
226 0 1870023076 LICK
226 0 1870176408 LICK
226 0 1870375712 LICK
226 0 1870529032 LICK
226 0 1870687928 STIM_END_RESP_START
226 0 1870728316 LICK
226 0 1870728852 TIMEOUT_START
226 0 1870896936 LICK
226 0 1870897480 TIMEOUT_START
226 0 1871096252 LICK
226 0 1871096788 TIMEOUT_START
226 0 1871887952 RESP_END
226 0 1878097352 TIMEOUT_END
227 0 1880168036 STIM_START
227 0 1884190604 STIM_END_RESP_START
227 0 1885390616 RESP_END
228 1 1887293188 STIM_START
228 1 1890566188 STIM_END_RESP_START
228 1 1891766232 RESP_END
229 0 1893538812 STIM_START
229 0 1897561392 STIM_END_RESP_START
229 0 1898761404 RESP_END
230 0 1900487064 STIM_START
230 0 1903760096 STIM_END_RESP_START
230 0 1904765428 LICK
230 0 1904765968 TIMEOUT_START
230 0 1904934056 LICK
230 0 1904934592 TIMEOUT_START
230 0 1904960128 RESP_END
230 0 1911935152 TIMEOUT_END
231 1 1913868832 STIM_START
231 1 1917391692 STIM_END_RESP_START
231 1 1917470280 LICK
231 1 1917470824 REWARD_START
231 1 1917654300 LICK
231 1 1917838268 LICK
231 1 1918052872 LICK
231 1 1918175564 LICK
231 1 1918451532 LICK
231 1 1918591736 RESP_END
231 1 1917521400 REWARD_END
232 0 1920382332 STIM_START
232 0 1921102592 LICK
232 0 1921255856 LICK
232 0 1921424504 LICK
232 0 1921593200 LICK
232 0 1921761796 LICK
232 0 1921930432 LICK
232 0 1922099096 LICK
232 0 1922329016 LICK
232 0 1922712216 LICK
232 0 1922865488 LICK
232 0 1923049492 LICK
232 0 1924404880 STIM_END_RESP_START
232 0 1925604928 RESP_END
233 1 1927426520 STIM_START
233 1 1929439264 LICK
233 1 1929623212 LICK
233 1 1929822468 LICK
233 1 1930067748 LICK
233 1 1930251716 LICK
233 1 1930420352 LICK
233 1 1930589020 LICK
233 1 1930757608 LICK
233 1 1931199248 STIM_END_RESP_START
233 1 1931615796 LICK
233 1 1931616340 REWARD_START
233 1 1931784548 LICK
233 1 1932213768 LICK
233 1 1932351768 LICK
233 1 1932399264 RESP_END
233 1 1931666916 REWARD_END
234 1 1934639684 STIM_START
234 1 1937960108 LICK
234 1 1938113448 LICK
234 1 1938328012 LICK
234 1 1938481304 LICK
234 1 1938634668 LICK
234 1 1938662244 STIM_END_RESP_START
234 1 1938787964 LICK
234 1 1938788508 REWARD_START
234 1 1938956640 LICK
234 1 1939232624 LICK
234 1 1939355276 LICK
234 1 1939477932 LICK
234 1 1939615932 LICK
234 1 1939769268 LICK
234 1 1939862292 RESP_END
234 1 1938839088 REWARD_END
235 1 1942045624 STIM_START
235 1 1943109876 LICK
235 1 1943309196 LICK
235 1 1943462452 LICK
235 1 1943615780 LICK
235 1 1943769152 LICK
235 1 1943922440 LICK
235 1 1944106408 LICK
235 1 1944290348 LICK
235 1 1944504968 LICK
235 1 1944673604 LICK
235 1 1944857564 LICK
235 1 1945056812 LICK
235 1 1945568500 STIM_END_RESP_START
235 1 1945623888 LICK
235 1 1945624424 REWARD_START
235 1 1945777292 LICK
235 1 1945961280 LICK
235 1 1946083972 LICK
235 1 1946221932 LICK
235 1 1946344624 LICK
235 1 1946513260 LICK
235 1 1946727872 LICK
235 1 1946768520 RESP_END
235 1 1945675004 REWARD_END
236 0 1951362584 STIM_START
236 0 1951663340 LICK
236 0 1951847356 LICK
236 0 1952016004 LICK
236 0 1952184576 LICK
236 0 1952445224 LICK
236 0 1952629140 LICK
236 0 1952797804 LICK
236 0 1952966460 LICK
236 0 1953150388 LICK
236 0 1953334356 LICK
236 0 1953518324 LICK
236 0 1953702264 LICK
236 0 1953916884 LICK
236 0 1954116092 LICK
236 0 1954315400 LICK
236 0 1954484068 LICK
236 0 1954683340 LICK
236 0 1954882628 LICK
236 0 1955066600 LICK
236 0 1955235184 LICK
236 0 1955385140 STIM_END_RESP_START
236 0 1955403820 LICK
236 0 1955404356 TIMEOUT_START
236 0 1955587792 LICK
236 0 1955588336 TIMEOUT_START
236 0 1955879004 LICK
236 0 1955879540 TIMEOUT_START
236 0 1956047628 LICK
236 0 1956048168 TIMEOUT_START
236 0 1956585172 RESP_END
236 0 1963048724 TIMEOUT_END
237 0 1966702312 STIM_START
237 0 1970225168 STIM_END_RESP_START
237 0 1970773820 LICK
237 0 1970774364 TIMEOUT_START
237 0 1970957828 LICK
237 0 1970958372 TIMEOUT_START
237 0 1971095776 LICK
237 0 1971096316 TIMEOUT_START
237 0 1971264440 LICK
237 0 1971264980 TIMEOUT_START
237 0 1971425192 RESP_END
237 0 1978265540 TIMEOUT_END
238 1 1980133116 STIM_START
238 1 1983194444 LICK
238 1 1983332408 LICK
238 1 1983406132 STIM_END_RESP_START
238 1 1983516400 LICK
238 1 1983516944 REWARD_START
238 1 1983669772 LICK
238 1 1983823128 LICK
238 1 1983945816 LICK
238 1 1984068468 LICK
238 1 1984206500 LICK
238 1 1984344460 LICK
238 1 1984497784 LICK
238 1 1984606148 RESP_END
238 1 1983567524 REWARD_END
239 1 1987315168 STIM_START
239 1 1989417024 LICK
239 1 1989570348 LICK
239 1 1989708316 LICK
239 1 1989861616 LICK
239 1 1990030288 LICK
239 1 1990198924 LICK
239 1 1990367524 LICK
239 1 1990520892 LICK
239 1 1990704856 LICK
239 1 1990950056 LICK
239 1 1991087896 STIM_END_RESP_START
239 1 1991302556 LICK
239 1 1991303096 REWARD_START
239 1 1991455968 LICK
239 1 1991777828 LICK
239 1 1991900520 LICK
239 1 1992038520 LICK
239 1 1992176508 LICK
239 1 1992287940 RESP_END
239 1 1991353680 REWARD_END
240 0 1998022404 STIM_START
240 0 1999885368 LICK
240 0 2000054008 LICK
240 0 2000268608 LICK
240 0 2000406600 LICK
240 0 2000575280 LICK
240 0 2000743852 LICK
240 0 2000927844 LICK
240 0 2001111840 LICK
240 0 2001249804 LICK
240 0 2001403136 LICK
240 0 2001587108 LICK
240 0 2001755672 LICK
240 0 2001795104 STIM_END_RESP_START
240 0 2001939680 LICK
240 0 2001940216 TIMEOUT_START
240 0 2002123628 LICK
240 0 2002124172 TIMEOUT_START
240 0 2002292296 LICK
240 0 2002292836 TIMEOUT_START
240 0 2002460960 LICK
240 0 2002461496 TIMEOUT_START
240 0 2002614240 LICK
240 0 2002614784 TIMEOUT_START
240 0 2002798208 LICK
240 0 2002798752 TIMEOUT_START
240 0 2002951500 LICK
240 0 2002952036 TIMEOUT_START
240 0 2002995132 RESP_END
240 0 2009952608 TIMEOUT_END
241 0 2012030864 STIM_START
241 0 2013846664 LICK
241 0 2014030672 LICK
241 0 2014199276 LICK
241 0 2014413876 LICK
241 0 2014567252 LICK
241 0 2014735852 LICK
241 0 2014889156 LICK
241 0 2015057860 LICK
241 0 2015226496 LICK
241 0 2015425772 LICK
241 0 2015609784 LICK
241 0 2015778416 LICK
241 0 2015803588 STIM_END_RESP_START
241 0 2015947068 LICK
241 0 2015947604 TIMEOUT_START
241 0 2016130980 LICK
241 0 2016131520 TIMEOUT_START
241 0 2016314968 LICK
241 0 2016315508 TIMEOUT_START
241 0 2016498896 LICK
241 0 2016499432 TIMEOUT_START
241 0 2016698184 LICK
241 0 2016698728 TIMEOUT_START
241 0 2016912840 LICK
241 0 2016913376 TIMEOUT_START
241 0 2017003604 RESP_END
241 0 2023913936 TIMEOUT_END
242 0 2025883376 STIM_START
242 0 2028047412 LICK
242 0 2028200708 LICK
242 0 2028354012 LICK
242 0 2028522596 LICK
242 0 2028691264 LICK
242 0 2028875208 LICK
242 0 2029059184 LICK
242 0 2029243156 LICK
242 0 2029406232 STIM_END_RESP_START
242 0 2029411804 LICK
242 0 2029412340 TIMEOUT_START
242 0 2029595732 LICK
242 0 2029596268 TIMEOUT_START
242 0 2029795000 LICK
242 0 2029795540 TIMEOUT_START
242 0 2029963664 LICK
242 0 2029964204 TIMEOUT_START
242 0 2030162964 LICK
242 0 2030163500 TIMEOUT_START
242 0 2030346896 LICK
242 0 2030347440 TIMEOUT_START
242 0 2030606280 RESP_END
242 0 2037347996 TIMEOUT_END
243 1 2039386064 STIM_START
243 1 2042321960 LICK
243 1 2042475296 LICK
243 1 2042643896 LICK
243 1 2042812496 LICK
243 1 2042908936 STIM_END_RESP_START
243 1 2042965816 LICK
243 1 2042966360 REWARD_START
243 1 2043149896 LICK
243 1 2043655712 LICK
243 1 2044108976 RESP_END
243 1 2043016940 REWARD_END
244 1 2046106424 STIM_START
244 1 2047103624 LICK
244 1 2047456220 LICK
244 1 2047594208 LICK
244 1 2047762808 LICK
244 1 2047916152 LICK
244 1 2048069488 LICK
244 1 2048238080 LICK
244 1 2048406716 LICK
244 1 2048575384 LICK
244 1 2048744052 LICK
244 1 2048927992 LICK
244 1 2049111976 LICK
244 1 2049280624 LICK
244 1 2049433912 LICK
244 1 2049617912 LICK
244 1 2049629276 STIM_END_RESP_START
244 1 2049801824 LICK
244 1 2049802364 REWARD_START
244 1 2049970516 LICK
244 1 2050139208 LICK
244 1 2050277196 LICK
244 1 2050430556 LICK
244 1 2050599192 LICK
244 1 2050783160 LICK
244 1 2050829296 RESP_END
244 1 2049852940 REWARD_END
245 1 2053528424 STIM_START
245 1 2054353900 LICK
245 1 2054507228 LICK
245 1 2054660536 LICK
245 1 2054813828 LICK
245 1 2054967188 LICK
245 1 2055135860 LICK
245 1 2055304460 LICK
245 1 2055473112 LICK
245 1 2055657084 LICK
245 1 2055841024 LICK
245 1 2056009688 LICK
245 1 2056193652 LICK
245 1 2056377592 LICK
245 1 2056561604 LICK
245 1 2056730240 LICK
245 1 2056801432 STIM_END_RESP_START
245 1 2056898868 LICK
245 1 2056899404 REWARD_START
245 1 2057098248 LICK
245 1 2057282212 LICK
245 1 2057665472 LICK
245 1 2058001472 RESP_END
245 1 2056949988 REWARD_END
246 0 2063475076 STIM_START
246 0 2064332500 LICK
246 0 2064761656 LICK
246 0 2064914944 LICK
246 0 2065083568 LICK
246 0 2065236944 LICK
246 0 2065420920 LICK
246 0 2065589516 LICK
246 0 2065773488 LICK
246 0 2065972760 LICK
246 0 2066141356 LICK
246 0 2066340700 LICK
246 0 2066555288 LICK
246 0 2066708616 LICK
246 0 2066923236 LICK
246 0 2066997956 STIM_END_RESP_START
246 0 2067091880 LICK
246 0 2067092416 TIMEOUT_START
246 0 2067291128 LICK
246 0 2067291672 TIMEOUT_START
246 0 2067521100 LICK
246 0 2067521644 TIMEOUT_START
246 0 2067705068 LICK
246 0 2067705604 TIMEOUT_START
246 0 2067889028 LICK
246 0 2067889568 TIMEOUT_START
246 0 2068088320 LICK
246 0 2068088864 TIMEOUT_START
246 0 2068197984 RESP_END
246 0 2075089424 TIMEOUT_END
247 1 2077037800 STIM_START
247 1 2078910620 LICK
247 1 2079063992 LICK
247 1 2079232644 LICK
247 1 2079401212 LICK
247 1 2079585184 LICK
247 1 2079769124 LICK
247 1 2079983716 LICK
247 1 2080152396 LICK
247 1 2080366988 LICK
247 1 2080612260 LICK
247 1 2080810492 STIM_END_RESP_START
247 1 2080811512 LICK
247 1 2080812060 REWARD_START
247 1 2081010836 LICK
247 1 2081210172 LICK
247 1 2081317520 LICK
247 1 2081440172 LICK
247 1 2081578156 LICK
247 1 2081731476 LICK
247 1 2082010508 RESP_END
247 1 2080862632 REWARD_END
248 0 2083975984 STIM_START
248 0 2085838184 LICK
248 0 2086006820 LICK
248 0 2086175500 LICK
248 0 2086390108 LICK
248 0 2086604728 LICK
248 0 2086773364 LICK
248 0 2086911364 LICK
248 0 2087064664 LICK
248 0 2087233332 LICK
248 0 2087248984 STIM_END_RESP_START
248 0 2087401968 LICK
248 0 2087402508 TIMEOUT_START
248 0 2087601236 LICK
248 0 2087601772 TIMEOUT_START
248 0 2087785164 LICK
248 0 2087785704 TIMEOUT_START
248 0 2087953804 LICK
248 0 2087954340 TIMEOUT_START
248 0 2088137796 LICK
248 0 2088138332 TIMEOUT_START
248 0 2088321760 LICK
248 0 2088322300 TIMEOUT_START
248 0 2088449020 RESP_END
248 0 2095322864 TIMEOUT_END
249 1 2097494676 STIM_START
249 1 2100145912 LICK
249 1 2100299204 LICK
249 1 2100467836 LICK
249 1 2100636464 LICK
249 1 2100805060 LICK
249 1 2100989036 LICK
249 1 2101157712 LICK
249 1 2101311016 LICK
249 1 2101494956 LICK
249 1 2101517248 STIM_END_RESP_START
249 1 2101740224 LICK
249 1 2101740764 REWARD_START
249 1 2101908968 LICK
249 1 2102092940 LICK
249 1 2102338256 LICK
249 1 2102491548 LICK
249 1 2102717260 RESP_END
249 1 2101791340 REWARD_END
250 1 2105218504 STIM_START
250 1 2106935516 LICK
250 1 2107104184 LICK
250 1 2107242184 LICK
250 1 2107441440 LICK
250 1 2107610092 LICK
250 1 2107748092 LICK
250 1 2107901384 LICK
250 1 2108054716 LICK
250 1 2108223384 LICK
250 1 2108376716 LICK
250 1 2108560656 LICK
250 1 2108729320 LICK
250 1 2108897996 LICK
250 1 2109066592 LICK
250 1 2109241064 STIM_END_RESP_START
250 1 2109250592 LICK
250 1 2109251128 REWARD_START
250 1 2109403952 LICK
250 1 2109587916 LICK
250 1 2109710604 LICK
250 1 2109833296 LICK
250 1 2109971248 LICK
250 1 2110124536 LICK
250 1 2110277840 LICK
250 1 2110441092 RESP_END
250 1 2109301700 REWARD_END
251 0 2113041288 STIM_START
251 0 2115886584 LICK
251 0 2116070532 LICK
251 0 2116239212 LICK
251 0 2116314292 STIM_END_RESP_START
251 0 2116377196 LICK
251 0 2116377740 TIMEOUT_START
251 0 2116545824 LICK
251 0 2116546360 TIMEOUT_START
251 0 2116699164 LICK
251 0 2116699700 TIMEOUT_START
251 0 2116867784 LICK
251 0 2116868328 TIMEOUT_START
251 0 2117051752 LICK
251 0 2117052288 TIMEOUT_START
251 0 2117220416 LICK
251 0 2117220952 TIMEOUT_START
251 0 2117389036 LICK
251 0 2117389580 TIMEOUT_START
251 0 2117514320 RESP_END
251 0 2124390136 TIMEOUT_END
252 0 2127702372 STIM_START
252 0 2130812860 LICK
252 0 2130975392 STIM_END_RESP_START
252 0 2130996772 LICK
252 0 2130997312 TIMEOUT_START
252 0 2131211380 LICK
252 0 2131211912 TIMEOUT_START
252 0 2131364696 LICK
252 0 2131365236 TIMEOUT_START
252 0 2131533356 LICK
252 0 2131533896 TIMEOUT_START
252 0 2131701980 LICK
252 0 2131702516 TIMEOUT_START
252 0 2131901284 LICK
252 0 2131901824 TIMEOUT_START
252 0 2132069884 LICK
252 0 2132070428 TIMEOUT_START
252 0 2132175432 RESP_END
252 0 2139070988 TIMEOUT_END
253 1 2141171148 STIM_START
253 1 2144438560 LICK
253 1 2144444180 STIM_END_RESP_START
253 1 2144637876 LICK
253 1 2144638420 REWARD_START
253 1 2144806588 LICK
253 1 2144990548 LICK
253 1 2145603696 LICK
253 1 2145644216 RESP_END
253 1 2144688996 REWARD_END
254 1 2147768528 STIM_START
254 1 2148729912 LICK
254 1 2148898552 LICK
254 1 2149097772 LICK
254 1 2149266448 LICK
254 1 2149419772 LICK
254 1 2149557736 LICK
254 1 2149726376 LICK
254 1 2149879700 LICK
254 1 2150033032 LICK
254 1 2150201592 LICK
254 1 2150354976 LICK
254 1 2150523608 LICK
254 1 2150692200 LICK
254 1 2150876180 LICK
254 1 2151044812 LICK
254 1 2151244044 LICK
254 1 2151397412 LICK
254 1 2151581368 LICK
254 1 2151780604 LICK
254 1 2151791080 STIM_END_RESP_START
254 1 2151979864 LICK
254 1 2151980404 REWARD_START
254 1 2152179244 LICK
254 1 2152347888 LICK
254 1 2152470576 LICK
254 1 2152608564 LICK
254 1 2152746524 LICK
254 1 2152884556 LICK
254 1 2152991120 RESP_END
254 1 2152030984 REWARD_END
255 1 2155752236 STIM_START
255 1 2156930256 LICK
255 1 2157083620 LICK
255 1 2157236924 LICK
255 1 2157390220 LICK
255 1 2157543516 LICK
255 1 2157696884 LICK
255 1 2157865484 LICK
255 1 2158034120 LICK
255 1 2158202788 LICK
255 1 2158356116 LICK
255 1 2158524704 LICK
255 1 2158693416 LICK
255 1 2158862032 LICK
255 1 2159025236 STIM_END_RESP_START
255 1 2159045984 LICK
255 1 2159046520 REWARD_START
255 1 2159199388 LICK
255 1 2159368028 LICK
255 1 2159490684 LICK
255 1 2159613372 LICK
255 1 2159751324 LICK
255 1 2159919988 LICK
255 1 2160088584 LICK
255 1 2160225284 RESP_END
255 1 2159097104 REWARD_END
256 0 2164563456 STIM_START
256 0 2165958612 LICK
256 0 2166127260 LICK
256 0 2166387816 LICK
256 0 2166541116 LICK
256 0 2166893652 LICK
256 0 2167092956 LICK
256 0 2167246252 LICK
256 0 2167399580 LICK
256 0 2167568248 LICK
256 0 2167736848 LICK
256 0 2167920788 LICK
256 0 2168089456 LICK
256 0 2168273400 LICK
256 0 2168336152 STIM_END_RESP_START
256 0 2168442052 LICK
256 0 2168442588 TIMEOUT_START
256 0 2168626012 LICK
256 0 2168626556 TIMEOUT_START
256 0 2168809980 LICK
256 0 2168810524 TIMEOUT_START
256 0 2168978596 LICK
256 0 2168979132 TIMEOUT_START
256 0 2169147216 LICK
256 0 2169147760 TIMEOUT_START
256 0 2169331172 LICK
256 0 2169331708 TIMEOUT_START
256 0 2169530444 LICK
256 0 2169530980 TIMEOUT_START
256 0 2169536196 RESP_END
256 0 2176531544 TIMEOUT_END
257 1 2178317092 STIM_START
257 1 2180011256 LICK
257 1 2180241224 LICK
257 1 2180409820 LICK
257 1 2180578480 LICK
257 1 2180793124 LICK
257 1 2181007704 LICK
257 1 2181145668 LICK
257 1 2181360332 LICK
257 1 2181590212 LICK
257 1 2181758908 LICK
257 1 2181912188 LICK
257 1 2182080828 LICK
257 1 2182089800 STIM_END_RESP_START
257 1 2182249484 LICK
257 1 2182250020 REWARD_START
257 1 2182433516 LICK
257 1 2182862712 LICK
257 1 2183031308 LICK
257 1 2183289840 RESP_END
257 1 2182300596 REWARD_END
258 1 2185367256 STIM_START
258 1 2186724364 LICK
258 1 2186923640 LICK
258 1 2187122864 LICK
258 1 2187291532 LICK
258 1 2187444832 LICK
258 1 2187582796 LICK
258 1 2187751468 LICK
258 1 2187920096 LICK
258 1 2188073392 LICK
258 1 2188242032 LICK
258 1 2188410724 LICK
258 1 2188610012 LICK
258 1 2188640264 STIM_END_RESP_START
258 1 2188793976 LICK
258 1 2188794516 REWARD_START
258 1 2188978012 LICK
258 1 2189177316 LICK
258 1 2189299916 LICK
258 1 2189437932 LICK
258 1 2189575932 LICK
258 1 2189840296 RESP_END
258 1 2188845100 REWARD_END
259 0 2192193524 STIM_START
259 0 2194035084 LICK
259 0 2194219080 LICK
259 0 2194433716 LICK
259 0 2194587008 LICK
259 0 2194740340 LICK
259 0 2194893676 LICK
259 0 2195047016 LICK
259 0 2195215580 LICK
259 0 2195384248 LICK
259 0 2195537580 LICK
259 0 2195706176 LICK
259 0 2195859512 LICK
259 0 2196028128 LICK
259 0 2196196768 LICK
259 0 2196216088 STIM_END_RESP_START
259 0 2196365420 LICK
259 0 2196365956 TIMEOUT_START
259 0 2196534044 LICK
259 0 2196534584 TIMEOUT_START
259 0 2196702708 LICK
259 0 2196703252 TIMEOUT_START
259 0 2196871360 LICK
259 0 2196871896 TIMEOUT_START
259 0 2197055308 LICK
259 0 2197055852 TIMEOUT_START
259 0 2197223936 LICK
259 0 2197224480 TIMEOUT_START
259 0 2197392588 LICK
259 0 2197393124 TIMEOUT_START
259 0 2197416112 RESP_END
259 0 2204393696 TIMEOUT_END
260 0 2210238788 STIM_START
260 0 2212119560 LICK
260 0 2212610016 LICK
260 0 2212778648 LICK
260 0 2212916612 LICK
260 0 2213069944 LICK
260 0 2213238608 LICK
260 0 2213391904 LICK
260 0 2213560508 LICK
260 0 2213729212 LICK
260 0 2213761648 STIM_END_RESP_START
260 0 2213897816 LICK
260 0 2213898360 TIMEOUT_START
260 0 2214051156 LICK
260 0 2214051692 TIMEOUT_START
260 0 2214235120 LICK
260 0 2214235660 TIMEOUT_START
260 0 2214419052 LICK
260 0 2214419592 TIMEOUT_START
260 0 2214603056 LICK
260 0 2214603592 TIMEOUT_START
260 0 2214756336 LICK
260 0 2214756880 TIMEOUT_START
260 0 2214940328 LICK
260 0 2214940872 TIMEOUT_START
260 0 2214961676 RESP_END
260 0 2221941432 TIMEOUT_END
261 0 2223993364 STIM_START
261 0 2228015908 STIM_END_RESP_START
261 0 2229009492 LICK
261 0 2229010028 TIMEOUT_START
261 0 2229162788 LICK
261 0 2229163332 TIMEOUT_START
261 0 2229215948 RESP_END
261 0 2236163896 TIMEOUT_END
262 1 2238014788 STIM_START
262 1 2240073140 LICK
262 1 2240287768 LICK
262 1 2240517668 LICK
262 1 2240686308 LICK
262 1 2240839668 LICK
262 1 2240993000 LICK
262 1 2241161596 LICK
262 1 2241314940 LICK
262 1 2241483616 LICK
262 1 2241537660 STIM_END_RESP_START
262 1 2241652236 LICK
262 1 2241652780 REWARD_START
262 1 2241836272 LICK
262 1 2242127532 LICK
262 1 2242250188 LICK
262 1 2242737688 RESP_END
262 1 2241703356 REWARD_END
263 1 2244895068 STIM_START
263 1 2245943400 LICK
263 1 2246249980 LICK
263 1 2246403320 LICK
263 1 2246556648 LICK
263 1 2246694644 LICK
263 1 2246847936 LICK
263 1 2247016572 LICK
263 1 2247185244 LICK
263 1 2247384492 LICK
263 1 2247553132 LICK
263 1 2247737144 LICK
263 1 2247905752 LICK
263 1 2248089696 LICK
263 1 2248258388 LICK
263 1 2248442328 LICK
263 1 2248626272 LICK
263 1 2248667800 STIM_END_RESP_START
263 1 2248810236 LICK
263 1 2248810780 REWARD_START
263 1 2249009580 LICK
263 1 2249331548 LICK
263 1 2249469544 LICK
263 1 2249822044 LICK
263 1 2249867840 RESP_END
263 1 2248861356 REWARD_END
264 0 2251698432 STIM_START
264 0 2253208744 LICK
264 0 2253377448 LICK
264 0 2253515412 LICK
264 0 2253668708 LICK
264 0 2253822012 LICK
264 0 2253975340 LICK
264 0 2254128636 LICK
264 0 2254312620 LICK
264 0 2254481304 LICK
264 0 2254649904 LICK
264 0 2254833844 LICK
264 0 2255002500 LICK
264 0 2255186424 LICK
264 0 2255221304 STIM_END_RESP_START
264 0 2255370392 LICK
264 0 2255370928 TIMEOUT_START
264 0 2255539048 LICK
264 0 2255539592 TIMEOUT_START
264 0 2255723004 LICK
264 0 2255723544 TIMEOUT_START
264 0 2255906956 LICK
264 0 2255907492 TIMEOUT_START
264 0 2256106244 LICK
264 0 2256106784 TIMEOUT_START
264 0 2256351496 LICK
264 0 2256352032 TIMEOUT_START
264 0 2256421328 RESP_END
264 0 2263352600 TIMEOUT_END
265 1 2265247076 STIM_START
265 1 2267997396 LICK
265 1 2268166040 LICK
265 1 2268334648 LICK
265 1 2268549248 LICK
265 1 2268717880 LICK
265 1 2268769956 STIM_END_RESP_START
265 1 2268886532 LICK
265 1 2268887076 REWARD_START
265 1 2269039940 LICK
265 1 2269193252 LICK
265 1 2269300596 LICK
265 1 2269438616 LICK
265 1 2269760464 LICK
265 1 2269898444 LICK
265 1 2269970004 RESP_END
265 1 2268937652 REWARD_END
266 1 2273380752 STIM_START
266 1 2274618876 LICK
266 1 2274787516 LICK
266 1 2274940856 LICK
266 1 2275109492 LICK
266 1 2275262800 LICK
266 1 2275431472 LICK
266 1 2275600100 LICK
266 1 2275784040 LICK
266 1 2275937336 LICK
266 1 2276106008 LICK
266 1 2276305252 LICK
266 1 2276458560 LICK
266 1 2276627228 LICK
266 1 2276653772 STIM_END_RESP_START
266 1 2276795872 LICK
266 1 2276796412 REWARD_START
266 1 2276995236 LICK
266 1 2277194500 LICK
266 1 2277301812 LICK
266 1 2277439844 LICK
266 1 2277577808 LICK
266 1 2277715800 LICK
266 1 2277853804 RESP_END
266 1 2276846996 REWARD_END
267 0 2281199468 STIM_START
267 0 2281807652 LICK
267 0 2282022216 LICK
267 0 2282190844 LICK
267 0 2282344176 LICK
267 0 2282482140 LICK
267 0 2282635472 LICK
267 0 2282788800 LICK
267 0 2282957460 LICK
267 0 2283126044 LICK
267 0 2283294756 LICK
267 0 2283463388 LICK
267 0 2283631988 LICK
267 0 2283785296 LICK
267 0 2283953948 LICK
267 0 2284122576 LICK
267 0 2284291204 LICK
267 0 2284472500 STIM_END_RESP_START
267 0 2284475164 LICK
267 0 2284475716 TIMEOUT_START
267 0 2284643808 LICK
267 0 2284644344 TIMEOUT_START
267 0 2284812460 LICK
267 0 2284812996 TIMEOUT_START
267 0 2285027072 LICK
267 0 2285027616 TIMEOUT_START
267 0 2285211032 LICK
267 0 2285211568 TIMEOUT_START
267 0 2285394988 LICK
267 0 2285395524 TIMEOUT_START
267 0 2285563648 LICK
267 0 2285564192 TIMEOUT_START
267 0 2285672524 RESP_END
267 0 2292564764 TIMEOUT_END
268 0 2296783056 STIM_START
268 0 2300555768 STIM_END_RESP_START
268 0 2301377696 LICK
268 0 2301378236 TIMEOUT_START
268 0 2301592284 LICK
268 0 2301592828 TIMEOUT_START
268 0 2301755804 RESP_END
268 0 2308593384 TIMEOUT_END
269 0 2310557604 STIM_START
269 0 2313830644 STIM_END_RESP_START
269 0 2315030692 RESP_END
270 1 2316926168 STIM_START
270 1 2317317248 LICK
270 1 2317593128 LICK
270 1 2320698888 STIM_END_RESP_START
270 1 2321898936 RESP_END
271 1 2323775472 STIM_START
271 1 2327298332 STIM_END_RESP_START
271 1 2328485380 LICK
271 1 2328485924 REWARD_START
271 1 2328536536 RESP_END
271 1 2328536500 REWARD_END
272 0 2331511316 STIM_START
272 0 2333619280 LICK
272 0 2333757308 LICK
272 0 2333925888 LICK
272 0 2334063892 LICK
272 0 2334247876 LICK
272 0 2334401172 LICK
272 0 2334539164 LICK
272 0 2334692456 LICK
272 0 2334845824 LICK
272 0 2335014420 LICK
272 0 2335183056 LICK
272 0 2335351728 LICK
272 0 2335520364 LICK
272 0 2335533868 STIM_END_RESP_START
272 0 2335704328 LICK
272 0 2335704864 TIMEOUT_START
272 0 2335872948 LICK
272 0 2335873492 TIMEOUT_START
272 0 2336041556 LICK
272 0 2336042096 TIMEOUT_START
272 0 2336210180 LICK
272 0 2336210716 TIMEOUT_START
272 0 2336394164 LICK
272 0 2336394708 TIMEOUT_START
272 0 2336578120 LICK
272 0 2336578664 TIMEOUT_START
272 0 2336733892 RESP_END
272 0 2343579216 TIMEOUT_END
273 1 2345530732 STIM_START
273 1 2348803728 STIM_END_RESP_START
273 1 2350003740 RESP_END
274 1 2352191128 STIM_START
274 1 2355713980 STIM_END_RESP_START
274 1 2356913992 RESP_END
275 1 2358801592 STIM_START
275 1 2362574304 STIM_END_RESP_START
275 1 2363774352 RESP_END
276 0 2365581920 STIM_START
276 0 2369104772 STIM_END_RESP_START
276 0 2370304784 RESP_END
277 1 2372269288 STIM_START
277 1 2376042000 STIM_END_RESP_START
277 1 2377242048 RESP_END
278 1 2379166572 STIM_START
278 1 2382439572 STIM_END_RESP_START
278 1 2383639620 RESP_END
279 1 2385862952 STIM_START
279 1 2389885520 STIM_END_RESP_START
279 1 2391085536 RESP_END
280 0 2393210040 STIM_START
280 0 2396483072 STIM_END_RESP_START
280 0 2397683088 RESP_END
281 1 2399477640 STIM_START
281 1 2403500220 STIM_END_RESP_START
281 1 2404700232 RESP_END
282 1 2406560788 STIM_START
282 1 2410083640 STIM_END_RESP_START
282 1 2411283652 RESP_END
283 1 2413187192 STIM_START
283 1 2416959904 STIM_END_RESP_START
283 1 2418159920 RESP_END
284 0 2419950612 STIM_START
284 0 2423973184 STIM_END_RESP_START
284 0 2425173200 RESP_END
285 1 2426990748 STIM_START
285 1 2430513600 STIM_END_RESP_START
285 1 2431606628 LICK
285 1 2431607176 REWARD_START
285 1 2431713648 RESP_END
285 1 2431657756 REWARD_END
286 1 2441448948 STIM_START
286 1 2445471488 STIM_END_RESP_START
286 1 2446671504 RESP_END
287 1 2455299484 STIM_START
287 1 2455409288 LICK
287 1 2455593224 LICK
287 1 2455792520 LICK
287 1 2455976452 LICK
287 1 2456145080 LICK
287 1 2456329080 LICK
287 1 2456528352 LICK
287 1 2456712320 LICK
287 1 2456988188 LICK
287 1 2457156792 LICK
287 1 2457340768 LICK
287 1 2457540016 LICK
287 1 2457724000 LICK
287 1 2457907976 LICK
287 1 2458091916 LICK
287 1 2458275884 LICK
287 1 2458613044 LICK
287 1 2458751032 LICK
287 1 2458935048 LICK
287 1 2459072196 STIM_END_RESP_START
287 1 2460272208 RESP_END
288 0 2469951552 STIM_START
288 0 2473724264 STIM_END_RESP_START
288 0 2474924280 RESP_END
289 1 2476830840 STIM_START
289 1 2480103872 STIM_END_RESP_START
289 1 2481303884 RESP_END
290 1 2483269424 STIM_START
290 1 2487042140 STIM_END_RESP_START
290 1 2488145752 LICK
290 1 2488146296 REWARD_START
290 1 2488242188 RESP_END
290 1 2488196876 REWARD_END
291 0 2495361844 STIM_START
291 0 2499134560 STIM_END_RESP_START
291 0 2500334612 RESP_END
292 0 2502161172 STIM_START
292 0 2506183748 STIM_END_RESP_START
292 0 2507383792 RESP_END
293 0 2509492236 STIM_START
293 0 2512765228 STIM_END_RESP_START
293 0 2513965244 RESP_END
294 1 2516079668 STIM_START
294 1 2517605348 LICK
294 1 2520102228 STIM_END_RESP_START
294 1 2520271352 LICK
294 1 2520271896 REWARD_START
294 1 2520409380 LICK
294 1 2520578060 LICK
294 1 2521114396 LICK
294 1 2521302276 RESP_END
294 1 2520322476 REWARD_END
295 1 2532741668 STIM_START
295 1 2536014700 STIM_END_RESP_START
295 1 2537214716 RESP_END
296 0 2539429060 STIM_START
296 0 2542008804 LICK
296 0 2542238776 LICK
296 0 2542407408 LICK
296 0 2542591328 LICK
296 0 2542702068 STIM_END_RESP_START
296 0 2542775308 LICK
296 0 2542775848 TIMEOUT_START
296 0 2542974564 LICK
296 0 2542975108 TIMEOUT_START
296 0 2543357708 LICK
296 0 2543358252 TIMEOUT_START
296 0 2543541668 LICK
296 0 2543542204 TIMEOUT_START
296 0 2543740900 LICK
296 0 2543741440 TIMEOUT_START
296 0 2543902100 RESP_END
296 0 2550742004 TIMEOUT_END
297 1 2552701888 STIM_START
297 1 2556224748 STIM_END_RESP_START
297 1 2557156376 LICK
297 1 2557156916 REWARD_START
297 1 2557309780 LICK
297 1 2557424776 RESP_END
297 1 2557207492 REWARD_END
298 1 2559868024 STIM_START
298 1 2560957088 LICK
298 1 2561125660 LICK
298 1 2561309644 LICK
298 1 2561478264 LICK
298 1 2561631556 LICK
298 1 2561800232 LICK
298 1 2561984188 LICK
298 1 2562152788 LICK
298 1 2562352088 LICK
298 1 2562535992 LICK
298 1 2562719968 LICK
298 1 2562903980 LICK
298 1 2563103248 LICK
298 1 2563271896 LICK
298 1 2563390904 STIM_END_RESP_START
298 1 2563471168 LICK
298 1 2563471712 REWARD_START
298 1 2563747100 LICK
298 1 2563869792 LICK
298 1 2564590952 RESP_END
298 1 2563522288 REWARD_END
299 1 2566587452 STIM_START
299 1 2568037840 LICK
299 1 2568191172 LICK
299 1 2568329164 LICK
299 1 2568482496 LICK
299 1 2568635788 LICK
299 1 2568804412 LICK
299 1 2568988424 LICK
299 1 2569157024 LICK
299 1 2569325656 LICK
299 1 2569509672 LICK
299 1 2569693576 LICK
299 1 2569862200 LICK
299 1 2570076832 LICK
299 1 2570110336 STIM_END_RESP_START
299 1 2570260788 LICK
299 1 2570261324 REWARD_START
299 1 2570460164 LICK
299 1 2570644132 LICK
299 1 2570782092 LICK
299 1 2570920088 LICK
299 1 2571088752 LICK
299 1 2571287996 LICK
299 1 2571310372 RESP_END
299 1 2570311904 REWARD_END
300 0 2574261316 STIM_START
300 0 2575196032 LICK
300 0 2575349288 LICK
300 0 2575502600 LICK
300 0 2575655944 LICK
300 0 2575824612 LICK
300 0 2576008516 LICK
300 0 2576207832 LICK
300 0 2576376456 LICK
300 0 2576545044 LICK
300 0 2576729044 LICK
300 0 2576913012 LICK
300 0 2577112232 LICK
300 0 2577534336 STIM_END_RESP_START
300 0 2578734352 RESP_END
301 1 2580539976 STIM_START
301 1 2581203812 LICK
301 1 2581372408 LICK
301 1 2581571704 LICK
301 1 2581786336 LICK
301 1 2581985608 LICK
301 1 2582154280 LICK
301 1 2582322900 LICK
301 1 2582506832 LICK
301 1 2582690848 LICK
301 1 2582874808 LICK
301 1 2583058736 LICK
301 1 2583258036 LICK
301 1 2583825052 LICK
301 1 2583978320 LICK
301 1 2584146992 LICK
301 1 2584312704 STIM_END_RESP_START
301 1 2584330932 LICK
301 1 2584331476 REWARD_START
301 1 2584576308 LICK
301 1 2584729620 LICK
301 1 2584852264 LICK
301 1 2584990248 LICK
301 1 2585143564 LICK
301 1 2585296928 LICK
301 1 2585512732 RESP_END
301 1 2584382052 REWARD_END
302 1 2587540080 STIM_START
302 1 2588422900 LICK
302 1 2588560860 LICK
302 1 2588729472 LICK
302 1 2588882808 LICK
302 1 2589036140 LICK
302 1 2589220044 LICK
302 1 2589388712 LICK
302 1 2589587948 LICK
302 1 2589771892 LICK
302 1 2589940560 LICK
302 1 2590139820 LICK
302 1 2590339132 LICK
302 1 2590538408 LICK
302 1 2590752948 LICK
302 1 2590813092 STIM_END_RESP_START
302 1 2590952248 LICK
302 1 2590952792 REWARD_START
302 1 2591228160 LICK
302 1 2591366180 LICK
302 1 2591473560 LICK
302 1 2591596216 LICK
302 1 2591718872 LICK
302 1 2591856832 LICK
302 1 2592010132 LICK
302 1 2592013116 RESP_END
302 1 2591003368 REWARD_END
303 0 2594447352 STIM_START
303 0 2595504096 LICK
303 0 2595657400 LICK
303 0 2595810704 LICK
303 0 2595979344 LICK
303 0 2596147996 LICK
303 0 2596331928 LICK
303 0 2596500528 LICK
303 0 2596669224 LICK
303 0 2596853116 LICK
303 0 2597037088 LICK
303 0 2597221048 LICK
303 0 2597404956 LICK
303 0 2597588932 LICK
303 0 2597757568 LICK
303 0 2597956796 LICK
303 0 2598171444 LICK
303 0 2598416632 LICK
303 0 2598469900 STIM_END_RESP_START
303 0 2598615928 LICK
303 0 2598616472 TIMEOUT_START
303 0 2598769216 LICK
303 0 2598769760 TIMEOUT_START
303 0 2598968496 LICK
303 0 2598969032 TIMEOUT_START
303 0 2599669940 RESP_END
303 0 2605969604 TIMEOUT_END
304 0 2607984036 STIM_START
304 0 2611756752 STIM_END_RESP_START
304 0 2612956764 RESP_END
305 0 2614713476 STIM_START
305 0 2618486188 STIM_END_RESP_START
305 0 2619686204 RESP_END
306 1 2621501772 STIM_START
306 1 2625024656 STIM_END_RESP_START
306 1 2626224704 RESP_END
307 1 2628103196 STIM_START
307 1 2632125764 STIM_END_RESP_START
307 1 2633027564 LICK
307 1 2633028104 REWARD_START
307 1 2633180928 LICK
307 1 2633325808 RESP_END
307 1 2633078680 REWARD_END
308 0 2637341264 STIM_START
308 0 2640864116 STIM_END_RESP_START
308 0 2642064128 RESP_END
309 0 2644053572 STIM_START
309 0 2647326604 STIM_END_RESP_START
309 0 2648526616 RESP_END
310 1 2650579116 STIM_START
310 1 2654101968 STIM_END_RESP_START
310 1 2655301984 RESP_END
311 1 2660749572 STIM_START
311 1 2664522288 STIM_END_RESP_START
311 1 2665249328 LICK
311 1 2665249868 REWARD_START
311 1 2665418040 LICK
311 1 2665663344 LICK
311 1 2665722336 RESP_END
311 1 2665300448 REWARD_END
312 0 2671183016 STIM_START
312 0 2672498540 LICK
312 0 2672667152 LICK
312 0 2672820444 LICK
312 0 2672973804 LICK
312 0 2673127112 LICK
312 0 2673280404 LICK
312 0 2673433732 LICK
312 0 2673587100 LICK
312 0 2673755684 LICK
312 0 2673924324 LICK
312 0 2674123636 LICK
312 0 2674292244 LICK
312 0 2674456028 STIM_END_RESP_START
312 0 2674476620 LICK
312 0 2674477164 TIMEOUT_START
312 0 2674644836 LICK
312 0 2674645380 TIMEOUT_START
312 0 2674828792 LICK
312 0 2674829336 TIMEOUT_START
312 0 2675012744 LICK
312 0 2675013280 TIMEOUT_START
312 0 2675196716 LICK
312 0 2675197260 TIMEOUT_START
312 0 2675656044 RESP_END
312 0 2682197816 TIMEOUT_END
313 0 2684256888 STIM_START
313 0 2687529916 STIM_END_RESP_START
313 0 2688493944 LICK
313 0 2688494476 TIMEOUT_START
313 0 2688677852 LICK
313 0 2688678388 TIMEOUT_START
313 0 2688729960 RESP_END
313 0 2695678956 TIMEOUT_END
314 0 2697894500 STIM_START
314 0 2701667212 STIM_END_RESP_START
314 0 2702867224 RESP_END
315 1 2705012668 STIM_START
315 1 2708285704 STIM_END_RESP_START
315 1 2709419064 LICK
315 1 2709419604 REWARD_START
315 1 2709485724 RESP_END
315 1 2709470180 REWARD_END
316 1 2712154820 STIM_START
316 1 2715288028 LICK
316 1 2715456640 LICK
316 1 2715610004 LICK
316 1 2715677708 STIM_END_RESP_START
316 1 2715778624 LICK
316 1 2715779168 REWARD_START
316 1 2715931996 LICK
316 1 2716085312 LICK
316 1 2716437904 LICK
316 1 2716560524 LICK
316 1 2716877732 RESP_END
316 1 2715829744 REWARD_END
317 0 2718978132 STIM_START
317 0 2720023624 LICK
317 0 2720192264 LICK
317 0 2720314880 LICK
317 0 2720498836 LICK
317 0 2720652200 LICK
317 0 2720790164 LICK
317 0 2720958760 LICK
317 0 2721112092 LICK
317 0 2721265412 LICK
317 0 2721434016 LICK
317 0 2721602612 LICK
317 0 2721801924 LICK
317 0 2721985888 LICK
317 0 2722154560 LICK
317 0 2722251164 STIM_END_RESP_START
317 0 2722338464 LICK
317 0 2722339008 TIMEOUT_START
317 0 2722491792 LICK
317 0 2722492328 TIMEOUT_START
317 0 2722721720 LICK
317 0 2722722264 TIMEOUT_START
317 0 2722874992 LICK
317 0 2722875536 TIMEOUT_START
317 0 2723043648 LICK
317 0 2723044180 TIMEOUT_START
317 0 2723227580 LICK
317 0 2723228120 TIMEOUT_START
317 0 2723411532 LICK
317 0 2723412072 TIMEOUT_START
317 0 2723451184 RESP_END
317 0 2730412636 TIMEOUT_END
318 0 2732372964 STIM_START
318 0 2735895832 STIM_END_RESP_START
318 0 2737095844 RESP_END
319 1 2739174232 STIM_START
319 1 2743196772 STIM_END_RESP_START
319 1 2743966692 LICK
319 1 2743967236 REWARD_START
319 1 2744104756 LICK
319 1 2744380708 LICK
319 1 2744396788 RESP_END
319 1 2744017816 REWARD_END
320 0 2746894080 STIM_START
320 0 2748364928 LICK
320 0 2750556120 LICK
320 0 2750666784 STIM_END_RESP_START
320 0 2750724716 LICK
320 0 2750725256 TIMEOUT_START
320 0 2750862716 LICK
320 0 2750863252 TIMEOUT_START
320 0 2751016020 LICK
320 0 2751016556 TIMEOUT_START
320 0 2751153980 LICK
320 0 2751154524 TIMEOUT_START
320 0 2751322612 LICK
320 0 2751323156 TIMEOUT_START
320 0 2751475940 LICK
320 0 2751476480 TIMEOUT_START
320 0 2751644532 LICK
320 0 2751645076 TIMEOUT_START
320 0 2751828504 LICK
320 0 2751829048 TIMEOUT_START
320 0 2751866812 RESP_END
320 0 2758829608 TIMEOUT_END
321 1 2760830532 STIM_START
321 1 2762002920 LICK
321 1 2762156212 LICK
321 1 2762294248 LICK
321 1 2762462848 LICK
321 1 2762616156 LICK
321 1 2762784804 LICK
321 1 2762953444 LICK
321 1 2763122004 LICK
321 1 2763290680 LICK
321 1 2763474652 LICK
321 1 2763643252 LICK
321 1 2763842572 LICK
321 1 2764057144 LICK
321 1 2764225780 LICK
321 1 2764440388 LICK
321 1 2764603248 STIM_END_RESP_START
321 1 2764639668 LICK
321 1 2764640208 REWARD_START
321 1 2765007560 LICK
321 1 2765130200 LICK
321 1 2765375524 LICK
321 1 2765498208 LICK
321 1 2765636208 LICK
321 1 2765803272 RESP_END
321 1 2764690792 REWARD_END
322 0 2767986672 STIM_START
322 0 2768992044 LICK
322 0 2769145308 LICK
322 0 2769298616 LICK
322 0 2769451940 LICK
322 0 2769605232 LICK
322 0 2769773832 LICK
322 0 2769942544 LICK
322 0 2770111176 LICK
322 0 2770295068 LICK
322 0 2770463736 LICK
322 0 2770632336 LICK
322 0 2770816264 LICK
322 0 2771000260 LICK
322 0 2771199496 LICK
322 0 2771383436 LICK
322 0 2771567408 LICK
322 0 2771781956 LICK
322 0 2771935288 LICK
322 0 2772009240 STIM_END_RESP_START
322 0 2772103908 LICK
322 0 2772104452 TIMEOUT_START
322 0 2772287884 LICK
322 0 2772288420 TIMEOUT_START
322 0 2772487136 LICK
322 0 2772487676 TIMEOUT_START
322 0 2772671072 LICK
322 0 2772671612 TIMEOUT_START
322 0 2772855064 LICK
322 0 2772855600 TIMEOUT_START
322 0 2773209252 RESP_END
322 0 2779856172 TIMEOUT_END
323 0 2781664292 STIM_START
323 0 2782630840 LICK
323 0 2782830084 LICK
323 0 2783014044 LICK
323 0 2783182704 LICK
323 0 2783351308 LICK
323 0 2783504640 LICK
323 0 2783673268 LICK
323 0 2783826600 LICK
323 0 2784010532 LICK
323 0 2784194500 LICK
323 0 2784363136 LICK
323 0 2784547068 LICK
323 0 2784731064 LICK
323 0 2784899692 LICK
323 0 2785083660 LICK
323 0 2785187176 STIM_END_RESP_START
323 0 2785282932 LICK
323 0 2785283472 TIMEOUT_START
323 0 2785482232 LICK
323 0 2785482776 TIMEOUT_START
323 0 2785650860 LICK
323 0 2785651396 TIMEOUT_START
323 0 2785834780 LICK
323 0 2785835324 TIMEOUT_START
323 0 2786018748 LICK
323 0 2786019284 TIMEOUT_START
323 0 2786218004 LICK
323 0 2786218536 TIMEOUT_START
323 0 2786387188 RESP_END
323 0 2793219104 TIMEOUT_END
324 0 2795259948 STIM_START
324 0 2796667376 LICK
324 0 2796790072 LICK
324 0 2797295908 LICK
324 0 2797571804 LICK
324 0 2797679156 LICK
324 0 2797878420 LICK
324 0 2798353488 LICK
324 0 2798782736 LICK
324 0 2798920760 LICK
324 0 2799032676 STIM_END_RESP_START
324 0 2799257912 LICK
324 0 2799258452 TIMEOUT_START
324 0 2799411196 LICK
324 0 2799411740 TIMEOUT_START
324 0 2800070244 LICK
324 0 2800070788 TIMEOUT_START
324 0 2800192904 LICK
324 0 2800193440 TIMEOUT_START
324 0 2800232700 RESP_END
324 0 2807194008 TIMEOUT_END
325 1 2812378700 STIM_START
325 1 2814689344 LICK
325 1 2814904000 LICK
325 1 2815133912 LICK
325 1 2815287264 LICK
325 1 2815440600 LICK
325 1 2815609196 LICK
325 1 2815777836 LICK
325 1 2815946504 LICK
325 1 2816145740 LICK
325 1 2816401268 STIM_END_RESP_START
325 1 2816620832 LICK
325 1 2816621368 REWARD_START
325 1 2816789544 LICK
325 1 2816973512 LICK
325 1 2817080860 LICK
325 1 2817218820 LICK
325 1 2817356852 LICK
325 1 2817601300 RESP_END
325 1 2816671952 REWARD_END
326 1 2819772712 STIM_START
326 1 2820712684 LICK
326 1 2820881388 LICK
326 1 2821050000 LICK
326 1 2821218624 LICK
326 1 2821356612 LICK
326 1 2821509936 LICK
326 1 2821693864 LICK
326 1 2821877804 LICK
326 1 2822061804 LICK
326 1 2822245736 LICK
326 1 2822445036 LICK
326 1 2822659624 LICK
326 1 2822828236 LICK
326 1 2823027552 LICK
326 1 2823045728 STIM_END_RESP_START
326 1 2823196140 LICK
326 1 2823196684 REWARD_START
326 1 2823395488 LICK
326 1 2823579468 LICK
326 1 2823702120 LICK
326 1 2823855412 LICK
326 1 2824008752 LICK
326 1 2824177428 LICK
326 1 2824245776 RESP_END
326 1 2823247264 REWARD_END
327 1 2826294188 STIM_START
327 1 2827947112 LICK
327 1 2828146368 LICK
327 1 2828314964 LICK
327 1 2828452964 LICK
327 1 2828621632 LICK
327 1 2828790228 LICK
327 1 2828974236 LICK
327 1 2829158208 LICK
327 1 2829326792 LICK
327 1 2829510764 LICK
327 1 2829694764 LICK
327 1 2829817076 STIM_END_RESP_START
327 1 2829894052 LICK
327 1 2829894588 REWARD_START
327 1 2830170032 LICK
327 1 2830430616 LICK
327 1 2830568652 LICK
327 1 2830737252 LICK
327 1 2830905924 LICK
327 1 2831017092 RESP_END
327 1 2829945172 REWARD_END
328 0 2833075624 STIM_START
328 0 2833955376 LICK
328 0 2834139328 LICK
328 0 2834292692 LICK
328 0 2834461328 LICK
328 0 2834629928 LICK
328 0 2834798600 LICK
328 0 2834997872 LICK
328 0 2835181816 LICK
328 0 2835365788 LICK
328 0 2835549792 LICK
328 0 2835764344 LICK
328 0 2836331424 LICK
328 0 2836469412 LICK
328 0 2836598472 STIM_END_RESP_START
328 0 2836668680 LICK
328 0 2836669216 TIMEOUT_START
328 0 2836883284 LICK
328 0 2836883824 TIMEOUT_START
328 0 2837067276 LICK
328 0 2837067816 TIMEOUT_START
328 0 2837297196 LICK
328 0 2837297732 TIMEOUT_START
328 0 2837481148 LICK
328 0 2837481688 TIMEOUT_START
328 0 2837680444 LICK
328 0 2837680980 TIMEOUT_START
328 0 2837798488 RESP_END
328 0 2844681540 TIMEOUT_END
329 1 2846716176 STIM_START
329 1 2850239052 STIM_END_RESP_START
329 1 2850239820 LICK
329 1 2850240368 REWARD_START
329 1 2850393196 LICK
329 1 2850592496 LICK
329 1 2850699808 LICK
329 1 2850822540 LICK
329 1 2850945192 LICK
329 1 2851083180 LICK
329 1 2851439096 RESP_END
329 1 2850290948 REWARD_END
330 1 2853426548 STIM_START
330 1 2854914108 LICK
330 1 2855052100 LICK
330 1 2855205404 LICK
330 1 2855343404 LICK
330 1 2855512104 LICK
330 1 2855680696 LICK
330 1 2855833964 LICK
330 1 2856002600 LICK
330 1 2856186596 LICK
330 1 2856370536 LICK
330 1 2856539176 LICK
330 1 2856707804 LICK
330 1 2856891736 LICK
330 1 2856949396 STIM_END_RESP_START
330 1 2857091036 LICK
330 1 2857091580 REWARD_START
330 1 2857351680 LICK
330 1 2857612296 LICK
330 1 2857750288 LICK
330 1 2858072104 LICK
330 1 2858149416 RESP_END
330 1 2857142156 REWARD_END
331 1 2860425764 STIM_START
331 1 2861979684 LICK
331 1 2862117680 LICK
331 1 2862255608 LICK
331 1 2862408944 LICK
331 1 2862577576 LICK
331 1 2862730884 LICK
331 1 2862899520 LICK
331 1 2863068152 LICK
331 1 2863236792 LICK
331 1 2863420720 LICK
331 1 2863604696 LICK
331 1 2863803944 LICK
331 1 2863957276 LICK
331 1 2864125944 LICK
331 1 2864309876 LICK
331 1 2864448344 STIM_END_RESP_START
331 1 2864478516 LICK
331 1 2864479056 REWARD_START
331 1 2864662516 LICK
331 1 2864861820 LICK
331 1 2864984472 LICK
331 1 2865122436 LICK
331 1 2865260464 LICK
331 1 2865612972 LICK
331 1 2865648376 RESP_END
331 1 2864529640 REWARD_END
332 0 2868107684 STIM_START
332 0 2871696376 LICK
332 0 2871834372 LICK
332 0 2871880380 STIM_END_RESP_START
332 0 2871987684 LICK
332 0 2871988220 TIMEOUT_START
332 0 2872140972 LICK
332 0 2872141508 TIMEOUT_START
332 0 2872294292 LICK
332 0 2872294836 TIMEOUT_START
332 0 2872462948 LICK
332 0 2872463488 TIMEOUT_START
332 0 2872646900 LICK
332 0 2872647436 TIMEOUT_START
332 0 2872800220 LICK
332 0 2872800760 TIMEOUT_START
332 0 2872968848 LICK
332 0 2872969388 TIMEOUT_START
332 0 2873080396 RESP_END
332 0 2879969956 TIMEOUT_END
333 1 2881840212 STIM_START
333 1 2885400788 LICK
333 1 2885554164 LICK
333 1 2885707456 LICK
333 1 2885860748 LICK
333 1 2885862784 STIM_END_RESP_START
333 1 2886029400 LICK
333 1 2886029940 REWARD_START
333 1 2886182804 LICK
333 1 2886366736 LICK
333 1 2886489392 LICK
333 1 2886612084 LICK
333 1 2886750072 LICK
333 1 2887062828 RESP_END
333 1 2886080524 REWARD_END
334 0 2889130272 STIM_START
334 0 2890443036 LICK
334 0 2890581036 LICK
334 0 2890734372 LICK
334 0 2890887672 LICK
334 0 2891040964 LICK
334 0 2891209628 LICK
334 0 2891378228 LICK
334 0 2891531524 LICK
334 0 2891715484 LICK
334 0 2891899412 LICK
334 0 2892098680 LICK
334 0 2892282652 LICK
334 0 2892451252 LICK
334 0 2892635232 LICK
334 0 2892653136 STIM_END_RESP_START
334 0 2892819184 LICK
334 0 2892819728 TIMEOUT_START
334 0 2893202364 LICK
334 0 2893202904 TIMEOUT_START
334 0 2893355652 LICK
334 0 2893356196 TIMEOUT_START
334 0 2893539584 LICK
334 0 2893540120 TIMEOUT_START
334 0 2893853156 RESP_END
334 0 2900540684 TIMEOUT_END
335 1 2902633972 STIM_START
335 1 2906156824 STIM_END_RESP_START
335 1 2906702820 LICK
335 1 2906703364 REWARD_START
335 1 2906871532 LICK
335 1 2907024812 LICK
335 1 2907132196 LICK
335 1 2907254852 LICK
335 1 2907356844 RESP_END
335 1 2906753940 REWARD_END
336 0 2909310372 STIM_START
336 0 2911085804 LICK
336 0 2911223836 LICK
336 0 2911377164 LICK
336 0 2911530420 LICK
336 0 2911683736 LICK
336 0 2911852392 LICK
336 0 2912036336 LICK
336 0 2912189628 LICK
336 0 2912358296 LICK
336 0 2912526860 LICK
336 0 2912710824 LICK
336 0 2912833224 STIM_END_RESP_START
336 0 2912879444 LICK
336 0 2912879984 TIMEOUT_START
336 0 2913078740 LICK
336 0 2913079276 TIMEOUT_START
336 0 2913247368 LICK
336 0 2913247904 TIMEOUT_START
336 0 2913415992 LICK
336 0 2913416536 TIMEOUT_START
336 0 2913599948 LICK
336 0 2913600484 TIMEOUT_START
336 0 2913799240 LICK
336 0 2913799776 TIMEOUT_START
336 0 2914033264 RESP_END
336 0 2920800340 TIMEOUT_END
337 1 2922759096 STIM_START
337 1 2925368380 LICK
337 1 2925521684 LICK
337 1 2925674940 LICK
337 1 2925843612 LICK
337 1 2926027576 LICK
337 1 2926211520 LICK
337 1 2926281952 STIM_END_RESP_START
337 1 2926395484 LICK
337 1 2926396020 REWARD_START
337 1 2926564212 LICK
337 1 2926870768 LICK
337 1 2926993460 LICK
337 1 2927146760 LICK
337 1 2927300064 LICK
337 1 2927481984 RESP_END
337 1 2926446604 REWARD_END
338 1 2929328580 STIM_START
338 1 2929981796 LICK
338 1 2930349708 LICK
338 1 2930518276 LICK
338 1 2930671644 LICK
338 1 2930824936 LICK
338 1 2930993536 LICK
338 1 2931177504 LICK
338 1 2931361468 LICK
338 1 2931514724 LICK
338 1 2931714028 LICK
338 1 2931913336 LICK
338 1 2932112584 LICK
338 1 2932265916 LICK
338 1 2932434540 LICK
338 1 2932601592 STIM_END_RESP_START
338 1 2932618460 LICK
338 1 2932619000 REWARD_START
338 1 2932817836 LICK
338 1 2933109104 LICK
338 1 2933231760 LICK
338 1 2933369788 LICK
338 1 2933507748 LICK
338 1 2933661056 LICK
338 1 2933801636 RESP_END
338 1 2932669584 REWARD_END
339 0 2936087980 STIM_START
339 0 2939361016 STIM_END_RESP_START
339 0 2940280704 LICK
339 0 2940281244 TIMEOUT_START
339 0 2940561044 RESP_END
339 0 2947281800 TIMEOUT_END
340 0 2949259800 STIM_START
340 0 2952248124 LICK
340 0 2952401424 LICK
340 0 2952570032 LICK
340 0 2952738740 LICK
340 0 2952922676 LICK
340 0 2953091312 LICK
340 0 2953259984 LICK
340 0 2953282360 STIM_END_RESP_START
340 0 2953474544 LICK
340 0 2953475088 TIMEOUT_START
340 0 2953643172 LICK
340 0 2953643708 TIMEOUT_START
340 0 2953811816 LICK
340 0 2953812360 TIMEOUT_START
340 0 2953995808 LICK
340 0 2953996352 TIMEOUT_START
340 0 2954179728 LICK
340 0 2954180264 TIMEOUT_START
340 0 2954378992 LICK
340 0 2954379536 TIMEOUT_START
340 0 2954482408 RESP_END
340 0 2961380088 TIMEOUT_END
341 0 2963190276 STIM_START
341 0 2966713128 STIM_END_RESP_START
341 0 2967913144 RESP_END
342 1 2969673780 STIM_START
342 1 2973696348 STIM_END_RESP_START
342 1 2974896376 RESP_END
343 1 2977484560 STIM_START
343 1 2981257280 STIM_END_RESP_START
343 1 2981782628 LICK
343 1 2981783164 REWARD_START
343 1 2981936032 LICK
343 1 2982119968 LICK
343 1 2982457320 RESP_END
343 1 2981833752 REWARD_END
344 0 2985920032 STIM_START
344 0 2985951364 LICK
344 0 2986120036 LICK
344 0 2986273328 LICK
344 0 2986426620 LICK
344 0 2986579944 LICK
344 0 2986763888 LICK
344 0 2986917144 LICK
344 0 2987085780 LICK
344 0 2987239112 LICK
344 0 2987407712 LICK
344 0 2987576352 LICK
344 0 2987744944 LICK
344 0 2987913544 LICK
344 0 2988097552 LICK
344 0 2988296756 LICK
344 0 2988450088 LICK
344 0 2988634048 LICK
344 0 2988817976 LICK
344 0 2989017296 LICK
344 0 2989185968 LICK
344 0 2989369908 LICK
344 0 2989538504 LICK
344 0 2989692760 STIM_END_RESP_START
344 0 2989722484 LICK
344 0 2989723028 TIMEOUT_START
344 0 2989937084 LICK
344 0 2989937620 TIMEOUT_START
344 0 2990105696 LICK
344 0 2990106232 TIMEOUT_START
344 0 2990304968 LICK
344 0 2990305512 TIMEOUT_START
344 0 2990473620 LICK
344 0 2990474156 TIMEOUT_START
344 0 2990703488 LICK
344 0 2990704028 TIMEOUT_START
344 0 2990892792 RESP_END
344 0 2997704592 TIMEOUT_END
345 1 2999489712 STIM_START
345 1 3003012564 STIM_END_RESP_START
345 1 3003641096 LICK
345 1 3003641636 REWARD_START
345 1 3003809812 LICK
345 1 3003963136 LICK
345 1 3004212596 RESP_END
345 1 3003692220 REWARD_END
346 0 3006323024 STIM_START
346 0 3007165956 LICK
346 0 3007303924 LICK
346 0 3007441964 LICK
346 0 3007595252 LICK
346 0 3007748548 LICK
346 0 3007901844 LICK
346 0 3008070512 LICK
346 0 3008239116 LICK
346 0 3008407716 LICK
346 0 3008591692 LICK
346 0 3008760256 LICK
346 0 3008928892 LICK
346 0 3009112864 LICK
346 0 3009281464 LICK
346 0 3009465392 LICK
346 0 3009596048 STIM_END_RESP_START
346 0 3009649380 LICK
346 0 3009649920 TIMEOUT_START
346 0 3009879324 LICK
346 0 3009879864 TIMEOUT_START
346 0 3010109260 LICK
346 0 3010109804 TIMEOUT_START
346 0 3010277876 LICK
346 0 3010278420 TIMEOUT_START
346 0 3010461832 LICK
346 0 3010462372 TIMEOUT_START
346 0 3010661088 LICK
346 0 3010661632 TIMEOUT_START
346 0 3010796064 RESP_END
346 0 3017662196 TIMEOUT_END
347 1 3019382936 STIM_START
347 1 3022655968 STIM_END_RESP_START
347 1 3023525448 LICK
347 1 3023525992 REWARD_START
347 1 3023694160 LICK
347 1 3023855988 RESP_END
347 1 3023576568 REWARD_END
348 1 3026106332 STIM_START
348 1 3029379332 STIM_END_RESP_START
348 1 3029854204 LICK
348 1 3029854748 REWARD_START
348 1 3030007616 LICK
348 1 3030160896 LICK
348 1 3030390916 LICK
348 1 3030528872 LICK
348 1 3030579356 RESP_END
348 1 3029905328 REWARD_END
349 0 3032679772 STIM_START
349 0 3035386400 LICK
349 0 3035524364 LICK
349 0 3035693044 LICK
349 0 3035846336 LICK
349 0 3035952780 STIM_END_RESP_START
349 0 3035999640 LICK
349 0 3036000180 TIMEOUT_START
349 0 3036152932 LICK
349 0 3036153472 TIMEOUT_START
349 0 3036306236 LICK
349 0 3036306780 TIMEOUT_START
349 0 3036444224 LICK
349 0 3036444768 TIMEOUT_START
349 0 3036612856 LICK
349 0 3036613392 TIMEOUT_START
349 0 3036766176 LICK
349 0 3036766724 TIMEOUT_START
349 0 3036934808 LICK
349 0 3036935352 TIMEOUT_START
349 0 3037103440 LICK
349 0 3037103980 TIMEOUT_START
349 0 3037152796 RESP_END
349 0 3044104552 TIMEOUT_END
350 0 3046289432 STIM_START
350 0 3049812288 STIM_END_RESP_START
350 0 3050241256 LICK
350 0 3050241792 TIMEOUT_START
350 0 3050379216 LICK
350 0 3050379756 TIMEOUT_START
350 0 3050532544 LICK
350 0 3050533088 TIMEOUT_START
350 0 3050701136 LICK
350 0 3050701672 TIMEOUT_START
350 0 3050869780 LICK
350 0 3050870316 TIMEOUT_START
350 0 3051012308 RESP_END
350 0 3057870884 TIMEOUT_END
351 0 3059932040 STIM_START
351 0 3063704760 STIM_END_RESP_START
351 0 3064904776 RESP_END
352 1 3066993240 STIM_START
352 1 3070266276 STIM_END_RESP_START
352 1 3071466288 RESP_END
353 0 3073683632 STIM_START
353 0 3077456340 STIM_END_RESP_START
353 0 3078656356 RESP_END
354 1 3080405028 STIM_START
354 1 3084427596 STIM_END_RESP_START
354 1 3085627608 RESP_END
355 1 3088719532 STIM_START
355 1 3092742100 STIM_END_RESP_START
355 1 3093186072 LICK
355 1 3093186616 REWARD_START
355 1 3093370096 LICK
355 1 3093523440 LICK
355 1 3093942124 RESP_END
355 1 3093237196 REWARD_END
356 1 3096240452 STIM_START
356 1 3097094200 LICK
356 1 3097247528 LICK
356 1 3097400796 LICK
356 1 3097538800 LICK
356 1 3097692172 LICK
356 1 3097876104 LICK
356 1 3098029360 LICK
356 1 3098182692 LICK
356 1 3098351348 LICK
356 1 3098519980 LICK
356 1 3098703912 LICK
356 1 3098872580 LICK
356 1 3099056488 LICK
356 1 3099225124 LICK
356 1 3099409096 LICK
356 1 3099623688 LICK
356 1 3099792380 LICK
356 1 3099976324 LICK
356 1 3100160252 LICK
356 1 3100263032 STIM_END_RESP_START
356 1 3100390180 LICK
356 1 3100390724 REWARD_START
356 1 3100635484 LICK
356 1 3101003388 LICK
356 1 3101141384 LICK
356 1 3101279312 LICK
356 1 3101463072 RESP_END
356 1 3100441304 REWARD_END
357 0 3103448564 STIM_START
357 0 3105799664 LICK
357 0 3105968300 LICK
357 0 3106167596 LICK
357 0 3106336184 LICK
357 0 3106489476 LICK
357 0 3106658132 LICK
357 0 3106826732 LICK
357 0 3106995364 LICK
357 0 3107221264 STIM_END_RESP_START
357 0 3107225272 LICK
357 0 3107225824 TIMEOUT_START
357 0 3107378576 LICK
357 0 3107379112 TIMEOUT_START
357 0 3107547208 LICK
357 0 3107547744 TIMEOUT_START
357 0 3107715820 LICK
357 0 3107716364 TIMEOUT_START
357 0 3107915120 LICK
357 0 3107915656 TIMEOUT_START
357 0 3108160332 LICK
357 0 3108160872 TIMEOUT_START
357 0 3108344260 LICK
357 0 3108344800 TIMEOUT_START
357 0 3108421280 RESP_END
357 0 3115345372 TIMEOUT_END
358 1 3117348056 STIM_START
358 1 3120621088 STIM_END_RESP_START
358 1 3121691292 LICK
358 1 3121691836 REWARD_START
358 1 3121821132 RESP_END
358 1 3121742416 REWARD_END
359 0 3125331748 STIM_START
359 0 3126595264 LICK
359 0 3126748568 LICK
359 0 3126901900 LICK
359 0 3127055228 LICK
359 0 3127223812 LICK
359 0 3127392452 LICK
359 0 3127561120 LICK
359 0 3127745048 LICK
359 0 3127944332 LICK
359 0 3128128308 LICK
359 0 3128296904 LICK
359 0 3128511480 LICK
359 0 3128726044 LICK
359 0 3128854632 STIM_END_RESP_START
359 0 3128894680 LICK
359 0 3128895216 TIMEOUT_START
359 0 3129078644 LICK
359 0 3129079188 TIMEOUT_START
359 0 3129247280 LICK
359 0 3129247824 TIMEOUT_START
359 0 3129446524 LICK
359 0 3129447060 TIMEOUT_START
359 0 3129661140 LICK
359 0 3129661684 TIMEOUT_START
359 0 3129906416 LICK
359 0 3129906956 TIMEOUT_START
359 0 3130054676 RESP_END
359 0 3136907532 TIMEOUT_END
360 1 3138971400 STIM_START
360 1 3142744116 STIM_END_RESP_START
360 1 3143465212 LICK
360 1 3143465752 REWARD_START
360 1 3143618588 LICK
360 1 3143771896 LICK
360 1 3143894552 LICK
360 1 3143944132 RESP_END
360 1 3143516340 REWARD_END
361 1 3145980584 STIM_START
361 1 3147985968 LICK
361 1 3148154636 LICK
361 1 3148292568 LICK
361 1 3148461192 LICK
361 1 3148614516 LICK
361 1 3148767852 LICK
361 1 3148936404 LICK
361 1 3149120412 LICK
361 1 3149289012 LICK
361 1 3149457612 LICK
361 1 3149641608 LICK
361 1 3149825512 LICK
361 1 3150003152 STIM_END_RESP_START
361 1 3150009480 LICK
361 1 3150010016 REWARD_START
361 1 3150193520 LICK
361 1 3150638024 LICK
361 1 3150776024 LICK
361 1 3150929328 LICK
361 1 3151203192 RESP_END
361 1 3150060588 REWARD_END
362 0 3152948844 STIM_START
362 0 3156221872 STIM_END_RESP_START
362 0 3156613912 LICK
362 0 3156614456 TIMEOUT_START
362 0 3156751912 LICK
362 0 3156752456 TIMEOUT_START
362 0 3156905240 LICK
362 0 3156905776 TIMEOUT_START
362 0 3157058524 LICK
362 0 3157059064 TIMEOUT_START
362 0 3157211848 LICK
362 0 3157212392 TIMEOUT_START
362 0 3157395804 LICK
362 0 3157396340 TIMEOUT_START
362 0 3157421916 RESP_END
362 0 3164396912 TIMEOUT_END
363 0 3166304620 STIM_START
363 0 3170327200 STIM_END_RESP_START
363 0 3171515860 LICK
363 0 3171516400 TIMEOUT_START
363 0 3171527216 RESP_END
363 0 3178516972 TIMEOUT_END
364 1 3180602892 STIM_START
364 1 3183875896 STIM_END_RESP_START
364 1 3185075908 RESP_END
365 1 3187153364 STIM_START
365 1 3191175936 STIM_END_RESP_START
365 1 3192375952 RESP_END
366 1 3194515392 STIM_START
366 1 3198134816 LICK
366 1 3198303428 LICK
366 1 3198472100 LICK
366 1 3198537960 STIM_END_RESP_START
366 1 3198656016 LICK
366 1 3198656560 REWARD_START
366 1 3198809388 LICK
366 1 3198962740 LICK
366 1 3199207988 LICK
366 1 3199330640 LICK
366 1 3199737976 RESP_END
366 1 3198707136 REWARD_END
367 0 3201795496 STIM_START
367 0 3202808964 LICK
367 0 3202977656 LICK
367 0 3203130920 LICK
367 0 3203284252 LICK
367 0 3203437580 LICK
367 0 3203590868 LICK
367 0 3203774804 LICK
367 0 3203943440 LICK
367 0 3204127400 LICK
367 0 3204311340 LICK
367 0 3204510640 LICK
367 0 3204679304 LICK
367 0 3204863244 LICK
367 0 3205093164 LICK
367 0 3205261764 LICK
367 0 3205318348 STIM_END_RESP_START
367 0 3205415076 LICK
367 0 3205415612 TIMEOUT_START
367 0 3205614348 LICK
367 0 3205614892 TIMEOUT_START
367 0 3205828944 LICK
367 0 3205829480 TIMEOUT_START
367 0 3206028220 LICK
367 0 3206028760 TIMEOUT_START
367 0 3206212172 LICK
367 0 3206212712 TIMEOUT_START
367 0 3206426788 LICK
367 0 3206427324 TIMEOUT_START
367 0 3206518360 RESP_END
367 0 3213427892 TIMEOUT_END
368 1 3215629992 STIM_START
368 1 3219402708 STIM_END_RESP_START
368 1 3220445644 LICK
368 1 3220446180 REWARD_START
368 1 3220583708 LICK
368 1 3220602728 RESP_END
368 1 3220496764 REWARD_END
369 1 3222994012 STIM_START
369 1 3225946900 LICK
369 1 3226100164 LICK
369 1 3226253468 LICK
369 1 3226391464 LICK
369 1 3226516892 STIM_END_RESP_START
369 1 3226544780 LICK
369 1 3226545324 REWARD_START
369 1 3226698152 LICK
369 1 3226851492 LICK
369 1 3226958832 LICK
369 1 3227234760 LICK
369 1 3227403404 LICK
369 1 3227716940 RESP_END
369 1 3226595904 REWARD_END
370 1 3229780348 STIM_START
370 1 3230759060 LICK
370 1 3230943008 LICK
370 1 3231080972 LICK
370 1 3231218956 LICK
370 1 3231372316 LICK
370 1 3231540936 LICK
370 1 3231709532 LICK
370 1 3231878208 LICK
370 1 3232092780 LICK
370 1 3232276668 LICK
370 1 3232460668 LICK
370 1 3232644568 LICK
370 1 3232813192 LICK
370 1 3233027840 LICK
370 1 3233303204 STIM_END_RESP_START
370 1 3233487520 LICK
370 1 3233488064 REWARD_START
370 1 3233656212 LICK
370 1 3233824872 LICK
370 1 3233962812 LICK
370 1 3234085500 LICK
370 1 3234238792 LICK
370 1 3234407440 LICK
370 1 3234503232 RESP_END
370 1 3233538640 REWARD_END
371 0 3236552732 STIM_START
371 0 3237150400 LICK
371 0 3237303656 LICK
371 0 3237472308 LICK
371 0 3237656288 LICK
371 0 3237840220 LICK
371 0 3238039568 LICK
371 0 3238223492 LICK
371 0 3238407432 LICK
371 0 3238591428 LICK
371 0 3238805968 LICK
371 0 3239005244 LICK
371 0 3239204560 LICK
371 0 3239373156 LICK
371 0 3239557160 LICK
371 0 3239802340 LICK
371 0 3239986272 LICK
371 0 3240075592 STIM_END_RESP_START
371 0 3240185564 LICK
371 0 3240186108 TIMEOUT_START
371 0 3240813888 LICK
371 0 3240814424 TIMEOUT_START
371 0 3240982508 LICK
371 0 3240983048 TIMEOUT_START
371 0 3241275616 RESP_END
371 0 3247983624 TIMEOUT_END
372 1 3249871516 STIM_START
372 1 3253644228 STIM_END_RESP_START
372 1 3254503540 LICK
372 1 3254504076 REWARD_START
372 1 3254641600 LICK
372 1 3254825560 LICK
372 1 3254844248 RESP_END
372 1 3254554660 REWARD_END
373 1 3256892708 STIM_START
373 1 3260341752 LICK
373 1 3260415564 STIM_END_RESP_START
373 1 3260602352 LICK
373 1 3260602896 REWARD_START
373 1 3260740456 LICK
373 1 3260893736 LICK
373 1 3261016416 LICK
373 1 3261261696 LICK
373 1 3261615608 RESP_END
373 1 3260653476 REWARD_END
374 0 3263712032 STIM_START
374 0 3266985068 STIM_END_RESP_START
374 0 3268185120 RESP_END
375 0 3270224580 STIM_START
375 0 3273997292 STIM_END_RESP_START
375 0 3275197308 RESP_END
376 0 3277433628 STIM_START
376 0 3281206344 STIM_END_RESP_START
376 0 3282406388 RESP_END
377 1 3284433856 STIM_START
377 1 3285705540 LICK
377 1 3286716836 LICK
377 1 3286946812 LICK
377 1 3287084812 LICK
377 1 3287238064 LICK
377 1 3287406704 LICK
377 1 3287575372 LICK
377 1 3287743968 LICK
377 1 3287927872 LICK
377 1 3288096540 LICK
377 1 3288206576 STIM_END_RESP_START
377 1 3288326424 LICK
377 1 3288326960 REWARD_START
377 1 3288510476 LICK
377 1 3288801676 LICK
377 1 3288939672 LICK
377 1 3289092952 LICK
377 1 3289406616 RESP_END
377 1 3288377540 REWARD_END
378 0 3291551024 STIM_START
378 0 3292433420 LICK
378 0 3292571416 LICK
378 0 3292724680 LICK
378 0 3292862640 LICK
378 0 3293015964 LICK
378 0 3293169300 LICK
378 0 3293337884 LICK
378 0 3293506552 LICK
378 0 3293690484 LICK
378 0 3293874372 LICK
378 0 3294058344 LICK
378 0 3294242240 LICK
378 0 3294441508 LICK
378 0 3294947284 LICK
378 0 3295073888 STIM_END_RESP_START
378 0 3295131224 LICK
378 0 3295131764 TIMEOUT_START
378 0 3295345784 LICK
378 0 3295346320 TIMEOUT_START
378 0 3295575712 LICK
378 0 3295576256 TIMEOUT_START
378 0 3295774992 LICK
378 0 3295775532 TIMEOUT_START
378 0 3296273916 RESP_END
378 0 3302776104 TIMEOUT_END
379 0 3304732960 STIM_START
379 0 3308214368 LICK
379 0 3308255808 STIM_END_RESP_START
379 0 3308413636 LICK
379 0 3308414176 TIMEOUT_START
379 0 3308597568 LICK
379 0 3308598104 TIMEOUT_START
379 0 3308766188 LICK
379 0 3308766732 TIMEOUT_START
379 0 3308950156 LICK
379 0 3308950700 TIMEOUT_START
379 0 3309134128 LICK
379 0 3309134664 TIMEOUT_START
379 0 3309318052 LICK
379 0 3309318596 TIMEOUT_START
379 0 3309455856 RESP_END
379 0 3316319156 TIMEOUT_END
380 1 3318520428 STIM_START
380 1 3319353616 LICK
380 1 3319506984 LICK
380 1 3319660272 LICK
380 1 3319828832 LICK
380 1 3319966792 LICK
380 1 3320150756 LICK
380 1 3320319352 LICK
380 1 3320487992 LICK
380 1 3320656608 LICK
380 1 3320840500 LICK
380 1 3321009172 LICK
380 1 3321269660 LICK
380 1 3321453628 LICK
380 1 3321637600 LICK
380 1 3321821516 LICK
380 1 3322036128 LICK
380 1 3322043288 STIM_END_RESP_START
380 1 3322235384 LICK
380 1 3322235928 REWARD_START
380 1 3322450060 LICK
380 1 3322741284 LICK
380 1 3323017176 LICK
380 1 3323170444 LICK
380 1 3323243324 RESP_END
380 1 3322286508 REWARD_END
381 1 3325812508 STIM_START
381 1 3329085544 STIM_END_RESP_START
381 1 3329697724 LICK
381 1 3329698264 REWARD_START
381 1 3329851092 LICK
381 1 3330019736 LICK
381 1 3330127008 LICK
381 1 3330285572 RESP_END
381 1 3329748840 REWARD_END
382 0 3332684824 STIM_START
382 0 3336286516 LICK
382 0 3336409176 LICK
382 0 3336547208 LICK
382 0 3336685208 LICK
382 0 3336707396 STIM_END_RESP_START
382 0 3336823156 LICK
382 0 3336823692 TIMEOUT_START
382 0 3337037740 LICK
382 0 3337038284 TIMEOUT_START
382 0 3337206332 LICK
382 0 3337206876 TIMEOUT_START
382 0 3337359624 LICK
382 0 3337360160 TIMEOUT_START
382 0 3337512908 LICK
382 0 3337513452 TIMEOUT_START
382 0 3337681560 LICK
382 0 3337682104 TIMEOUT_START
382 0 3337865480 LICK
382 0 3337866016 TIMEOUT_START
382 0 3337907440 RESP_END
382 0 3344866576 TIMEOUT_END
383 1 3346667288 STIM_START
383 1 3350190156 STIM_END_RESP_START
383 1 3351390204 RESP_END
384 0 3353224732 STIM_START
384 0 3357247304 STIM_END_RESP_START
384 0 3358447352 RESP_END
385 0 3360364864 STIM_START
385 0 3364137572 STIM_END_RESP_START
385 0 3365337584 RESP_END
386 0 3367186188 STIM_START
386 0 3371208760 STIM_END_RESP_START
386 0 3372408804 RESP_END
387 1 3374262360 STIM_START
387 1 3377785212 STIM_END_RESP_START
387 1 3378985224 RESP_END
388 1 3380804836 STIM_START
388 1 3384077864 STIM_END_RESP_START
388 1 3385277872 RESP_END
389 1 3387148408 STIM_START
389 1 3390921116 STIM_END_RESP_START
389 1 3392115876 LICK
389 1 3392116412 REWARD_START
389 1 3392167028 RESP_END
389 1 3392166996 REWARD_END
390 0 3395275020 STIM_START
390 0 3399240928 LICK
390 0 3399297588 STIM_END_RESP_START
390 0 3399409580 LICK
390 0 3399410124 TIMEOUT_START
390 0 3399746816 LICK
390 0 3399747348 TIMEOUT_START
390 0 3399915432 LICK
390 0 3399915976 TIMEOUT_START
390 0 3400053432 LICK
390 0 3400053976 TIMEOUT_START
390 0 3400206716 LICK
390 0 3400207252 TIMEOUT_START
390 0 3400360056 LICK
390 0 3400360588 TIMEOUT_START
390 0 3400497624 RESP_END
390 0 3407361156 TIMEOUT_END
391 0 3409232484 STIM_START
391 0 3412755336 STIM_END_RESP_START
391 0 3413955384 RESP_END
392 1 3416073796 STIM_START
392 1 3419596644 STIM_END_RESP_START
392 1 3420796660 RESP_END
393 0 3425148896 STIM_START
393 0 3429171472 STIM_END_RESP_START
393 0 3430371520 RESP_END
394 0 3432095208 STIM_START
394 0 3435368236 STIM_END_RESP_START
394 0 3436568252 RESP_END
395 0 3438488688 STIM_START
395 0 3441761720 STIM_END_RESP_START
395 0 3442961768 RESP_END
396 1 3445140112 STIM_START
396 1 3448413144 STIM_END_RESP_START
396 1 3449613192 RESP_END
397 1 3451809508 STIM_START
397 1 3455832084 STIM_END_RESP_START
397 1 3456872732 LICK
397 1 3456873272 REWARD_START
397 1 3457026104 LICK
397 1 3457032116 RESP_END
397 1 3456923852 REWARD_END
398 1 3459201512 STIM_START
398 1 3462974232 STIM_END_RESP_START
398 1 3463476828 LICK
398 1 3463477372 REWARD_START
398 1 3463660844 LICK
398 1 3463921444 LICK
398 1 3464059404 LICK
398 1 3464174244 RESP_END
398 1 3463527948 REWARD_END
399 0 3466186764 STIM_START
399 0 3467200764 LICK
399 0 3467354132 LICK
399 0 3467492084 LICK
399 0 3467630072 LICK
399 0 3467783368 LICK
399 0 3467936692 LICK
399 0 3468105328 LICK
399 0 3468273892 LICK
399 0 3468442560 LICK
399 0 3468595892 LICK
399 0 3468779820 LICK
399 0 3468963796 LICK
399 0 3469147700 LICK
399 0 3469316324 LICK
399 0 3469515588 LICK
399 0 3469699520 LICK
399 0 3469929456 LICK
399 0 3470113424 LICK
399 0 3470209332 STIM_END_RESP_START
399 0 3470312684 LICK
399 0 3470313224 TIMEOUT_START
399 0 3470511924 LICK
399 0 3470512468 TIMEOUT_START
399 0 3470726508 LICK
399 0 3470727044 TIMEOUT_START
399 0 3471262828 LICK
399 0 3471263364 TIMEOUT_START
399 0 3471409348 RESP_END
399 0 3478263932 TIMEOUT_END
400 1 3480463032 STIM_START
400 1 3484485600 STIM_END_RESP_START
400 1 3485685612 RESP_END
401 1 3487875044 STIM_START
401 1 3491647760 STIM_END_RESP_START
401 1 3492847772 RESP_END
402 0 3494985228 STIM_START
402 0 3498757940 STIM_END_RESP_START
402 0 3499957952 RESP_END
403 1 3501981440 STIM_START
403 1 3505254480 STIM_END_RESP_START
403 1 3506454524 RESP_END
404 1 3508466932 STIM_START
404 1 3512489504 STIM_END_RESP_START
404 1 3513689520 RESP_END
405 1 3515468160 STIM_START
405 1 3519240872 STIM_END_RESP_START
405 1 3520440888 RESP_END
406 0 3528305228 STIM_START
406 0 3530190092 LICK
406 0 3530389420 LICK
406 0 3530557980 LICK
406 0 3530757268 LICK
406 0 3531983028 LICK
406 0 3532327780 STIM_END_RESP_START
406 0 3533527796 RESP_END
407 0 3535501388 STIM_START
407 0 3539274100 STIM_END_RESP_START
407 0 3540474112 RESP_END
408 1 3542621504 STIM_START
408 1 3546144360 STIM_END_RESP_START
408 1 3547344372 RESP_END
409 1 3549420828 STIM_START
409 1 3553193536 STIM_END_RESP_START
409 1 3554393552 RESP_END
410 1 3556262240 STIM_START
410 1 3560034948 STIM_END_RESP_START
410 1 3561234964 RESP_END
411 0 3562976524 STIM_START
411 0 3566249556 STIM_END_RESP_START
411 0 3567449568 RESP_END
412 1 3569524988 STIM_START
412 1 3572798016 STIM_END_RESP_START
412 1 3573998032 RESP_END
413 1 3575931528 STIM_START
413 1 3579454380 STIM_END_RESP_START
413 1 3580654396 RESP_END
414 1 3582615912 STIM_START
414 1 3586638484 STIM_END_RESP_START
414 1 3587838532 RESP_END
USER_EXIT