001 1 0005603952 STIM_START
001 1 0005928732 LICK
001 1 0008932472 LICK
001 1 0009131824 LICK
001 1 0009361768 LICK
001 1 0009376668 STIM_END_RESP_START
001 1 0010576696 RESP_END
002 0 0012715112 STIM_START
002 0 0016487828 STIM_END_RESP_START
002 0 0016901488 LICK
002 0 0016901924 TIMEOUT_START
002 0 0017146780 LICK
002 0 0017147224 TIMEOUT_START
002 0 0017315416 LICK
002 0 0017315864 TIMEOUT_START
002 0 0017499432 LICK
002 0 0017499872 TIMEOUT_START
002 0 0017687840 RESP_END
002 0 0024500332 TIMEOUT_END
003 0 0026664556 STIM_START
003 0 0026847320 LICK
003 0 0027046688 LICK
003 0 0029937564 STIM_END_RESP_START
003 0 0031137580 RESP_END
004 0 0033162156 STIM_START
004 0 0036685016 STIM_END_RESP_START
004 0 0037885064 RESP_END
005 1 0040014372 STIM_START
005 1 0043537224 STIM_END_RESP_START
005 1 0044737272 RESP_END
006 0 0046559844 STIM_START
006 0 0050582416 STIM_END_RESP_START
006 0 0051782428 RESP_END
007 0 0053916952 STIM_START
007 0 0057939524 STIM_END_RESP_START
007 0 0059139572 RESP_END
008 0 0061242920 STIM_START
008 0 0065265492 STIM_END_RESP_START
008 0 0066465504 RESP_END
009 1 0068665968 STIM_START
009 1 0072438680 STIM_END_RESP_START
009 1 0073638696 RESP_END
010 1 0075791072 STIM_START
010 1 0079064076 STIM_END_RESP_START
010 1 0080264080 RESP_END
011 0 0082454468 STIM_START
011 0 0085727508 STIM_END_RESP_START
011 0 0086927556 RESP_END
012 0 0089151860 STIM_START
012 0 0092674712 STIM_END_RESP_START
012 0 0093874724 RESP_END
013 1 0095803268 STIM_START
013 1 0099326128 STIM_END_RESP_START
013 1 0100526144 RESP_END
014 1 0102432764 STIM_START
014 1 0106455316 STIM_END_RESP_START
014 1 0107655348 RESP_END
015 0 0109841692 STIM_START
015 0 0113364560 STIM_END_RESP_START
015 0 0114564592 RESP_END
016 1 0116354232 STIM_START
016 1 0120376780 STIM_END_RESP_START
016 1 0121561232 LICK
016 1 0121561724 REWARD_START
016 1 0121612292 RESP_END
016 1 0121612252 REWARD_END
017 1 0124121980 STIM_START
017 1 0127894688 STIM_END_RESP_START
017 1 0129094720 RESP_END
018 0 0133141204 STIM_START
018 0 0136664080 STIM_END_RESP_START
018 0 0137864104 RESP_END
019 1 0139778524 STIM_START
019 1 0143551256 STIM_END_RESP_START
019 1 0144315320 LICK
019 1 0144315812 REWARD_START
019 1 0144751300 RESP_END
019 1 0144366324 REWARD_END
020 0 0147667272 STIM_START
020 0 0151190140 STIM_END_RESP_START
020 0 0152390172 RESP_END
021 0 0155475064 STIM_START
021 0 0159196300 LICK
021 0 0159441612 LICK
021 0 0159497616 STIM_END_RESP_START
021 0 0159947476 LICK
021 0 0159947972 TIMEOUT_START
021 0 0160697664 RESP_END
021 0 0166948468 TIMEOUT_END
022 1 0169536468 STIM_START
022 1 0172809484 STIM_END_RESP_START
022 1 0173203444 LICK
022 1 0173203936 REWARD_START
022 1 0173755416 LICK
022 1 0173939416 LICK
022 1 0174009504 RESP_END
022 1 0173254448 REWARD_END
023 1 0178930400 STIM_START
023 1 0180377096 LICK
023 1 0180545764 LICK
023 1 0181051588 LICK
023 1 0181250936 LICK
023 1 0182952948 STIM_END_RESP_START
023 1 0184152980 RESP_END
024 0 0186127516 STIM_START
024 0 0189400528 STIM_END_RESP_START
024 0 0190600556 RESP_END
025 1 0192598032 STIM_START
025 1 0195871044 STIM_END_RESP_START
025 1 0196564580 LICK
025 1 0196565076 REWARD_START
025 1 0197071088 RESP_END
025 1 0196615592 REWARD_END
026 1 0200578704 STIM_START
026 1 0204101576 STIM_END_RESP_START
026 1 0204856028 LICK
026 1 0204856520 REWARD_START
026 1 0205301600 RESP_END
026 1 0204907028 REWARD_END
027 0 0207353144 STIM_START
027 0 0211125876 STIM_END_RESP_START
027 0 0212325908 RESP_END
028 0 0214328372 STIM_START
028 0 0217851244 STIM_END_RESP_START
028 0 0219051272 RESP_END
029 0 0220777824 STIM_START
029 0 0224300692 STIM_END_RESP_START
029 0 0225500724 RESP_END
030 1 0227338276 STIM_START
030 1 0230611288 STIM_END_RESP_START
030 1 0231811320 RESP_END
031 1 0233899812 STIM_START
031 1 0237922372 STIM_END_RESP_START
031 1 0239122400 RESP_END
032 1 0240956032 STIM_START
032 1 0244478904 STIM_END_RESP_START
032 1 0245678936 RESP_END
033 0 0247855292 STIM_START
033 0 0251128304 STIM_END_RESP_START
033 0 0252328336 RESP_END
034 1 0254356728 STIM_START
034 1 0258129456 STIM_END_RESP_START
034 1 0259329488 RESP_END
035 0 0262333464 STIM_START
035 0 0265856332 STIM_END_RESP_START
035 0 0267056364 RESP_END
036 1 0274273996 STIM_START
036 1 0278044596 LICK
036 1 0278046704 STIM_END_RESP_START
036 1 0278289884 LICK
036 1 0278290372 REWARD_START
036 1 0278673228 LICK
036 1 0278826576 LICK
036 1 0279010516 LICK
036 1 0279148584 LICK
036 1 0279246720 RESP_END
036 1 0278340892 REWARD_END
037 0 0282289628 STIM_START
037 0 0284604776 LICK
037 0 0285562644 STIM_END_RESP_START
037 0 0286367160 LICK
037 0 0286367648 TIMEOUT_START
037 0 0286581832 LICK
037 0 0286582320 TIMEOUT_START
037 0 0286762692 RESP_END
037 0 0293582832 TIMEOUT_END
038 0 0298345968 STIM_START
038 0 0302368524 STIM_END_RESP_START
