001 1 0013107700 STIM_START
001 1 0013128212 LICK
001 1 0016383056 STIM_END_RESP_START
001 1 0017583092 RESP_END
002 0 0050537536 STIM_START
002 0 0051141184 LICK
002 0 0053812928 STIM_END_RESP_START
002 0 0055012952 RESP_END
003 0 0085283068 STIM_START
003 0 0086167832 LICK
003 0 0088808488 STIM_END_RESP_START
003 0 0090008532 RESP_END
004 1 0092155140 STIM_START
004 1 0094023196 LICK
004 1 0095430528 STIM_END_RESP_START
004 1 0096630572 RESP_END
005 1 0138847512 STIM_START
005 1 0140632876 LICK
005 1 0140780228 LICK
005 1 0142872992 STIM_END_RESP_START
005 1 0143761340 LICK
005 1 0143761832 REWARD_START
005 1 0144073016 RESP_END
005 1 0143774836 REWARD_END
006 0 0175068288 STIM_START
006 0 0175108348 LICK
006 0 0178343656 STIM_END_RESP_START
006 0 0179543692 RESP_END
007 1 0224656128 STIM_START
007 1 0228181556 STIM_END_RESP_START
007 1 0229381592 RESP_END
008 1 0231254148 STIM_START
008 1 0234779568 STIM_END_RESP_START
008 1 0235979600 RESP_END
009 0 0238105324 STIM_START
009 0 0241630748 STIM_END_RESP_START
009 0 0242830784 RESP_END
010 0 0244991392 STIM_START
010 0 0248266776 STIM_END_RESP_START
010 0 0249466804 RESP_END
011 1 0251546512 STIM_START
011 1 0255571996 STIM_END_RESP_START
011 1 0256772028 RESP_END
012 1 0258597668 STIM_START
012 1 0262123092 STIM_END_RESP_START
012 1 0263323132 RESP_END
013 0 0265279740 STIM_START
013 0 0268578532 LICK
013 0 0269055212 STIM_END_RESP_START
013 0 0270255244 RESP_END
014 0 0272169884 STIM_START
014 0 0272366744 LICK
014 0 0272411456 LICK
014 0 0272498512 LICK
014 0 0272928552 LICK
014 0 0273617200 LICK
014 0 0274354240 LICK
014 0 0274776572 LICK
014 0 0275108376 LICK
014 0 0276056508 LICK
014 0 0276195360 STIM_END_RESP_START
014 0 0276461552 LICK
014 0 0276462044 TIMEOUT_START
014 0 0277395388 RESP_END
014 0 0283462548 TIMEOUT_END
015 1 0323872036 STIM_START
015 1 0324878168 LICK
015 1 0325822516 LICK
015 1 0325954144 LICK
015 1 0327897532 STIM_END_RESP_START
015 1 0329097564 RESP_END
016 0 0331303220 STIM_START
016 0 0332510672 LICK
016 0 0332659940 LICK
016 0 0332855584 LICK
016 0 0334067416 LICK
016 0 0334828636 STIM_END_RESP_START
016 0 0335022144 LICK
016 0 0335022632 TIMEOUT_START
016 0 0336028668 RESP_END
016 0 0342023140 TIMEOUT_END
017 0 0343875256 STIM_START
017 0 0345329952 LICK
017 0 0345980180 LICK
017 0 0347650728 STIM_END_RESP_START
017 0 0348706192 LICK
017 0 0348706676 TIMEOUT_START
017 0 0348850768 RESP_END
017 0 0355707188 TIMEOUT_END
018 1 0394024252 STIM_START
018 1 0395330504 LICK
018 1 0395460536 LICK
018 1 0397549676 STIM_END_RESP_START
018 1 0398749712 RESP_END
019 0 0400891336 STIM_START
019 0 0402506828 LICK
019 0 0402625560 LICK
019 0 0402768972 LICK
019 0 0402954140 LICK
019 0 0404416764 STIM_END_RESP_START
019 0 0405616800 RESP_END
020 0 0407357412 STIM_START
020 0 0410882836 STIM_END_RESP_START
020 0 0412082872 RESP_END
021 0 0414281500 STIM_START
021 0 0417556880 STIM_END_RESP_START
021 0 0418756912 RESP_END
022 1 0420572556 STIM_START
022 1 0423847928 STIM_END_RESP_START
022 1 0425047964 RESP_END
023 0 0427033664 STIM_START
023 0 0430809132 STIM_END_RESP_START
023 0 0432009160 RESP_END
024 0 0433776736 STIM_START
024 0 0437052148 STIM_END_RESP_START
024 0 0438252180 RESP_END
025 1 0440490808 STIM_START
025 1 0443876544 LICK
025 1 0444096580 LICK
025 1 0444516300 STIM_END_RESP_START
025 1 0444713204 LICK
025 1 0444713692 REWARD_START
025 1 0445716332 RESP_END
025 1 0444726712 REWARD_END
026 1 0447815044 STIM_START
026 1 0451090420 STIM_END_RESP_START
026 1 0451647152 LICK
026 1 0451647644 REWARD_START
026 1 0452081792 LICK
026 1 0452290460 RESP_END
026 1 0451660660 REWARD_END
027 1 0454357100 STIM_START
027 1 0458382580 STIM_END_RESP_START
027 1 0458437392 LICK
027 1 0458437888 REWARD_START
027 1 0459582616 RESP_END
027 1 0458450904 REWARD_END
028 0 0461485248 STIM_START
028 0 0465010664 STIM_END_RESP_START
028 0 0466210700 RESP_END
029 1 0468220340 STIM_START
029 1 0471745768 STIM_END_RESP_START
029 1 0472945804 RESP_END
030 1 0474704424 STIM_START
030 1 0478479856 STIM_END_RESP_START
030 1 0479679892 RESP_END
031 0 0481418508 STIM_START
031 0 0485443984 STIM_END_RESP_START
031 0 0486644020 RESP_END
032 1 0488808764 STIM_START
032 1 0492834244 STIM_END_RESP_START
032 1 0494034276 RESP_END
033 1 0496017932 STIM_START
033 1 0500043408 STIM_END_RESP_START
033 1 0501243444 RESP_END
034 1 0503420092 STIM_START
034 1 0507195564 STIM_END_RESP_START
034 1 0508395600 RESP_END
035 0 0510205220 STIM_START
035 0 0513980692 STIM_END_RESP_START
035 0 0515180728 RESP_END
036 1 0516994292 STIM_START
036 1 0520519716 STIM_END_RESP_START
036 1 0521719744 RESP_END
037 0 0523553388 STIM_START
037 0 0527328860 STIM_END_RESP_START
037 0 0528528896 RESP_END
038 1 0530740604 STIM_START
038 1 0534016020 STIM_END_RESP_START
038 1 0535216048 RESP_END
039 0 0537281652 STIM_START
039 0 0540557024 STIM_END_RESP_START
039 0 0541757060 RESP_END
040 1 0543977732 STIM_START
040 1 0548003212 STIM_END_RESP_START
040 1 0548885660 LICK
040 1 0548886144 REWARD_START
040 1 0549120100 LICK
040 1 0549203220 RESP_END
040 1 0548899168 REWARD_END
041 1 0551334940 STIM_START
041 1 0554610316 STIM_END_RESP_START
041 1 0555810352 RESP_END
042 1 0557759948 STIM_START
042 1 0561285376 STIM_END_RESP_START
042 1 0562485412 RESP_END
043 0 0564392036 STIM_START
043 0 0568167508 STIM_END_RESP_START
043 0 0569367536 RESP_END
044 1 0571581268 STIM_START
044 1 0574856648 STIM_END_RESP_START
044 1 0576056684 RESP_END
045 1 0577883276 STIM_START
045 1 0581658708 STIM_END_RESP_START
045 1 0582858736 RESP_END
046 0 0584843380 STIM_START
046 0 0588618816 STIM_END_RESP_START
046 0 0589818844 RESP_END
047 0 0591689540 STIM_START
047 0 0594964924 STIM_END_RESP_START
047 0 0596164956 RESP_END
048 1 0598224564 STIM_START
048 1 0602250044 STIM_END_RESP_START
048 1 0603450080 RESP_END
049 1 0605170732 STIM_START
049 1 0608446112 STIM_END_RESP_START
049 1 0609646144 RESP_END
050 1 0611488756 STIM_START
050 1 0615514244 STIM_END_RESP_START
050 1 0616714280 RESP_END
051 0 0618482888 STIM_START
051 0 0622008308 STIM_END_RESP_START
051 0 0623208348 RESP_END
052 1 0624932960 STIM_START
052 1 0628458380 STIM_END_RESP_START
052 1 0629658416 RESP_END
053 0 0631724052 STIM_START
053 0 0635249472 STIM_END_RESP_START
053 0 0636449508 RESP_END
054 1 0638532156 STIM_START
054 1 0642557636 STIM_END_RESP_START
054 1 0643757672 RESP_END
055 0 0645636316 STIM_START
055 0 0649411748 STIM_END_RESP_START
055 0 0650611784 RESP_END
USER_EXIT