001 0 0004456436 STIM_START
001 0 0004602932 LICK
001 0 0004771164 LICK
001 0 0004908900 LICK
001 0 0005077104 LICK
001 0 0005245376 LICK
001 0 0008229168 STIM_END_RESP_START
001 0 0009429200 RESP_END
002 0 0011525596 STIM_START
002 0 0014798624 STIM_END_RESP_START
002 0 0015998672 RESP_END
003 0 0018882668 STIM_START
003 0 0022405560 STIM_END_RESP_START
003 0 0023605568 RESP_END
004 1 0025640992 STIM_START
004 1 0029163884 STIM_END_RESP_START
004 1 0030363896 RESP_END
005 0 0032501308 STIM_START
005 0 0036523880 STIM_END_RESP_START
005 0 0037723892 RESP_END
006 0 0039540528 STIM_START
006 0 0043563104 STIM_END_RESP_START
006 0 0044763156 RESP_END
007 0 0046881584 STIM_START
007 0 0050904164 STIM_END_RESP_START
007 0 0052104212 RESP_END
008 1 0054190640 STIM_START
008 1 0057963352 STIM_END_RESP_START
008 1 0059163400 RESP_END
009 1 0065198720 STIM_START
009 1 0068471752 STIM_END_RESP_START
009 1 0069111696 LICK
009 1 0069112144 REWARD_START
009 1 0069295304 LICK
009 1 0069671772 RESP_END
009 1 0069162612 REWARD_END
010 0 0078828448 STIM_START
010 0 0079234188 LICK
010 0 0079356616 LICK
010 0 0079463704 LICK
010 0 0079601408 LICK
010 0 0079739056 LICK
010 0 0079876776 LICK
010 0 0080014424 LICK
010 0 0080152100 LICK
010 0 0080366216 LICK
010 0 0080549760 LICK
010 0 0080702676 LICK
010 0 0080855660 LICK
010 0 0080993312 LICK
010 0 0081130992 LICK
010 0 0081268708 LICK
010 0 0081406360 LICK
010 0 0081559336 LICK
010 0 0081681724 LICK
010 0 0081834696 LICK
010 0 0081972344 LICK
010 0 0082101480 STIM_END_RESP_START
010 0 0082461636 LICK
010 0 0082462084 TIMEOUT_START
010 0 0082629876 LICK
010 0 0082630316 TIMEOUT_START
010 0 0082859284 LICK
010 0 0082859724 TIMEOUT_START
010 0 0083301524 RESP_END
010 0 0089860192 TIMEOUT_END
011 0 0092052276 STIM_START
011 0 0095575136 STIM_END_RESP_START
011 0 0095685520 LICK
011 0 0095685964 TIMEOUT_START
011 0 0095945492 LICK
011 0 0095945940 TIMEOUT_START
011 0 0096129012 LICK
011 0 0096129456 TIMEOUT_START
011 0 0096511288 LICK
011 0 0096511728 TIMEOUT_START
011 0 0096710128 LICK
011 0 0096710568 TIMEOUT_START
011 0 0096775172 RESP_END
011 0 0103711028 TIMEOUT_END
012 1 0105936852 STIM_START
012 1 0109459736 STIM_END_RESP_START
012 1 0110659764 RESP_END
013 1 0112627260 STIM_START
013 1 0116649812 STIM_END_RESP_START
013 1 0117849844 RESP_END
014 0 0119733440 STIM_START
014 0 0123256312 STIM_END_RESP_START
014 0 0124402336 LICK
014 0 0124402828 TIMEOUT_START
014 0 0124456348 RESP_END
014 0 0131403328 TIMEOUT_END
015 1 0133597920 STIM_START
015 1 0137299984 LICK
015 1 0137498760 LICK
015 1 0137620504 STIM_END_RESP_START
015 1 0137728176 LICK
015 1 0137728660 REWARD_START
015 1 0137927016 LICK
015 1 0138125868 LICK
015 1 0138309432 LICK
015 1 0138820536 RESP_END
015 1 0137779184 REWARD_END
016 1 0144442104 STIM_START
016 1 0148214812 STIM_END_RESP_START
016 1 0148598592 LICK
016 1 0148599088 REWARD_START
016 1 0148873932 LICK
016 1 0149072748 LICK
016 1 0149414852 RESP_END
016 1 0148649600 REWARD_END
017 0 0153367280 STIM_START
017 0 0156890168 STIM_END_RESP_START
017 0 0158090192 RESP_END
018 1 0161442940 STIM_START
018 1 0165201456 LICK
018 1 0165215672 STIM_END_RESP_START
018 1 0165400268 LICK
018 1 0165400764 REWARD_START
018 1 0165568612 LICK
018 1 0165767404 LICK
018 1 0165950952 LICK
018 1 0166119220 LICK
018 1 0166415708 RESP_END
018 1 0165451276 REWARD_END
019 0 0170677968 STIM_START
019 0 0174200856 STIM_END_RESP_START
019 0 0175400880 RESP_END
020 0 0177243440 STIM_START
020 0 0181266028 STIM_END_RESP_START
020 0 0182466060 RESP_END
021 1 0184285652 STIM_START
021 1 0187558664 STIM_END_RESP_START
021 1 0188758696 RESP_END
022 1 0190785156 STIM_START
022 1 0194807744 STIM_END_RESP_START
022 1 0196007772 RESP_END
023 0 0198122212 STIM_START
023 0 0201395228 STIM_END_RESP_START
023 0 0202595252 RESP_END
024 1 0204588732 STIM_START
024 1 0207861744 STIM_END_RESP_START
024 1 0209061780 RESP_END
025 1 0211086256 STIM_START
025 1 0214609132 STIM_END_RESP_START
025 1 0215809164 RESP_END
026 0 0217600740 STIM_START
026 0 0221373472 STIM_END_RESP_START
026 0 0222573500 RESP_END
027 0 0224609964 STIM_START
027 0 0228132836 STIM_END_RESP_START
027 0 0229332868 RESP_END
028 0 0231292372 STIM_START
028 0 0234815244 STIM_END_RESP_START
028 0 0236015276 RESP_END
029 1 0237732908 STIM_START
029 1 0241005920 STIM_END_RESP_START
029 1 0242205952 RESP_END
030 1 0244073504 STIM_START
030 1 0248096056 STIM_END_RESP_START
030 1 0249296084 RESP_END
031 1 0251346620 STIM_START
031 1 0254869492 STIM_END_RESP_START
031 1 0256069524 RESP_END
032 0 0257861088 STIM_START
032 0 0258521532 LICK
032 0 0258628636 LICK
032 0 0258750992 LICK
032 0 0258873388 LICK
032 0 0258995816 LICK
032 0 0259118176 LICK
032 0 0259255848 LICK
032 0 0259393600 LICK
032 0 0259516000 LICK
032 0 0259653668 LICK
032 0 0261134104 STIM_END_RESP_START
032 0 0262334136 RESP_END
033 1 0264533548 STIM_START
033 1 0268306280 STIM_END_RESP_START
033 1 0269506308 RESP_END
034 0 0271532736 STIM_START
034 0 0275055608 STIM_END_RESP_START
034 0 0276255640 RESP_END
035 1 0278041296 STIM_START
035 1 0281814036 STIM_END_RESP_START
035 1 0283014060 RESP_END
036 0 0285071504 STIM_START
036 0 0288344516 STIM_END_RESP_START
036 0 0289544548 RESP_END
037 0 0291564980 STIM_START
037 0 0295587532 STIM_END_RESP_START
037 0 0296787564 RESP_END
038 1 0298762084 STIM_START
038 1 0302035104 STIM_END_RESP_START
USER_EXIT