001 0 0004446032 STIM_START
001 0 0008218736 STIM_END_RESP_START
001 0 0008264632 LICK
001 0 0008265028 TIMEOUT_START
001 0 0008402476 LICK
001 0 0008402868 TIMEOUT_START
001 0 0009418756 RESP_END
001 0 0015403284 TIMEOUT_END
002 1 0017541904 STIM_START
002 1 0020814944 STIM_END_RESP_START
002 1 0022014992 RESP_END
003 1 0026260220 STIM_START
003 1 0030282792 STIM_END_RESP_START
003 1 0031482836 RESP_END
004 1 0033610268 STIM_START
004 1 0037382976 STIM_END_RESP_START
004 1 0038582988 RESP_END
005 0 0040583512 STIM_START
005 0 0044106404 STIM_END_RESP_START
005 0 0045306412 RESP_END
006 1 0047412840 STIM_START
006 1 0051185552 STIM_END_RESP_START
006 1 0052385568 RESP_END
007 1 0054487088 STIM_START
007 1 0058259800 STIM_END_RESP_START
007 1 0059459812 RESP_END
008 1 0061216424 STIM_START
008 1 0064989136 STIM_END_RESP_START
008 1 0066189148 RESP_END
009 0 0068113764 STIM_START
009 0 0072136336 STIM_END_RESP_START
009 0 0073336384 RESP_END
010 1 0075249904 STIM_START
010 1 0079022620 STIM_END_RESP_START
010 1 0080222632 RESP_END
011 0 0082386044 STIM_START
011 0 0086408616 STIM_END_RESP_START
011 0 0087608664 RESP_END
012 1 0089384280 STIM_START
012 1 0093156996 STIM_END_RESP_START
012 1 0094357008 RESP_END
013 1 0096306636 STIM_START
013 1 0099829492 STIM_END_RESP_START
013 1 0101029508 RESP_END
014 1 0103174860 STIM_START
014 1 0106697736 STIM_END_RESP_START
014 1 0107897760 RESP_END
015 0 0109761320 STIM_START
015 0 0113284196 STIM_END_RESP_START
015 0 0114484220 RESP_END
016 1 0116225848 STIM_START
016 1 0119998580 STIM_END_RESP_START
016 1 0121198612 RESP_END
017 0 0123320028 STIM_START
017 0 0126842904 STIM_END_RESP_START
017 0 0128042928 RESP_END
018 0 0130073400 STIM_START
018 0 0130093932 LICK
018 0 0133596288 STIM_END_RESP_START
018 0 0134796316 RESP_END
019 0 0136857732 STIM_START
019 0 0140880280 STIM_END_RESP_START
019 0 0142080312 RESP_END
020 1 0143838992 STIM_START
020 1 0146475756 LICK
020 1 0147112040 STIM_END_RESP_START
020 1 0148312072 RESP_END
021 1 0150103704 STIM_START
021 1 0150792072 LICK
021 1 0153317384 LICK
021 1 0153501112 LICK
021 1 0153626568 STIM_END_RESP_START
021 1 0153684852 LICK
021 1 0153685344 REWARD_START
021 1 0154664376 LICK
021 1 0154826608 RESP_END
021 1 0153735856 REWARD_END
022 1 0170748524 STIM_START
022 1 0172322024 LICK
022 1 0173990444 LICK
022 1 0174021552 STIM_END_RESP_START
022 1 0175221572 RESP_END
023 0 0177035136 STIM_START
023 0 0180807872 STIM_END_RESP_START
023 0 0180954492 LICK
023 0 0180954976 TIMEOUT_START
023 0 0181107636 LICK
023 0 0181108128 TIMEOUT_START
023 0 0181628104 LICK
023 0 0181628592 TIMEOUT_START
023 0 0182007912 RESP_END
023 0 0188629108 TIMEOUT_END
024 0 0191290464 STIM_START
024 0 0193122452 LICK
024 0 0195063192 STIM_END_RESP_START
024 0 0196263224 RESP_END
025 1 0198151852 STIM_START
025 1 0201616444 LICK
025 1 0202174412 STIM_END_RESP_START
025 1 0203374440 RESP_END
026 0 0205552800 STIM_START
026 0 0209075668 STIM_END_RESP_START
026 0 0210275700 RESP_END
027 1 0212311168 STIM_START
027 1 0215584180 STIM_END_RESP_START
027 1 0216784208 RESP_END
028 0 0218979572 STIM_START
028 0 0222752300 STIM_END_RESP_START
028 0 0223952332 RESP_END
029 0 0225881868 STIM_START
029 0 0229904424 STIM_END_RESP_START
029 0 0231104448 RESP_END
030 1 0233167940 STIM_START
030 1 0236940672 STIM_END_RESP_START
030 1 0238140704 RESP_END
031 1 0240258132 STIM_START
031 1 0243531144 STIM_END_RESP_START
031 1 0244731176 RESP_END
032 0 0246730652 STIM_START
032 0 0248210252 LICK
032 0 0248363340 LICK
032 0 0248501148 LICK
032 0 0248654272 LICK
032 0 0248807400 LICK
032 0 0248960496 LICK
032 0 0249327892 LICK
032 0 0249741188 LICK
032 0 0250253508 STIM_END_RESP_START
032 0 0250659444 LICK
032 0 0250659940 TIMEOUT_START
032 0 0251453528 RESP_END
032 0 0257660444 TIMEOUT_END
033 1 0259743620 STIM_START
033 1 0263766176 STIM_END_RESP_START
033 1 0264966208 RESP_END
034 0 0267085696 STIM_START
034 0 0270358712 STIM_END_RESP_START
034 0 0271558740 RESP_END
035 1 0273577280 STIM_START
035 1 0276850292 STIM_END_RESP_START
035 1 0277738268 LICK
035 1 0277738764 REWARD_START
035 1 0277891488 LICK
035 1 0278029380 LICK
035 1 0278050304 RESP_END
035 1 0277789276 REWARD_END
036 0 0287071944 STIM_START
036 0 0287187688 LICK
036 0 0287463240 LICK
036 0 0287692848 LICK
036 0 0287922488 LICK
036 0 0290019176 LICK
036 0 0290218188 LICK
036 0 0290344992 STIM_END_RESP_START
036 0 0290447836 LICK
036 0 0290448324 TIMEOUT_START
036 0 0291545016 RESP_END
036 0 0297448836 TIMEOUT_END
037 1 0299399304 STIM_START
037 1 0303421896 STIM_END_RESP_START
037 1 0304621928 RESP_END
038 1 0306721372 STIM_START
038 1 0309994384 STIM_END_RESP_START
038 1 0311194420 RESP_END
039 0 0313040976 STIM_START
039 0 0313828456 LICK
039 0 0314012304 LICK
039 0 0314195996 LICK
039 0 0314395044 LICK
039 0 0316813692 STIM_END_RESP_START
039 0 0318013724 RESP_END
040 0 0319772324 STIM_START
040 0 0321282232 LICK
040 0 0321435400 LICK
040 0 0321619092 LICK
040 0 0321802856 LICK
040 0 0322017152 LICK
040 0 0323295208 STIM_END_RESP_START
040 0 0324495240 RESP_END
041 0 0326640668 STIM_START
041 0 0330413396 STIM_END_RESP_START
041 0 0331613428 RESP_END
042 1 0333551948 STIM_START
042 1 0336824960 STIM_END_RESP_START
042 1 0338024992 RESP_END
043 0 0339841640 STIM_START
043 0 0343114648 STIM_END_RESP_START
043 0 0344314680 RESP_END
044 0 0346353052 STIM_START
044 0 0349875924 STIM_END_RESP_START
044 0 0351075956 RESP_END
045 0 0353018476 STIM_START
045 0 0353950224 LICK
045 0 0356000920 LICK
045 0 0356322400 LICK
045 0 0356490892 LICK
045 0 0356541348 STIM_END_RESP_START
045 0 0356689892 LICK
045 0 0356690388 TIMEOUT_START
045 0 0356950164 LICK
045 0 0356950652 TIMEOUT_START
045 0 0357741372 RESP_END
045 0 0363951164 TIMEOUT_END
046 1 0366044468 STIM_START
046 1 0370067020 STIM_END_RESP_START
046 1 0371267052 RESP_END
047 0 0373080676 STIM_START
047 0 0375775588 LICK
047 0 0376853384 STIM_END_RESP_START
047 0 0378053416 RESP_END
048 1 0380026936 STIM_START
048 1 0383703868 LICK
048 1 0384049520 STIM_END_RESP_START
048 1 0385249548 RESP_END
049 0 0389233988 STIM_START
049 0 0389254520 LICK
049 0 0392507020 STIM_END_RESP_START
049 0 0392581660 LICK
049 0 0392582156 TIMEOUT_START
049 0 0393408160 LICK
049 0 0393408652 TIMEOUT_START
049 0 0393707040 RESP_END
049 0 0400409156 TIMEOUT_END
050 0 0402407896 STIM_START
050 0 0405930768 STIM_END_RESP_START
050 0 0407130800 RESP_END
051 0 0408956380 STIM_START
051 0 0412729112 STIM_END_RESP_START
051 0 0413929144 RESP_END
052 1 0416099532 STIM_START
052 1 0417193448 LICK
052 1 0419872264 STIM_END_RESP_START
052 1 0421072292 RESP_END
053 1 0423246692 STIM_START
053 1 0426519712 STIM_END_RESP_START
053 1 0427719740 RESP_END
054 1 0429662236 STIM_START
054 1 0432100804 LICK
054 1 0433185124 STIM_END_RESP_START
054 1 0434385152 RESP_END
055 0 0436268692 STIM_START
055 0 0440291244 STIM_END_RESP_START
055 0 0441491276 RESP_END
056 0 0443994536 STIM_START
056 0 0448017088 STIM_END_RESP_START
056 0 0449217120 RESP_END
057 0 0450929800 STIM_START
057 0 0454202812 STIM_END_RESP_START
057 0 0455402844 RESP_END
058 1 0457294380 STIM_START
058 1 0458530792 LICK
058 1 0461067088 STIM_END_RESP_START
058 1 0461652724 LICK
058 1 0461653220 REWARD_START
058 1 0462267128 RESP_END
058 1 0461703732 REWARD_END
059 1 0477929276 STIM_START
059 1 0478513404 LICK
059 1 0478666608 LICK
059 1 0481452160 STIM_END_RESP_START
059 1 0482652192 RESP_END
060 0 0484779572 STIM_START
060 0 0488552304 STIM_END_RESP_START
060 0 0489752336 RESP_END
061 0 0494699260 STIM_START
061 0 0496190756 LICK
061 0 0496420360 LICK
061 0 0497972288 STIM_END_RESP_START
061 0 0499172312 RESP_END
062 0 0500968864 STIM_START
062 0 0504241876 STIM_END_RESP_START
062 0 0505441908 RESP_END
063 1 0507424412 STIM_START
063 1 0509776300 LICK
063 1 0510694476 LICK
063 1 0510847640 LICK
063 1 0510947288 STIM_END_RESP_START
063 1 0510970152 LICK
063 1 0510970644 REWARD_START
063 1 0511123332 LICK
063 1 0511261152 LICK
063 1 0511383672 LICK
063 1 0511506192 LICK
063 1 0511643988 LICK
063 1 0511965632 LICK
063 1 0512088120 LICK
063 1 0512147308 RESP_END
063 1 0511021168 REWARD_END
064 1 0521005132 STIM_START
064 1 0521338696 LICK
064 1 0521537672 LICK
064 1 0522088700 LICK
064 1 0522287760 LICK
064 1 0523680456 LICK
064 1 0524777852 STIM_END_RESP_START
064 1 0525669980 LICK
064 1 0525670476 REWARD_START
064 1 0525977864 RESP_END
064 1 0525720988 REWARD_END
065 1 0533970212 STIM_START
065 1 0534521836 LICK
065 1 0534751420 LICK
065 1 0537742928 STIM_END_RESP_START
065 1 0538531536 LICK
065 1 0538532028 REWARD_START
065 1 0538942956 RESP_END
065 1 0538582544 REWARD_END
066 0 0540758568 STIM_START
066 0 0540779100 LICK
066 0 0540889204 LICK
066 0 0541011756 LICK
066 0 0541731156 LICK
066 0 0541914960 LICK
066 0 0542083360 LICK
066 0 0542221248 LICK
066 0 0542389640 LICK
066 0 0542542804 LICK
066 0 0542711196 LICK
066 0 0542864356 LICK
066 0 0543048076 LICK
066 0 0543247132 LICK
066 0 0543430840 LICK
066 0 0543645192 LICK
066 0 0543844252 LICK
066 0 0544089128 LICK
066 0 0544281448 STIM_END_RESP_START
066 0 0544288204 LICK
066 0 0544288688 TIMEOUT_START
066 0 0544502540 LICK
066 0 0544503036 TIMEOUT_START
066 0 0544716964 LICK
066 0 0544717452 TIMEOUT_START
066 0 0545481496 RESP_END
066 0 0551717960 TIMEOUT_END
067 0 0554180276 STIM_START
067 0 0557453292 STIM_END_RESP_START
067 0 0558653324 RESP_END
068 1 0560656828 STIM_START
068 1 0561139484 LICK
068 1 0561904704 LICK
068 1 0562057836 LICK
068 1 0562226236 LICK
068 1 0562425268 LICK
068 1 0562654988 LICK
068 1 0562900028 LICK
068 1 0564679408 STIM_END_RESP_START
068 1 0565879440 RESP_END
069 0 0567746956 STIM_START
069 0 0569680512 LICK
069 0 0570384444 LICK
069 0 0570537600 LICK
069 0 0571269832 STIM_END_RESP_START
069 0 0572469864 RESP_END
070 1 0578077404 STIM_START
070 1 0578097936 LICK
070 1 0581600272 STIM_END_RESP_START
070 1 0582800296 RESP_END
071 1 0584969700 STIM_START
071 1 0588992252 STIM_END_RESP_START
071 1 0590192284 RESP_END
072 0 0594272688 STIM_START
072 0 0597795560 STIM_END_RESP_START
072 0 0598995592 RESP_END
073 0 0601027064 STIM_START
073 0 0604300076 STIM_END_RESP_START
073 0 0604914672 LICK
073 0 0604915168 TIMEOUT_START
073 0 0605500116 RESP_END
073 0 0611915676 TIMEOUT_END
074 0 0613702212 STIM_START
074 0 0615245764 LICK
074 0 0615383600 LICK
074 0 0617474944 STIM_END_RESP_START
074 0 0618520960 LICK
074 0 0618521452 TIMEOUT_START
074 0 0618674980 RESP_END
074 0 0625521968 TIMEOUT_END
075 1 0629178896 STIM_START
075 1 0632311656 LICK
075 1 0632451936 STIM_END_RESP_START
075 1 0633474944 LICK
075 1 0633475440 REWARD_START
075 1 0633651980 RESP_END
075 1 0633525956 REWARD_END
076 0 0644044908 STIM_START
076 0 0647817648 STIM_END_RESP_START
076 0 0649017680 RESP_END
077 0 0651018160 STIM_START
077 0 0654541040 STIM_END_RESP_START
077 0 0655741072 RESP_END
078 1 0657709560 STIM_START
078 1 0660982572 STIM_END_RESP_START
078 1 0662172224 LICK
078 1 0662172716 REWARD_START
078 1 0662223264 RESP_END
078 1 0662223232 REWARD_END
079 1 0669522212 STIM_START
079 1 0671466208 LICK
079 1 0672246744 LICK
079 1 0672476300 LICK
079 1 0673045088 STIM_END_RESP_START
079 1 0673210940 LICK
079 1 0673211436 REWARD_START
079 1 0674245132 RESP_END
079 1 0673261948 REWARD_END
080 1 0678909156 STIM_START
080 1 0678952432 LICK
080 1 0679120904 LICK
080 1 0681141156 LICK
080 1 0682182192 STIM_END_RESP_START
080 1 0682564444 LICK
080 1 0682564936 REWARD_START
080 1 0683382228 RESP_END
080 1 0682615448 REWARD_END
081 0 0687840360 STIM_START
081 0 0691613088 STIM_END_RESP_START
081 0 0692813120 RESP_END
082 0 0695905024 STIM_START
082 0 0699677724 STIM_END_RESP_START
082 0 0700877748 RESP_END
083 1 0702626404 STIM_START
083 1 0703959672 LICK
083 1 0704556552 LICK
083 1 0704740408 LICK
083 1 0705643400 LICK
083 1 0706378008 LICK
083 1 0706648980 STIM_END_RESP_START
083 1 0707849008 RESP_END
084 0 0711083856 STIM_START
084 0 0714856596 STIM_END_RESP_START
084 0 0716056628 RESP_END
085 0 0718186036 STIM_START
085 0 0721708908 STIM_END_RESP_START
085 0 0722809624 LICK
085 0 0722810120 TIMEOUT_START
085 0 0722908936 RESP_END
085 0 0729810632 TIMEOUT_END
086 0 0731704756 STIM_START
086 0 0735227640 STIM_END_RESP_START
086 0 0736427676 RESP_END
087 1 0738590052 STIM_START
087 1 0742612608 STIM_END_RESP_START
087 1 0743812636 RESP_END
088 0 0745606260 STIM_START
088 0 0747227700 LICK
088 0 0748268452 LICK
088 0 0748467484 LICK
088 0 0748879264 STIM_END_RESP_START
088 0 0749125776 LICK
088 0 0749126264 TIMEOUT_START
088 0 0750059392 LICK
088 0 0750059888 TIMEOUT_START
088 0 0750079300 RESP_END
088 0 0757060392 TIMEOUT_END
089 0 0760368416 STIM_START
089 0 0764141156 STIM_END_RESP_START
089 0 0765341188 RESP_END
090 0 0767521484 STIM_START
090 0 0771544040 STIM_END_RESP_START
090 0 0772744068 RESP_END
091 1 0774943496 STIM_START
091 1 0778716236 STIM_END_RESP_START
091 1 0779916260 RESP_END
092 1 0781737848 STIM_START
092 1 0783205100 LICK
092 1 0783694884 LICK
092 1 0785010888 STIM_END_RESP_START
092 1 0785485552 LICK
092 1 0785486048 REWARD_START
092 1 0786210928 RESP_END
092 1 0785536564 REWARD_END
093 0 0795469456 STIM_START
093 0 0798992340 STIM_END_RESP_START
093 0 0799615468 LICK
093 0 0799615960 TIMEOUT_START
093 0 0800192356 RESP_END
093 0 0806616484 TIMEOUT_END
094 0 0808504416 STIM_START
094 0 0812277148 STIM_END_RESP_START
094 0 0813477180 RESP_END
095 1 0815615620 STIM_START
095 1 0817815612 LICK
095 1 0818795128 LICK
095 1 0819388348 STIM_END_RESP_START
095 1 0820588376 RESP_END
096 1 0823561312 STIM_START
096 1 0827084184 STIM_END_RESP_START
096 1 0828284220 RESP_END
097 1 0830245752 STIM_START
097 1 0833518776 STIM_END_RESP_START
097 1 0834718808 RESP_END
098 0 0836854192 STIM_START
098 0 0840127204 STIM_END_RESP_START
098 0 0841327232 RESP_END
099 0 0843298728 STIM_START
099 0 0847071464 STIM_END_RESP_START
099 0 0848271496 RESP_END
100 1 0850090076 STIM_START
100 1 0850110608 LICK
100 1 0851853600 LICK
100 1 0853862784 STIM_END_RESP_START
100 1 0855062812 RESP_END
101 0 0857107300 STIM_START
101 0 0859582964 LICK
101 0 0860271752 LICK
101 0 0860409612 LICK
101 0 0860630184 STIM_END_RESP_START
101 0 0860930056 LICK
101 0 0860930540 TIMEOUT_START
101 0 0861830224 RESP_END
101 0 0867931040 TIMEOUT_END
102 1 0869877428 STIM_START
102 1 0871212924 LICK
102 1 0873400308 STIM_END_RESP_START
102 1 0874600340 RESP_END
103 1 0876855660 STIM_START
103 1 0880628392 STIM_END_RESP_START
103 1 0881828424 RESP_END
104 1 0883969840 STIM_START
104 1 0887992400 STIM_END_RESP_START
104 1 0889129112 LICK
104 1 0889129600 REWARD_START
104 1 0889192444 RESP_END
104 1 0889180128 REWARD_END
105 0 0896391168 STIM_START
105 0 0896479604 LICK
105 0 0896709272 LICK
105 0 0897061352 LICK
105 0 0897597088 LICK
105 0 0897811464 LICK
105 0 0898163552 LICK
105 0 0899664188 STIM_END_RESP_START
105 0 0900864220 RESP_END
106 1 0902817788 STIM_START
106 1 0903475124 LICK
106 1 0903811900 LICK
106 1 0904301692 LICK
106 1 0904454900 LICK
106 1 0906590508 STIM_END_RESP_START
106 1 0907790544 RESP_END
107 0 0909890908 STIM_START
107 0 0913663640 STIM_END_RESP_START
107 0 0914863672 RESP_END
108 0 0916749272 STIM_START
108 0 0920771832 STIM_END_RESP_START
108 0 0921971868 RESP_END
109 0 0924075276 STIM_START
109 0 0925813288 LICK
109 0 0926058280 LICK
109 0 0926991808 LICK
109 0 0927757028 LICK
109 0 0928097856 STIM_END_RESP_START
109 0 0928721416 LICK
109 0 0928721904 TIMEOUT_START
109 0 0929180676 LICK
109 0 0929181168 TIMEOUT_START
109 0 0929297884 RESP_END
109 0 0936181668 TIMEOUT_END
110 1 0938279632 STIM_START
110 1 0941267680 LICK
110 1 0941482032 LICK
110 1 0941552676 STIM_END_RESP_START
110 1 0942752724 RESP_END
111 0 0944630216 STIM_START
111 0 0947903232 STIM_END_RESP_START
111 0 0949103264 RESP_END
112 1 0951132768 STIM_START
112 1 0954655640 STIM_END_RESP_START
112 1 0955855672 RESP_END
113 1 0958031024 STIM_START
113 1 0961803756 STIM_END_RESP_START
113 1 0963003788 RESP_END
114 0 0964960348 STIM_START
114 0 0968733080 STIM_END_RESP_START
114 0 0969933112 RESP_END
115 1 0971947516 STIM_START
115 1 0975470392 STIM_END_RESP_START
115 1 0976670424 RESP_END
116 1 0978490004 STIM_START
116 1 0982262736 STIM_END_RESP_START
116 1 0983462768 RESP_END
117 0 0985679136 STIM_START
117 0 0988952152 STIM_END_RESP_START
117 0 0990152184 RESP_END
118 0 0992200628 STIM_START
118 0 0995973364 STIM_END_RESP_START
118 0 0997173396 RESP_END
119 1 0998944004 STIM_START
119 1 1002466876 STIM_END_RESP_START
119 1 1003666888 RESP_END
120 1 1005596424 STIM_START
120 1 1009619004 STIM_END_RESP_START
120 1 1010819044 RESP_END
121 1 1013029428 STIM_START
121 1 1016552280 STIM_END_RESP_START
121 1 1017752292 RESP_END
122 0 1019550916 STIM_START
122 0 1023073804 STIM_END_RESP_START
122 0 1024273820 RESP_END
123 0 1026060480 STIM_START
123 0 1030083044 STIM_END_RESP_START
123 0 1031283092 RESP_END
124 1 1033335488 STIM_START
124 1 1037358056 STIM_END_RESP_START
124 1 1038558072 RESP_END
125 0 1040451676 STIM_START
125 0 1044224388 STIM_END_RESP_START
125 0 1045424400 RESP_END
126 1 1047350968 STIM_START
126 1 1049087656 LICK
126 1 1051123684 STIM_END_RESP_START
126 1 1052323732 RESP_END
127 0 1054083344 STIM_START
127 0 1054965200 LICK
127 0 1057123044 LICK
127 0 1057356360 STIM_END_RESP_START
127 0 1058556408 RESP_END
128 1 1060557896 STIM_START
128 1 1062465040 LICK
128 1 1062572236 LICK
128 1 1063830912 STIM_END_RESP_START
128 1 1065030928 RESP_END
129 0 1066767532 STIM_START
129 0 1067531480 LICK
129 0 1070040564 STIM_END_RESP_START
129 0 1071240576 RESP_END
130 1 1073248036 STIM_START
130 1 1076521068 STIM_END_RESP_START
130 1 1077721116 RESP_END
131 0 1079538728 STIM_START
131 0 1082811760 STIM_END_RESP_START
131 0 1084011808 RESP_END
132 1 1085743308 STIM_START
132 1 1089266196 STIM_END_RESP_START
132 1 1090466208 RESP_END
133 0 1092682584 STIM_START
133 0 1095955620 STIM_END_RESP_START
133 0 1097155668 RESP_END
134 1 1099152104 STIM_START
134 1 1102924820 STIM_END_RESP_START
134 1 1104124824 RESP_END
135 0 1106265280 STIM_START
135 0 1110287848 STIM_END_RESP_START
135 0 1111487896 RESP_END
136 0 1113524376 STIM_START
136 0 1116797408 STIM_END_RESP_START
136 0 1117997424 RESP_END
137 0 1120142812 STIM_START
137 0 1123665704 STIM_END_RESP_START
137 0 1124865716 RESP_END
138 1 1127087156 STIM_START
138 1 1130360188 STIM_END_RESP_START
138 1 1131560236 RESP_END
139 0 1133580572 STIM_START
139 0 1137353284 STIM_END_RESP_START
139 0 1138553296 RESP_END
140 1 1140519852 STIM_START
140 1 1144542428 STIM_END_RESP_START
140 1 1145742440 RESP_END
USER_EXIT