001 0 0026969036 STIM_START
001 0 0026989512 LICK
001 0 0030991608 STIM_END_RESP_START
001 0 0032191620 RESP_END
002 0 0034386052 STIM_START
002 0 0038408620 STIM_END_RESP_START
002 0 0039608668 RESP_END
003 0 0041783976 STIM_START
003 0 0045056968 STIM_END_RESP_START
003 0 0046257016 RESP_END
004 1 0048459392 STIM_START
004 1 0052232108 STIM_END_RESP_START
004 1 0053432156 RESP_END
005 1 0055224772 STIM_START
005 1 0058747628 STIM_END_RESP_START
005 1 0059947640 RESP_END
006 0 0062107996 STIM_START
006 0 0065880708 STIM_END_RESP_START
006 0 0067080756 RESP_END
007 0 0069105208 STIM_START
007 0 0072378244 STIM_END_RESP_START
007 0 0072897792 LICK
007 0 0072898232 TIMEOUT_START
007 0 0073578280 RESP_END
007 0 0079898692 TIMEOUT_END
008 0 0081921308 STIM_START
008 0 0084636484 LICK
008 0 0085194340 STIM_END_RESP_START
008 0 0085479300 LICK
008 0 0085479744 TIMEOUT_START
008 0 0085693924 LICK
008 0 0085694360 TIMEOUT_START
008 0 0086107720 LICK
008 0 0086108164 TIMEOUT_START
008 0 0086394364 RESP_END
008 0 0093108620 TIMEOUT_END
009 1 0094940252 STIM_START
009 1 0098463108 STIM_END_RESP_START
009 1 0099663120 RESP_END
010 1 0101575672 STIM_START
010 1 0105348372 STIM_END_RESP_START
010 1 0106548400 RESP_END
011 1 0108570896 STIM_START
011 1 0112343624 STIM_END_RESP_START
011 1 0113543652 RESP_END
012 0 0115413200 STIM_START
012 0 0118936068 STIM_END_RESP_START
012 0 0120136100 RESP_END
013 0 0143431064 STIM_START
013 0 0145748196 LICK
013 0 0146704084 STIM_END_RESP_START
013 0 0147602580 LICK
013 0 0147603064 TIMEOUT_START
013 0 0147904096 RESP_END
013 0 0154603580 TIMEOUT_END
014 1 0158246064 STIM_START
014 1 0160245176 LICK
014 1 0162114792 LICK
014 1 0162268632 STIM_END_RESP_START
014 1 0162375408 LICK
014 1 0162375900 REWARD_START
014 1 0162605400 LICK
014 1 0163371924 LICK
014 1 0163468680 RESP_END
014 1 0162426416 REWARD_END
015 0 0166015864 STIM_START
015 0 0169538740 STIM_END_RESP_START
015 0 0170344632 LICK
015 0 0170345120 TIMEOUT_START
015 0 0170574572 LICK
015 0 0170575064 TIMEOUT_START
015 0 0170738764 RESP_END
015 0 0177575576 TIMEOUT_END
016 1 0182114148 STIM_START
016 1 0185636996 STIM_END_RESP_START
016 1 0186837028 RESP_END
017 1 0188888512 STIM_START
017 1 0192911060 STIM_END_RESP_START
017 1 0194111092 RESP_END
018 0 0196082624 STIM_START
018 0 0199605504 STIM_END_RESP_START
018 0 0200805532 RESP_END
019 0 0202567148 STIM_START
019 0 0205840160 STIM_END_RESP_START
019 0 0207040188 RESP_END
020 0 0209253576 STIM_START
020 0 0210564404 LICK
020 0 0213026268 STIM_END_RESP_START
020 0 0214226296 RESP_END
021 1 0217291176 STIM_START
021 1 0220564188 STIM_END_RESP_START
021 1 0221383816 LICK
021 1 0221384304 REWARD_START
021 1 0221567844 LICK
021 1 0221764236 RESP_END
021 1 0221434832 REWARD_END
022 0 0228132324 STIM_START
022 0 0231905052 STIM_END_RESP_START
022 0 0233105084 RESP_END
023 0 0236169980 STIM_START
023 0 0239681788 LICK
023 0 0239692832 STIM_END_RESP_START
023 0 0239896428 LICK
023 0 0239896924 TIMEOUT_START
023 0 0240310264 LICK
023 0 0240310760 TIMEOUT_START
023 0 0240478892 LICK
023 0 0240479388 TIMEOUT_START
023 0 0240647580 LICK
023 0 0240648068 TIMEOUT_START
023 0 0240816228 LICK
023 0 0240816716 TIMEOUT_START
023 0 0240892864 RESP_END
023 0 0247817232 TIMEOUT_END
024 1 0249980512 STIM_START
024 1 0253253524 STIM_END_RESP_START
024 1 0254453556 RESP_END
025 1 0256525016 STIM_START
025 1 0260047892 STIM_END_RESP_START
025 1 0261247916 RESP_END
026 1 0263270372 STIM_START
026 1 0266543392 STIM_END_RESP_START
026 1 0267743420 RESP_END
027 0 0269798864 STIM_START
027 0 0273571592 STIM_END_RESP_START
027 0 0274771624 RESP_END
028 0 0276889988 STIM_START
028 0 0280662716 STIM_END_RESP_START
028 0 0281862748 RESP_END
029 1 0284059120 STIM_START
029 1 0288081672 STIM_END_RESP_START
029 1 0289281700 RESP_END
030 0 0291240264 STIM_START
030 0 0295012996 STIM_END_RESP_START
030 0 0296213024 RESP_END
031 0 0298022580 STIM_START
031 0 0301545452 STIM_END_RESP_START
031 0 0302745484 RESP_END
032 0 0304577044 STIM_START
032 0 0308099916 STIM_END_RESP_START
032 0 0309299948 RESP_END
033 1 0311162544 STIM_START
033 1 0315185096 STIM_END_RESP_START
033 1 0316385128 RESP_END
034 0 0318106732 STIM_START
034 0 0321379744 STIM_END_RESP_START
034 0 0322579776 RESP_END
035 0 0328554168 STIM_START
035 0 0331144556 LICK
035 0 0331389816 LICK
035 0 0331589084 LICK
035 0 0332002952 LICK
035 0 0332326888 STIM_END_RESP_START
035 0 0332340104 LICK
035 0 0332340596 TIMEOUT_START
035 0 0332508748 LICK
035 0 0332509244 TIMEOUT_START
035 0 0332677400 LICK
035 0 0332677888 TIMEOUT_START
035 0 0332861368 LICK
035 0 0332861860 TIMEOUT_START
035 0 0333526928 RESP_END
035 0 0339862368 TIMEOUT_END
036 0 0341798964 STIM_START
036 0 0345821512 STIM_END_RESP_START
036 0 0347021544 RESP_END
037 1 0350224408 STIM_START
037 1 0353997136 STIM_END_RESP_START
037 1 0355197168 RESP_END
038 1 0357030704 STIM_START
038 1 0360303724 STIM_END_RESP_START
038 1 0361503760 RESP_END
039 0 0363326336 STIM_START
039 0 0366849216 STIM_END_RESP_START
039 0 0368049248 RESP_END
040 0 0370188676 STIM_START
040 0 0373961372 STIM_END_RESP_START
040 0 0375161404 RESP_END
041 1 0377284804 STIM_START
041 1 0381057532 STIM_END_RESP_START
041 1 0382257564 RESP_END
042 1 0384177084 STIM_START
042 1 0387699964 STIM_END_RESP_START
042 1 0388899996 RESP_END
043 1 0390901432 STIM_START
043 1 0394174448 STIM_END_RESP_START
043 1 0395374480 RESP_END
044 0 0397249036 STIM_START
044 0 0400522048 STIM_END_RESP_START
044 0 0401722080 RESP_END
045 0 0403897420 STIM_START
045 0 0407670148 STIM_END_RESP_START
045 0 0408870180 RESP_END
046 1 0410774708 STIM_START
046 1 0414547400 STIM_END_RESP_START
046 1 0415747432 RESP_END
047 0 0421315016 STIM_START
047 0 0424837888 STIM_END_RESP_START
047 0 0426037920 RESP_END
048 1 0428170316 STIM_START
048 1 0431693188 STIM_END_RESP_START
048 1 0432893220 RESP_END
049 1 0435005616 STIM_START
049 1 0438778348 STIM_END_RESP_START
049 1 0439978380 RESP_END
050 1 0442108796 STIM_START
050 1 0445536264 LICK
050 1 0445689624 LICK
050 1 0445858244 LICK
050 1 0446026904 LICK
050 1 0446131344 STIM_END_RESP_START
050 1 0446241520 LICK
050 1 0446242016 REWARD_START
050 1 0446609452 LICK
050 1 0446839440 LICK
050 1 0446962140 LICK
050 1 0447084796 LICK
050 1 0447207472 LICK
050 1 0447331388 RESP_END
050 1 0446292528 REWARD_END
051 0 0450953020 STIM_START
051 0 0454226036 STIM_END_RESP_START
051 0 0454548544 LICK
051 0 0454549032 TIMEOUT_START
051 0 0454701860 LICK
051 0 0454702356 TIMEOUT_START
051 0 0454870548 LICK
051 0 0454871036 TIMEOUT_START
051 0 0455054540 LICK
051 0 0455055028 TIMEOUT_START
051 0 0455238492 LICK
051 0 0455238984 TIMEOUT_START
051 0 0455422504 LICK
051 0 0455423000 TIMEOUT_START
051 0 0455426068 RESP_END
051 0 0462423508 TIMEOUT_END
052 1 0464260828 STIM_START
052 1 0468033528 STIM_END_RESP_START
052 1 0469233560 RESP_END
053 0 0471211080 STIM_START
053 0 0474983772 STIM_END_RESP_START
053 0 0476138516 LICK
053 0 0476139004 TIMEOUT_START
053 0 0476183800 RESP_END
053 0 0483139512 TIMEOUT_END
054 0 0485340484 STIM_START
054 0 0489363044 STIM_END_RESP_START
054 0 0490563080 RESP_END
055 0 0492413624 STIM_START
055 0 0496436176 STIM_END_RESP_START
055 0 0497636208 RESP_END
056 1 0499540848 STIM_START
056 1 0502813868 STIM_END_RESP_START
056 1 0504013900 RESP_END
057 0 0506624012 STIM_START
057 0 0509897024 STIM_END_RESP_START
057 0 0511097056 RESP_END
058 1 0513071496 STIM_START
058 1 0516594368 STIM_END_RESP_START
058 1 0517794400 RESP_END
059 1 0519776912 STIM_START
059 1 0523549644 STIM_END_RESP_START
059 1 0524749676 RESP_END
060 0 0526734100 STIM_START
060 0 0530506796 STIM_END_RESP_START
060 0 0531706824 RESP_END
061 1 0533934204 STIM_START
061 1 0537457076 STIM_END_RESP_START
061 1 0538657104 RESP_END
062 1 0540564692 STIM_START
062 1 0544337424 STIM_END_RESP_START
062 1 0545537456 RESP_END
063 0 0547535868 STIM_START
063 0 0550808892 STIM_END_RESP_START
063 0 0552008920 RESP_END
064 0 0554036356 STIM_START
064 0 0557809088 STIM_END_RESP_START
064 0 0559009120 RESP_END
065 1 0560807696 STIM_START
065 1 0564330572 STIM_END_RESP_START
065 1 0565530600 RESP_END
066 1 0567738988 STIM_START
066 1 0571761540 STIM_END_RESP_START
066 1 0572961572 RESP_END
067 1 0574838200 STIM_START
067 1 0578361072 STIM_END_RESP_START
067 1 0579561100 RESP_END
068 0 0581328628 STIM_START
068 0 0584851508 STIM_END_RESP_START
068 0 0586051532 RESP_END
069 0 0588276884 STIM_START
069 0 0592299436 STIM_END_RESP_START
069 0 0593499468 RESP_END
070 1 0595690876 STIM_START
070 1 0599713432 STIM_END_RESP_START
070 1 0600913464 RESP_END
071 0 0603040908 STIM_START
071 0 0606813640 STIM_END_RESP_START
071 0 0608013672 RESP_END
072 1 0609857260 STIM_START
072 1 0613629960 STIM_END_RESP_START
072 1 0614829988 RESP_END
073 0 0616823500 STIM_START
073 0 0620096520 STIM_END_RESP_START
073 0 0621296548 RESP_END
074 1 0623218060 STIM_START
074 1 0626491076 STIM_END_RESP_START
074 1 0627691108 RESP_END
075 0 0629914412 STIM_START
075 0 0633187432 STIM_END_RESP_START
075 0 0634387464 RESP_END
076 1 0636590828 STIM_START
076 1 0639863848 STIM_END_RESP_START
076 1 0641063876 RESP_END
077 0 0643061304 STIM_START
077 0 0646334316 STIM_END_RESP_START
077 0 0647534348 RESP_END
078 1 0649411888 STIM_START
078 1 0652934760 STIM_END_RESP_START
078 1 0654134792 RESP_END
079 0 0656097272 STIM_START
079 0 0659370292 STIM_END_RESP_START
079 0 0660570324 RESP_END
080 1 0662511812 STIM_START
080 1 0666284508 STIM_END_RESP_START
080 1 0667484536 RESP_END
081 0 0669294144 STIM_START
081 0 0673316696 STIM_END_RESP_START
081 0 0674516728 RESP_END
082 0 0676617196 STIM_START
082 0 0679890216 STIM_END_RESP_START
082 0 0681090248 RESP_END
083 0 0683161720 STIM_START
083 0 0686684592 STIM_END_RESP_START
083 0 0687884624 RESP_END
084 1 0689718124 STIM_START
084 1 0692550316 LICK
084 1 0692991160 STIM_END_RESP_START
084 1 0693638476 LICK
084 1 0693638964 REWARD_START
084 1 0693745892 LICK
084 1 0694191196 RESP_END
084 1 0693689484 REWARD_END
085 0 0705612540 STIM_START
085 0 0706773940 LICK
085 0 0706973204 LICK
085 0 0707141888 LICK
085 0 0707325872 LICK
085 0 0707555824 LICK
085 0 0707739764 LICK
085 0 0707939116 LICK
085 0 0708107728 LICK
085 0 0708475612 LICK
085 0 0708644232 LICK
085 0 0708828244 LICK
085 0 0709288016 LICK
085 0 0709385256 STIM_END_RESP_START
085 0 0709502656 LICK
085 0 0709503152 TIMEOUT_START
085 0 0710585296 RESP_END
085 0 0716503664 TIMEOUT_END
086 1 0718537564 STIM_START
086 1 0719233912 LICK
086 1 0720751056 LICK
086 1 0721042332 LICK
086 1 0721165020 LICK
086 1 0721348960 LICK
086 1 0722038724 LICK
086 1 0722360612 LICK
086 1 0722560136 STIM_END_RESP_START
086 1 0723111612 LICK
086 1 0723112108 REWARD_START
086 1 0723295676 LICK
086 1 0723709540 LICK
086 1 0723760188 RESP_END
086 1 0723162624 REWARD_END
087 1 0733418520 STIM_START
087 1 0735741148 LICK
087 1 0735909824 LICK
087 1 0736109112 LICK
087 1 0737191228 STIM_END_RESP_START
087 1 0737427084 LICK
087 1 0737427580 REWARD_START
087 1 0737641824 LICK
087 1 0738391244 RESP_END
087 1 0737478092 REWARD_END
088 1 0742462640 STIM_START
088 1 0744798880 LICK
088 1 0744967524 LICK
088 1 0745136208 LICK
088 1 0745320212 LICK
088 1 0745519492 LICK
088 1 0746485196 STIM_END_RESP_START
088 1 0746668896 LICK
088 1 0746669392 REWARD_START
088 1 0746837612 LICK
088 1 0747685224 RESP_END
088 1 0746719904 REWARD_END
089 0 0751928592 STIM_START
089 0 0752140348 LICK
089 0 0752324316 LICK
089 0 0752492960 LICK
089 0 0755701304 STIM_END_RESP_START
089 0 0756901340 RESP_END
090 1 0758692884 STIM_START
090 1 0758822032 LICK
090 1 0760553756 LICK
090 1 0760707108 LICK
090 1 0760891116 LICK
090 1 0761121020 LICK
090 1 0761366348 LICK
090 1 0761596252 LICK
090 1 0761810900 LICK
090 1 0762025504 LICK
090 1 0762240116 LICK
090 1 0762465588 STIM_END_RESP_START
090 1 0762500752 LICK
090 1 0762501252 REWARD_START
090 1 0763328416 LICK
090 1 0763466444 LICK
090 1 0763665608 RESP_END
090 1 0762551764 REWARD_END
091 0 0773291000 STIM_START
091 0 0773751428 LICK
091 0 0773904692 LICK
091 0 0774073372 LICK
091 0 0774272712 LICK
091 0 0774502620 LICK
091 0 0774747928 LICK
091 0 0774977840 LICK
091 0 0775192508 LICK
091 0 0775407120 LICK
091 0 0775652396 LICK
091 0 0775897712 LICK
091 0 0776112288 LICK
091 0 0776342272 LICK
091 0 0776556848 LICK
091 0 0776786824 LICK
091 0 0777047420 LICK
091 0 0777277404 LICK
091 0 0777313572 STIM_END_RESP_START
091 0 0777492008 LICK
091 0 0777492504 TIMEOUT_START
091 0 0777721940 LICK
091 0 0777722432 TIMEOUT_START
091 0 0778074492 LICK
091 0 0778074984 TIMEOUT_START
091 0 0778289120 LICK
091 0 0778289612 TIMEOUT_START
091 0 0778513620 RESP_END
091 0 0785290116 TIMEOUT_END
092 1 0789131440 STIM_START
092 1 0791178112 LICK
092 1 0791346720 LICK
092 1 0791530700 LICK
092 1 0791745372 LICK
092 1 0791990580 LICK
092 1 0792205232 LICK
092 1 0792404456 STIM_END_RESP_START
092 1 0792419852 LICK
092 1 0792420344 REWARD_START
092 1 0792757144 LICK
092 1 0793293584 LICK
092 1 0793569496 LICK
092 1 0793604472 RESP_END
092 1 0792470864 REWARD_END
093 0 0802979968 STIM_START
093 0 0803088420 LICK
093 0 0803563560 LICK
093 0 0803732236 LICK
093 0 0803885536 LICK
093 0 0804069548 LICK
093 0 0804299536 LICK
093 0 0804529452 LICK
093 0 0804759468 LICK
093 0 0804974040 LICK
093 0 0805204020 LICK
093 0 0805449276 LICK
093 0 0805648584 LICK
093 0 0805878572 LICK
093 0 0806062552 LICK
093 0 0806261860 LICK
093 0 0806507148 LICK
093 0 0806721772 LICK
093 0 0806890436 LICK
093 0 0807002528 STIM_END_RESP_START
093 0 0807135720 LICK
093 0 0807136208 TIMEOUT_START
093 0 0807335036 LICK
093 0 0807335528 TIMEOUT_START
093 0 0807534348 LICK
093 0 0807534844 TIMEOUT_START
093 0 0807871560 LICK
093 0 0807872048 TIMEOUT_START
093 0 0808070872 LICK
093 0 0808071364 TIMEOUT_START
093 0 0808202568 RESP_END
093 0 0815071868 TIMEOUT_END
094 1 0819533016 STIM_START
094 1 0819810540 LICK
094 1 0819994556 LICK
094 1 0820193900 LICK
094 1 0820469796 LICK
094 1 0820730380 LICK
094 1 0821006356 LICK
094 1 0821236264 LICK
094 1 0821466216 LICK
094 1 0821680896 LICK
094 1 0821972096 LICK
094 1 0822232756 LICK
094 1 0822569952 LICK
094 1 0822815196 LICK
094 1 0823014516 LICK
094 1 0823305732 STIM_END_RESP_START
094 1 0824505764 RESP_END
095 1 0826306360 STIM_START
095 1 0830079060 STIM_END_RESP_START
095 1 0831121108 LICK
095 1 0831121604 REWARD_START
095 1 0831279080 RESP_END
095 1 0831172116 REWARD_END
096 0 0835732332 STIM_START
096 0 0837865236 LICK
096 0 0838033892 LICK
096 0 0838202540 LICK
096 0 0838401852 LICK
096 0 0838616464 LICK
096 0 0838846452 LICK
096 0 0839045760 LICK
096 0 0839290976 LICK
096 0 0839474984 LICK
096 0 0839505036 STIM_END_RESP_START
096 0 0839704940 LICK
096 0 0839705424 TIMEOUT_START
096 0 0839919548 LICK
096 0 0839920040 TIMEOUT_START
096 0 0840118860 LICK
096 0 0840119356 TIMEOUT_START
096 0 0840318176 LICK
096 0 0840318664 TIMEOUT_START
096 0 0840532772 LICK
096 0 0840533264 TIMEOUT_START
096 0 0840705076 RESP_END
096 0 0847533764 TIMEOUT_END
097 0 0861044632 STIM_START
097 0 0862908732 LICK
097 0 0863215352 LICK
097 0 0863429940 LICK
097 0 0863613948 LICK
097 0 0864317636 STIM_END_RESP_START
097 0 0865422204 LICK
097 0 0865422696 TIMEOUT_START
097 0 0865517684 RESP_END
097 0 0872423212 TIMEOUT_END
098 1 0876839132 STIM_START
098 1 0877897920 LICK
098 1 0878051304 LICK
098 1 0878204620 LICK
098 1 0878373252 LICK
098 1 0878526580 LICK
098 1 0879369496 LICK
098 1 0879614828 LICK
098 1 0879798760 LICK
098 1 0880074712 LICK
098 1 0880861708 STIM_END_RESP_START
098 1 0880871660 LICK
098 1 0880872156 REWARD_START
098 1 0881040400 LICK
098 1 0881454212 LICK
098 1 0881607552 LICK
098 1 0881776168 LICK
098 1 0881944844 LICK
098 1 0882061728 RESP_END
098 1 0880922676 REWARD_END
099 0 0885679300 STIM_START
099 0 0887431812 LICK
099 0 0887922224 LICK
099 0 0888090868 LICK
099 0 0888274876 LICK
099 0 0888489504 LICK
099 0 0888704116 LICK
099 0 0888934100 LICK
099 0 0889133368 LICK
099 0 0889202180 STIM_END_RESP_START
099 0 0889332720 LICK
099 0 0889333216 TIMEOUT_START
099 0 0889577992 LICK
099 0 0889578484 TIMEOUT_START
099 0 0889792640 LICK
099 0 0889793128 TIMEOUT_START
099 0 0890007280 LICK
099 0 0890007772 TIMEOUT_START
099 0 0890267852 LICK
099 0 0890268340 TIMEOUT_START
099 0 0890402216 RESP_END
099 0 0897268856 TIMEOUT_END
100 1 0900970040 STIM_START
100 1 0904992592 STIM_END_RESP_START
100 1 0905500936 LICK
100 1 0905501428 REWARD_START
100 1 0905669692 LICK
100 1 0905838336 LICK
100 1 0905945728 LICK
100 1 0906175680 LICK
100 1 0906192612 RESP_END
100 1 0905551948 REWARD_END
101 0 0908886784 STIM_START
101 0 0912159812 STIM_END_RESP_START
101 0 0912979960 LICK
101 0 0912980452 TIMEOUT_START
101 0 0913359844 RESP_END
101 0 0919980956 TIMEOUT_END
102 0 0921730888 STIM_START
102 0 0925253768 STIM_END_RESP_START
102 0 0926453796 RESP_END
103 1 0929665532 STIM_START
103 1 0933438264 STIM_END_RESP_START
103 1 0933797960 LICK
103 1 0933798452 REWARD_START
103 1 0933997320 LICK
103 1 0934365208 LICK
103 1 0934472560 LICK
103 1 0934610584 LICK
103 1 0934638280 RESP_END
103 1 0933848984 REWARD_END
104 1 0939325332 STIM_START
104 1 0943024448 LICK
104 1 0943177788 LICK
104 1 0943331132 LICK
104 1 0943347880 STIM_END_RESP_START
104 1 0943499792 LICK
104 1 0943500284 REWARD_START
104 1 0943683856 LICK
104 1 0943852480 LICK
104 1 0943975176 LICK
104 1 0944097836 LICK
104 1 0944235916 LICK
104 1 0944389188 LICK
104 1 0944547920 RESP_END
104 1 0943550804 REWARD_END
105 0 0950750152 STIM_START
105 0 0952558676 LICK
105 0 0952727368 LICK
105 0 0952896012 LICK
105 0 0953079988 LICK
105 0 0953279328 LICK
105 0 0953509248 LICK
105 0 0953754540 LICK
105 0 0953969116 LICK
105 0 0954023168 STIM_END_RESP_START
105 0 0954168460 LICK
105 0 0954168948 TIMEOUT_START
105 0 0954367720 LICK
105 0 0954368216 TIMEOUT_START
105 0 0954613028 LICK
105 0 0954613520 TIMEOUT_START
105 0 0954827668 LICK
105 0 0954828164 TIMEOUT_START
105 0 0955026976 LICK
105 0 0955027472 TIMEOUT_START
105 0 0955223216 RESP_END
105 0 0962027972 TIMEOUT_END
106 1 0964220880 STIM_START
106 1 0965585796 LICK
106 1 0965739124 LICK
106 1 0965907716 LICK
106 1 0966091724 LICK
106 1 0966291060 LICK
106 1 0966505672 LICK
106 1 0966705012 LICK
106 1 0966919624 LICK
106 1 0967149588 LICK
106 1 0967364232 LICK
106 1 0967578808 LICK
106 1 0967743764 STIM_END_RESP_START
106 1 0967793444 LICK
106 1 0967793940 REWARD_START
106 1 0968406568 LICK
106 1 0968529252 LICK
106 1 0968667244 LICK
106 1 0968805276 LICK
106 1 0968943292 LICK
106 1 0968943808 RESP_END
106 1 0967844452 REWARD_END
107 1 0974435368 STIM_START
107 1 0975304332 LICK
107 1 0975472976 LICK
107 1 0975641656 LICK
107 1 0975810332 LICK
107 1 0975978940 LICK
107 1 0976116956 LICK
107 1 0976270288 LICK
107 1 0976423616 LICK
107 1 0976576916 LICK
107 1 0976776248 LICK
107 1 0976990892 LICK
107 1 0977220824 LICK
107 1 0977450796 LICK
107 1 0977665408 LICK
107 1 0977880052 LICK
107 1 0978094704 LICK
107 1 0978309316 LICK
107 1 0978457932 STIM_END_RESP_START
107 1 0978539264 LICK
107 1 0978539760 REWARD_START
107 1 0978830572 LICK
107 1 0979121844 LICK
107 1 0979244508 LICK
107 1 0979382508 LICK
107 1 0979520508 LICK
107 1 0979657968 RESP_END
107 1 0978590276 REWARD_END
108 1 0986637764 STIM_START
108 1 0989268472 LICK
108 1 0989421784 LICK
108 1 0989590488 LICK
108 1 0989774464 LICK
108 1 0989973732 LICK
108 1 0990173072 LICK
108 1 0990372352 LICK
108 1 0990556332 LICK
108 1 0990660328 STIM_END_RESP_START
108 1 0990770972 LICK
108 1 0990771468 REWARD_START
108 1 0990970292 LICK
108 1 0991154288 LICK
108 1 0991277004 LICK
108 1 0991399688 LICK
108 1 0991552996 LICK
108 1 0991706352 LICK
108 1 0991860376 RESP_END
108 1 0990821984 REWARD_END
109 0 0995126188 STIM_START
109 0 0997254188 LICK
109 0 0997422864 LICK
109 0 0997606804 LICK
109 0 0997790780 LICK
109 0 0997990116 LICK
109 0 0998189400 LICK
109 0 0998404048 LICK
109 0 0998588020 LICK
109 0 0998802596 LICK
109 0 0999001944 LICK
109 0 0999148736 STIM_END_RESP_START
109 0 0999201224 LICK
109 0 0999201716 TIMEOUT_START
109 0 0999400532 LICK
109 0 0999401020 TIMEOUT_START
109 0 0999615136 LICK
109 0 0999615632 TIMEOUT_START
109 0 0999829780 LICK
109 0 0999830268 TIMEOUT_START
109 0 1000044396 LICK
109 0 1000044936 TIMEOUT_START
109 0 1000259036 LICK
109 0 1000259568 TIMEOUT_START
109 0 1000348780 RESP_END
109 0 1007260132 TIMEOUT_END
110 0 1009449448 STIM_START
110 0 1010389424 LICK
110 0 1010527440 LICK
110 0 1010680788 LICK
110 0 1010864748 LICK
110 0 1011048704 LICK
110 0 1011278672 LICK
110 0 1011477972 LICK
110 0 1011692600 LICK
110 0 1011907260 LICK
110 0 1012106556 LICK
110 0 1012290576 LICK
110 0 1012520488 LICK
110 0 1012722456 STIM_END_RESP_START
110 0 1012735104 LICK
110 0 1012735644 TIMEOUT_START
110 0 1012919072 LICK
110 0 1012919612 TIMEOUT_START
110 0 1013133712 LICK
110 0 1013134248 TIMEOUT_START
110 0 1013562868 LICK
110 0 1013563412 TIMEOUT_START
110 0 1013746848 LICK
110 0 1013747384 TIMEOUT_START
110 0 1013922496 RESP_END
110 0 1020747956 TIMEOUT_END
111 0 1022878204 STIM_START
111 0 1023799992 LICK
111 0 1023953292 LICK
111 0 1024106612 LICK
111 0 1024290632 LICK
111 0 1024474584 LICK
111 0 1024658536 LICK
111 0 1024857864 LICK
111 0 1025041816 LICK
111 0 1025241148 LICK
111 0 1025455780 LICK
111 0 1025655064 LICK
111 0 1025869732 LICK
111 0 1026053688 LICK
111 0 1026268312 LICK
111 0 1026401048 STIM_END_RESP_START
111 0 1026482960 LICK
111 0 1026483500 TIMEOUT_START
111 0 1026743568 LICK
111 0 1026744100 TIMEOUT_START
111 0 1026958164 LICK
111 0 1026958704 TIMEOUT_START
111 0 1027172780 LICK
111 0 1027173316 TIMEOUT_START
111 0 1027402720 LICK
111 0 1027403260 TIMEOUT_START
111 0 1027601084 RESP_END
111 0 1034403820 TIMEOUT_END
112 1 1036539888 STIM_START
112 1 1039601092 LICK
112 1 1039739132 LICK
112 1 1039892488 LICK
112 1 1040061108 LICK
112 1 1040245060 LICK
112 1 1040444376 LICK
112 1 1040562456 STIM_END_RESP_START
112 1 1040628356 LICK
112 1 1040628900 REWARD_START
112 1 1040858324 LICK
112 1 1041026996 LICK
112 1 1041272236 LICK
112 1 1041394916 LICK
112 1 1041532976 LICK
112 1 1041762496 RESP_END
112 1 1040679476 REWARD_END
113 0 1046792344 STIM_START
113 0 1047403556 LICK
113 0 1047587556 LICK
113 0 1047771512 LICK
113 0 1047970872 LICK
113 0 1048200828 LICK
113 0 1048476716 LICK
113 0 1048706684 LICK
113 0 1048905976 LICK
113 0 1049120632 LICK
113 0 1049350552 LICK
113 0 1049565176 LICK
113 0 1049795124 LICK
113 0 1049979080 LICK
113 0 1050065376 STIM_END_RESP_START
113 0 1050224376 LICK
113 0 1050224916 TIMEOUT_START
113 0 1050469640 LICK
113 0 1050470176 TIMEOUT_START
113 0 1050699560 LICK
113 0 1050700100 TIMEOUT_START
113 0 1050898896 LICK
113 0 1050899428 TIMEOUT_START
113 0 1051128844 LICK
113 0 1051129376 TIMEOUT_START
113 0 1051265396 RESP_END
113 0 1058129948 TIMEOUT_END
114 0 1063019544 STIM_START
114 0 1063741796 LICK
114 0 1063910456 LICK
114 0 1064094480 LICK
114 0 1064370368 LICK
114 0 1064615648 LICK
114 0 1064906876 LICK
114 0 1065121524 LICK
114 0 1065351416 LICK
114 0 1065566076 LICK
114 0 1065780664 LICK
114 0 1066025960 LICK
114 0 1066542396 STIM_END_RESP_START
114 0 1066930164 LICK
114 0 1066930704 TIMEOUT_START
114 0 1067114152 LICK
114 0 1067114692 TIMEOUT_START
114 0 1067313464 LICK
114 0 1067314000 TIMEOUT_START
114 0 1067512744 LICK
114 0 1067513284 TIMEOUT_START
114 0 1067742428 RESP_END
114 0 1074513844 TIMEOUT_END
115 0 1077998412 STIM_START
115 0 1081521268 STIM_END_RESP_START
115 0 1082224704 LICK
115 0 1082225236 TIMEOUT_START
115 0 1082378056 LICK
115 0 1082378600 TIMEOUT_START
115 0 1082531364 LICK
115 0 1082531904 TIMEOUT_START
115 0 1082700000 LICK
115 0 1082700532 TIMEOUT_START
115 0 1082721308 RESP_END
115 0 1089701092 TIMEOUT_END
116 1 1091445128 STIM_START
116 1 1094718168 STIM_END_RESP_START
116 1 1095918216 RESP_END
117 1 1098919136 STIM_START
117 1 1102192164 STIM_END_RESP_START
117 1 1103392212 RESP_END
118 0 1105169784 STIM_START
118 0 1108942496 STIM_END_RESP_START
118 0 1110142544 RESP_END
119 1 1112226988 STIM_START
119 1 1115999696 STIM_END_RESP_START
119 1 1116779832 LICK
119 1 1116780368 REWARD_START
119 1 1116917896 LICK
119 1 1117199716 RESP_END
119 1 1116830952 REWARD_END
120 1 1123595876 STIM_START
120 1 1123815884 LICK
120 1 1123999864 LICK
120 1 1124183852 LICK
120 1 1124383148 LICK
120 1 1124582432 LICK
120 1 1124781752 LICK
120 1 1124996380 LICK
120 1 1125195696 LICK
120 1 1125410288 LICK
120 1 1125624916 LICK
120 1 1125916168 LICK
120 1 1126115464 LICK
120 1 1126330116 LICK
120 1 1126544708 LICK
120 1 1126774696 LICK
120 1 1126868896 STIM_END_RESP_START
120 1 1126958636 LICK
120 1 1126959180 REWARD_START
120 1 1127587128 LICK
120 1 1127709768 LICK
120 1 1127863120 LICK
120 1 1128068928 RESP_END
120 1 1127009760 REWARD_END
121 1 1133966180 STIM_START
121 1 1134177984 LICK
121 1 1134361924 LICK
121 1 1134561240 LICK
121 1 1135342832 LICK
121 1 1135618776 LICK
121 1 1137239204 STIM_END_RESP_START
121 1 1137840832 LICK
121 1 1137841376 REWARD_START
121 1 1138040200 LICK
121 1 1138224172 LICK
121 1 1138346844 LICK
121 1 1138439252 RESP_END
121 1 1137891952 REWARD_END
122 0 1143048280 STIM_START
122 0 1146321308 STIM_END_RESP_START
122 0 1146607164 LICK
122 0 1146607708 TIMEOUT_START
122 0 1146760456 LICK
122 0 1146760996 TIMEOUT_START
122 0 1146913780 LICK
122 0 1146914316 TIMEOUT_START
122 0 1147082424 LICK
122 0 1147082968 TIMEOUT_START
122 0 1147266400 LICK
122 0 1147266932 TIMEOUT_START
122 0 1147465708 LICK
122 0 1147466248 TIMEOUT_START
122 0 1147521356 RESP_END
122 0 1154466808 TIMEOUT_END
123 0 1156366104 STIM_START
123 0 1158729520 LICK
123 0 1158898108 LICK
123 0 1159066768 LICK
123 0 1159235448 LICK
123 0 1159404132 LICK
123 0 1159603392 LICK
123 0 1159787404 LICK
123 0 1159986668 LICK
123 0 1160138832 STIM_END_RESP_START
123 0 1160185988 LICK
123 0 1160186524 TIMEOUT_START
123 0 1160385248 LICK
123 0 1160385788 TIMEOUT_START
123 0 1160599888 LICK
123 0 1160600424 TIMEOUT_START
123 0 1160799184 LICK
123 0 1160799728 TIMEOUT_START
123 0 1160998488 LICK
123 0 1160999032 TIMEOUT_START
123 0 1161228456 LICK
123 0 1161228992 TIMEOUT_START
123 0 1161338848 RESP_END
123 0 1168229564 TIMEOUT_END
124 1 1170814280 STIM_START
124 1 1171312412 LICK
124 1 1171511656 LICK
124 1 1171649684 LICK
124 1 1171925628 LICK
124 1 1172094252 LICK
124 1 1172247608 LICK
124 1 1172431596 LICK
124 1 1172692168 LICK
124 1 1172891484 LICK
124 1 1173106080 LICK
124 1 1173320732 LICK
124 1 1173535356 LICK
124 1 1173780584 LICK
124 1 1174010588 LICK
124 1 1174087292 STIM_END_RESP_START
124 1 1174240484 LICK
124 1 1174241020 REWARD_START
124 1 1174547148 LICK
124 1 1174915016 LICK
124 1 1175053024 LICK
124 1 1175206312 LICK
124 1 1175287332 RESP_END
124 1 1174291608 REWARD_END
125 0 1177384792 STIM_START
125 0 1178807808 LICK
125 0 1178961100 LICK
125 0 1179175784 LICK
125 0 1179359712 LICK
125 0 1179497728 LICK
125 0 1179635780 LICK
125 0 1179865712 LICK
125 0 1180034332 LICK
125 0 1180187704 LICK
125 0 1180371648 LICK
125 0 1180586244 LICK
125 0 1180754936 LICK
125 0 1180938932 LICK
125 0 1181153520 LICK
125 0 1181157484 STIM_END_RESP_START
125 0 1181352824 LICK
125 0 1181353368 TIMEOUT_START
125 0 1181582768 LICK
125 0 1181583304 TIMEOUT_START
125 0 1181766744 LICK
125 0 1181767280 TIMEOUT_START
125 0 1181981380 LICK
125 0 1181981920 TIMEOUT_START
125 0 1182165356 LICK
125 0 1182165892 TIMEOUT_START
125 0 1182357528 RESP_END
125 0 1189166460 TIMEOUT_END
126 0 1190929440 STIM_START
126 0 1191023132 LICK
126 0 1191406376 LICK
126 0 1191590296 LICK
126 0 1191774288 LICK
126 0 1191973604 LICK
126 0 1192172864 LICK
126 0 1192387524 LICK
126 0 1192602112 LICK
126 0 1192816740 LICK
126 0 1193031400 LICK
126 0 1193245992 LICK
126 0 1193460656 LICK
126 0 1193690552 LICK
126 0 1193905216 LICK
126 0 1194202448 STIM_END_RESP_START
126 0 1194533572 LICK
126 0 1194534116 TIMEOUT_START
126 0 1194702204 LICK
126 0 1194702740 TIMEOUT_START
126 0 1195402496 RESP_END
126 0 1201703312 TIMEOUT_END
127 1 1204209236 STIM_START
127 1 1207482268 STIM_END_RESP_START
127 1 1208682280 RESP_END
128 0 1210759728 STIM_START
128 0 1214032756 STIM_END_RESP_START
128 0 1215232772 RESP_END
129 1 1217064316 STIM_START
129 1 1221086884 STIM_END_RESP_START
129 1 1222286900 RESP_END
130 1 1224463296 STIM_START
130 1 1227736332 STIM_END_RESP_START
130 1 1228936348 RESP_END
131 0 1231143724 STIM_START
131 0 1235166300 STIM_END_RESP_START
131 0 1236366352 RESP_END
132 1 1238550692 STIM_START
132 1 1242323404 STIM_END_RESP_START
132 1 1243523452 RESP_END
133 0 1245614884 STIM_START
133 0 1249637460 STIM_END_RESP_START
133 0 1250837500 RESP_END
134 1 1252951924 STIM_START
134 1 1256474784 STIM_END_RESP_START
134 1 1257674800 RESP_END
135 0 1259723336 STIM_START
135 0 1263246188 STIM_END_RESP_START
135 0 1264446236 RESP_END
136 1 1266232776 STIM_START
136 1 1269755628 STIM_END_RESP_START
136 1 1270955644 RESP_END
137 1 1272725304 STIM_START
137 1 1275998300 STIM_END_RESP_START
137 1 1277198352 RESP_END
138 0 1279281776 STIM_START
138 0 1283054488 STIM_END_RESP_START
138 0 1284254536 RESP_END
139 1 1286287980 STIM_START
139 1 1289810832 STIM_END_RESP_START
139 1 1291010844 RESP_END
140 0 1293239172 STIM_START
140 0 1297261748 STIM_END_RESP_START
140 0 1298461764 RESP_END
141 0 1300482268 STIM_START
141 0 1303755296 STIM_END_RESP_START
141 0 1304955308 RESP_END
142 1 1306862820 STIM_START
142 1 1310135848 STIM_END_RESP_START
142 1 1311335864 RESP_END
143 1 1313076484 STIM_START
143 1 1316349512 STIM_END_RESP_START
143 1 1317549528 RESP_END
144 0 1319483996 STIM_START
144 0 1323506568 STIM_END_RESP_START
144 0 1324706580 RESP_END
145 0 1326504216 STIM_START
145 0 1329777248 STIM_END_RESP_START
145 0 1330977256 RESP_END
146 1 1332800824 STIM_START
146 1 1336573532 STIM_END_RESP_START
146 1 1337773548 RESP_END
147 1 1340822480 STIM_START
147 1 1344595196 STIM_END_RESP_START
147 1 1345795244 RESP_END
148 0 1348179508 STIM_START
148 0 1351702356 STIM_END_RESP_START
148 0 1352902404 RESP_END
149 1 1354699004 STIM_START
149 1 1358221852 STIM_END_RESP_START
149 1 1359421864 RESP_END
150 0 1361644376 STIM_START
150 0 1364917372 STIM_END_RESP_START
150 0 1366117420 RESP_END
151 1 1368088740 STIM_START
151 1 1372111308 STIM_END_RESP_START
151 1 1373311324 RESP_END
152 0 1375283872 STIM_START
152 0 1379306440 STIM_END_RESP_START
152 0 1380506452 RESP_END
153 0 1382701956 STIM_START
153 0 1386224812 STIM_END_RESP_START
153 0 1387424860 RESP_END
154 0 1389568164 STIM_START
154 0 1392841192 STIM_END_RESP_START
154 0 1394041240 RESP_END
155 1 1396265572 STIM_START
155 1 1400038280 STIM_END_RESP_START
155 1 1401238292 RESP_END
156 0 1403182836 STIM_START
156 0 1405389248 LICK
156 0 1405542552 LICK
156 0 1405695916 LICK
156 0 1405803268 LICK
156 0 1405941256 LICK
156 0 1406094588 LICK
156 0 1406263280 LICK
156 0 1406447256 LICK
156 0 1406600548 LICK
156 0 1406705712 STIM_END_RESP_START
156 0 1407106356 LICK
156 0 1407106892 TIMEOUT_START
156 0 1407290340 LICK
156 0 1407290884 TIMEOUT_START
156 0 1407474316 LICK
156 0 1407474860 TIMEOUT_START
156 0 1407658296 LICK
156 0 1407658836 TIMEOUT_START
156 0 1407796308 LICK
156 0 1407796844 TIMEOUT_START
156 0 1407905744 RESP_END
156 0 1414797420 TIMEOUT_END
157 0 1416783464 STIM_START
157 0 1420010368 LICK
157 0 1420163700 LICK
157 0 1420332312 LICK
157 0 1420516300 LICK
157 0 1420700292 LICK
157 0 1420806020 STIM_END_RESP_START
157 0 1420884232 LICK
157 0 1420884764 TIMEOUT_START
157 0 1421068200 LICK
157 0 1421068740 TIMEOUT_START
157 0 1421252172 LICK
157 0 1421252716 TIMEOUT_START
157 0 1422006048 RESP_END
157 0 1428253272 TIMEOUT_END
158 0 1430454060 STIM_START
158 0 1434226784 STIM_END_RESP_START
158 0 1434324040 LICK
158 0 1434324572 TIMEOUT_START
158 0 1434492716 LICK
158 0 1434493260 TIMEOUT_START
158 0 1434646028 LICK
158 0 1434646568 TIMEOUT_START
158 0 1434830004 LICK
158 0 1434830540 TIMEOUT_START
158 0 1434998608 LICK
158 0 1434999152 TIMEOUT_START
158 0 1435182584 LICK
158 0 1435183128 TIMEOUT_START
158 0 1435366576 LICK
158 0 1435367112 TIMEOUT_START
158 0 1435426804 RESP_END
158 0 1442367684 TIMEOUT_END
159 1 1444221628 STIM_START
159 1 1447744484 STIM_END_RESP_START
159 1 1448791124 LICK
159 1 1448791660 REWARD_START
159 1 1448929220 LICK
159 1 1448944516 RESP_END
159 1 1448842240 REWARD_END
160 1 1452380256 STIM_START
160 1 1454094164 LICK
160 1 1454262760 LICK
160 1 1454431412 LICK
160 1 1454600092 LICK
160 1 1454799340 LICK
160 1 1454983336 LICK
160 1 1455182652 LICK
160 1 1455381912 LICK
160 1 1455581212 LICK
160 1 1455780540 LICK
160 1 1455995128 LICK
160 1 1456152980 STIM_END_RESP_START
160 1 1456179108 LICK
160 1 1456179652 REWARD_START
160 1 1456899452 LICK
160 1 1457083440 LICK
160 1 1457353016 RESP_END
160 1 1456230228 REWARD_END
161 0 1460756700 STIM_START
161 0 1463719256 LICK
161 0 1463872580 LICK
161 0 1464029728 STIM_END_RESP_START
161 0 1464041264 LICK
161 0 1464041808 TIMEOUT_START
161 0 1464225244 LICK
161 0 1464225780 TIMEOUT_START
161 0 1464424512 LICK
161 0 1464425048 TIMEOUT_START
161 0 1464623820 LICK
161 0 1464624364 TIMEOUT_START
161 0 1464823104 LICK
161 0 1464823640 TIMEOUT_START
161 0 1464991752 LICK
161 0 1464992292 TIMEOUT_START
161 0 1465206352 LICK
161 0 1465206896 TIMEOUT_START
161 0 1465229772 RESP_END
161 0 1472207468 TIMEOUT_END
162 1 1474338392 STIM_START
162 1 1477861252 STIM_END_RESP_START
162 1 1479061264 RESP_END
163 1 1483996148 STIM_START
163 1 1487519004 STIM_END_RESP_START
163 1 1488719020 RESP_END
164 0 1490492632 STIM_START
164 0 1494015484 STIM_END_RESP_START
164 0 1495215496 RESP_END
165 1 1497225088 STIM_START
165 1 1500997804 STIM_END_RESP_START
165 1 1502197816 RESP_END
166 0 1503941396 STIM_START
166 0 1507464252 STIM_END_RESP_START
166 0 1508664296 RESP_END
167 1 1510673804 STIM_START
167 1 1514196656 STIM_END_RESP_START
167 1 1515203072 LICK
167 1 1515203616 REWARD_START
167 1 1515356444 LICK
167 1 1515396672 RESP_END
167 1 1515254192 REWARD_END
168 1 1520572424 STIM_START
168 1 1523845428 STIM_END_RESP_START
168 1 1524613096 LICK
168 1 1524613640 REWARD_START
168 1 1524781828 LICK
168 1 1524935132 LICK
168 1 1525045460 RESP_END
168 1 1524664216 REWARD_END
169 0 1527470680 STIM_START
169 0 1528582616 LICK
169 0 1528735912 LICK
169 0 1528889264 LICK
169 0 1529042584 LICK
169 0 1529226536 LICK
169 0 1529410536 LICK
169 0 1529579200 LICK
169 0 1529763120 LICK
169 0 1529947152 LICK
169 0 1530131104 LICK
169 0 1530330392 LICK
169 0 1530514380 LICK
169 0 1530713632 LICK
169 0 1530912932 LICK
169 0 1530993540 STIM_END_RESP_START
169 0 1531096924 LICK
169 0 1531097464 TIMEOUT_START
169 0 1531280900 LICK
169 0 1531281444 TIMEOUT_START
169 0 1531495508 LICK
169 0 1531496044 TIMEOUT_START
169 0 1531694820 LICK
169 0 1531695360 TIMEOUT_START
169 0 1531894100 LICK
169 0 1531894640 TIMEOUT_START
169 0 1532078076 LICK
169 0 1532078620 TIMEOUT_START
169 0 1532193552 RESP_END
169 0 1539079196 TIMEOUT_END
170 1 1541227228 STIM_START
170 1 1544999948 STIM_END_RESP_START
170 1 1545004548 LICK
170 1 1545005092 REWARD_START
170 1 1545142620 LICK
170 1 1545663672 LICK
170 1 1545817032 LICK
170 1 1545970356 LICK
170 1 1546123684 LICK
170 1 1546199960 RESP_END
170 1 1545055676 REWARD_END
171 0 1556792832 STIM_START
171 0 1557864296 LICK
171 0 1558032920 LICK
171 0 1558201584 LICK
171 0 1558370264 LICK
171 0 1558584820 LICK
171 0 1558784116 LICK
171 0 1558983432 LICK
171 0 1559182680 LICK
171 0 1559382008 LICK
171 0 1559581336 LICK
171 0 1559780584 LICK
171 0 1559979900 LICK
171 0 1560194480 LICK
171 0 1560409136 LICK
171 0 1560593088 LICK
171 0 1560807688 LICK
171 0 1560815388 STIM_END_RESP_START
171 0 1561006960 LICK
171 0 1561007504 TIMEOUT_START
171 0 1561773224 LICK
171 0 1561773760 TIMEOUT_START
171 0 1562015416 RESP_END
171 0 1568774336 TIMEOUT_END
172 0 1573708720 STIM_START
172 0 1575412084 LICK
172 0 1575565388 LICK
172 0 1575734080 LICK
172 0 1575902740 LICK
172 0 1576102028 LICK
172 0 1576301348 LICK
172 0 1576500596 LICK
172 0 1576699960 LICK
172 0 1576883908 LICK
172 0 1577098504 LICK
172 0 1577231604 STIM_END_RESP_START
172 0 1577313136 LICK
172 0 1577313680 TIMEOUT_START
172 0 1577527764 LICK
172 0 1577528300 TIMEOUT_START
172 0 1577727064 LICK
172 0 1577727600 TIMEOUT_START
172 0 1577941700 LICK
172 0 1577942244 TIMEOUT_START
172 0 1578125664 LICK
172 0 1578126200 TIMEOUT_START
172 0 1578340284 LICK
172 0 1578340828 TIMEOUT_START
172 0 1578431620 RESP_END
172 0 1585341392 TIMEOUT_END
173 1 1587217416 STIM_START
173 1 1590990132 STIM_END_RESP_START
173 1 1592190148 RESP_END
174 1 1593956776 STIM_START
174 1 1596755844 LICK
174 1 1596909172 LICK
174 1 1597077788 LICK
174 1 1597261812 LICK
174 1 1597476404 LICK
174 1 1597479640 STIM_END_RESP_START
174 1 1597675704 LICK
174 1 1597676240 REWARD_START
174 1 1598166208 LICK
174 1 1598288948 LICK
174 1 1598442268 LICK
174 1 1598610912 LICK
174 1 1598679688 RESP_END
174 1 1597726824 REWARD_END
175 1 1605038772 STIM_START
175 1 1607684024 LICK
175 1 1607837352 LICK
175 1 1607990632 LICK
175 1 1608174624 LICK
175 1 1608358612 LICK
175 1 1608573200 LICK
175 1 1608772516 LICK
175 1 1608987080 LICK
175 1 1609061316 STIM_END_RESP_START
175 1 1609171064 LICK
175 1 1609171600 REWARD_START
175 1 1609401084 LICK
175 1 1609692304 LICK
175 1 1609814996 LICK
175 1 1610090896 LICK
175 1 1610261332 RESP_END
175 1 1609222180 REWARD_END
176 0 1617360116 STIM_START
176 0 1618030636 LICK
176 0 1618199292 LICK
176 0 1618352576 LICK
176 0 1618521232 LICK
176 0 1618705220 LICK
176 0 1618919808 LICK
176 0 1619134476 LICK
176 0 1619349096 LICK
176 0 1619578992 LICK
176 0 1619793652 LICK
176 0 1619977596 LICK
176 0 1620207588 LICK
176 0 1620406832 LICK
176 0 1620633116 STIM_END_RESP_START
176 0 1620636792 LICK
176 0 1620637336 TIMEOUT_START
176 0 1620851408 LICK
176 0 1620851952 TIMEOUT_START
176 0 1621050708 LICK
176 0 1621051248 TIMEOUT_START
176 0 1621250004 LICK
176 0 1621250544 TIMEOUT_START
176 0 1621479972 LICK
176 0 1621480516 TIMEOUT_START
176 0 1621694592 LICK
176 0 1621695128 TIMEOUT_START
176 0 1621833160 RESP_END
176 0 1628695704 TIMEOUT_END
177 0 1630677920 STIM_START
177 0 1633950932 STIM_END_RESP_START
177 0 1633956356 LICK
177 0 1633956900 TIMEOUT_START
177 0 1634109664 LICK
177 0 1634110200 TIMEOUT_START
177 0 1634278312 LICK
177 0 1634278856 TIMEOUT_START
177 0 1634462292 LICK
177 0 1634462836 TIMEOUT_START
177 0 1634646236 LICK
177 0 1634646772 TIMEOUT_START
177 0 1634830208 LICK
177 0 1634830748 TIMEOUT_START
177 0 1635029512 LICK
177 0 1635030056 TIMEOUT_START
177 0 1635150956 RESP_END
177 0 1642030612 TIMEOUT_END
178 0 1644208656 STIM_START
178 0 1647981364 STIM_END_RESP_START
178 0 1649181380 RESP_END
179 1 1653106800 STIM_START
179 1 1655327552 LICK
179 1 1655480832 LICK
179 1 1655649496 LICK
179 1 1655833520 LICK
179 1 1656032768 LICK
179 1 1656247392 LICK
179 1 1656462056 LICK
179 1 1656676648 LICK
179 1 1656906616 LICK
179 1 1657129356 STIM_END_RESP_START
179 1 1657504332 LICK
179 1 1657504876 REWARD_START
179 1 1657688392 LICK
179 1 1657872360 LICK
179 1 1657995036 LICK
179 1 1658117728 LICK
179 1 1658271020 LICK
179 1 1658329392 RESP_END
179 1 1657555452 REWARD_END
180 1 1661377324 STIM_START
180 1 1664477468 LICK
180 1 1664630840 LICK
180 1 1664650348 STIM_END_RESP_START
180 1 1664784132 LICK
180 1 1664784672 REWARD_START
180 1 1664952824 LICK
180 1 1665106136 LICK
180 1 1665228836 LICK
180 1 1665351504 LICK
180 1 1665489536 LICK
180 1 1665642812 LICK
180 1 1665811516 LICK
180 1 1665850392 RESP_END
180 1 1664835248 REWARD_END
181 1 1670046676 STIM_START
181 1 1672723396 LICK
181 1 1672892056 LICK
181 1 1673045336 LICK
181 1 1673229368 LICK
181 1 1673319696 STIM_END_RESP_START
181 1 1673428616 LICK
181 1 1673429160 REWARD_START
181 1 1674164356 LICK
181 1 1674519732 RESP_END
181 1 1673479740 REWARD_END
182 0 1679005812 STIM_START
182 0 1679727732 LICK
182 0 1679865776 LICK
182 0 1680019092 LICK
182 0 1680172368 LICK
182 0 1680356388 LICK
182 0 1680525064 LICK
182 0 1680708976 LICK
182 0 1680908308 LICK
182 0 1681092280 LICK
182 0 1681291564 LICK
182 0 1681490880 LICK
182 0 1681690160 LICK
182 0 1681874152 LICK
182 0 1682073464 LICK
182 0 1682272748 LICK
182 0 1682502708 LICK
182 0 1682732644 LICK
182 0 1682916572 LICK
182 0 1683028392 STIM_END_RESP_START
182 0 1683115916 LICK
182 0 1683116456 TIMEOUT_START
182 0 1683330540 LICK
182 0 1683331080 TIMEOUT_START
182 0 1683545152 LICK
182 0 1683545684 TIMEOUT_START
182 0 1683759744 LICK
182 0 1683760288 TIMEOUT_START
182 0 1684005056 LICK
182 0 1684005592 TIMEOUT_START
182 0 1684228420 RESP_END
182 0 1691006148 TIMEOUT_END
183 0 1693142220 STIM_START
183 0 1694598932 LICK
183 0 1694736920 LICK
183 0 1694936204 LICK
183 0 1695120228 LICK
183 0 1695319472 LICK
183 0 1695518772 LICK
183 0 1695718088 LICK
183 0 1695902048 LICK
183 0 1696086040 LICK
183 0 1696315952 LICK
183 0 1697164784 STIM_END_RESP_START
183 0 1698364800 RESP_END
184 0 1700418276 STIM_START
184 0 1704440848 STIM_END_RESP_START
184 0 1704514152 LICK
184 0 1704514692 TIMEOUT_START
184 0 1704682772 LICK
184 0 1704683308 TIMEOUT_START
184 0 1704836120 LICK
184 0 1704836652 TIMEOUT_START
184 0 1705020084 LICK
184 0 1705020624 TIMEOUT_START
184 0 1705219384 LICK
184 0 1705219916 TIMEOUT_START
184 0 1705403336 LICK
184 0 1705403876 TIMEOUT_START
184 0 1705602636 LICK
184 0 1705603172 TIMEOUT_START
184 0 1705640860 RESP_END
184 0 1712603732 TIMEOUT_END
185 1 1714796532 STIM_START
185 1 1718569256 STIM_END_RESP_START
185 1 1718933156 LICK
185 1 1718933700 REWARD_START
185 1 1719101912 LICK
185 1 1719255192 LICK
185 1 1719377888 LICK
185 1 1719485260 LICK
185 1 1719623224 LICK
185 1 1719769280 RESP_END
185 1 1718984280 REWARD_END
186 0 1723733668 STIM_START
186 0 1725922164 LICK
186 0 1726075444 LICK
186 0 1726228800 LICK
186 0 1726397496 LICK
186 0 1726566140 LICK
186 0 1726750096 LICK
186 0 1726934052 LICK
186 0 1727118040 LICK
186 0 1727301996 LICK
186 0 1727485988 LICK
186 0 1727506376 STIM_END_RESP_START
186 0 1727669940 LICK
186 0 1727670484 TIMEOUT_START
186 0 1727853920 LICK
186 0 1727854456 TIMEOUT_START
186 0 1728053216 LICK
186 0 1728053756 TIMEOUT_START
186 0 1728237224 LICK
186 0 1728237764 TIMEOUT_START
186 0 1728421224 LICK
186 0 1728421756 TIMEOUT_START
186 0 1728635808 LICK
186 0 1728636348 TIMEOUT_START
186 0 1728706400 RESP_END
186 0 1735636916 TIMEOUT_END
187 0 1737701132 STIM_START
187 0 1741473856 STIM_END_RESP_START
187 0 1742673896 RESP_END
188 0 1744789308 STIM_START
188 0 1748562024 STIM_END_RESP_START
188 0 1749762076 RESP_END
189 1 1751865564 STIM_START
189 1 1755138596 STIM_END_RESP_START
189 1 1756338644 RESP_END
190 0 1758149128 STIM_START
190 0 1761671980 STIM_END_RESP_START
190 0 1762871992 RESP_END
191 1 1764949392 STIM_START
191 1 1768971960 STIM_END_RESP_START
191 1 1770171972 RESP_END
192 1 1771975604 STIM_START
192 1 1775248604 STIM_END_RESP_START
192 1 1776448616 RESP_END
193 0 1778412128 STIM_START
193 0 1782184836 STIM_END_RESP_START
193 0 1783384848 RESP_END
194 0 1785444328 STIM_START
194 0 1788717368 STIM_END_RESP_START
194 0 1789917380 RESP_END
195 1 1791750924 STIM_START
195 1 1795773504 STIM_END_RESP_START
195 1 1796973548 RESP_END
196 0 1800303312 STIM_START
196 0 1804076024 STIM_END_RESP_START
196 0 1804836444 LICK
196 0 1804836984 TIMEOUT_START
196 0 1805020392 LICK
196 0 1805020928 TIMEOUT_START
196 0 1805189060 LICK
196 0 1805189600 TIMEOUT_START
196 0 1805276048 RESP_END
196 0 1812190156 TIMEOUT_END
197 0 1814059868 STIM_START
197 0 1817582732 STIM_END_RESP_START
197 0 1818782784 RESP_END
198 1 1820570376 STIM_START
198 1 1824343096 STIM_END_RESP_START
198 1 1825543140 RESP_END
199 0 1827511620 STIM_START
199 0 1831534188 STIM_END_RESP_START
199 0 1832734204 RESP_END
200 1 1834506856 STIM_START
200 1 1837779888 STIM_END_RESP_START
200 1 1838979932 RESP_END
201 1 1842450544 STIM_START
201 1 1845973400 STIM_END_RESP_START
201 1 1847173448 RESP_END
202 1 1849401800 STIM_START
202 1 1852674828 STIM_END_RESP_START
202 1 1853874876 RESP_END
203 0 1856098180 STIM_START
203 0 1860120752 STIM_END_RESP_START
203 0 1861320800 RESP_END
204 1 1863436224 STIM_START
204 1 1866959080 STIM_END_RESP_START
204 1 1868159092 RESP_END
205 0 1870035676 STIM_START
205 0 1874058252 STIM_END_RESP_START
205 0 1875258260 RESP_END
206 1 1877110832 STIM_START
206 1 1880633684 STIM_END_RESP_START
206 1 1881833696 RESP_END
207 0 1883745260 STIM_START
207 0 1887268120 STIM_END_RESP_START
207 0 1888468136 RESP_END
208 0 1890556672 STIM_START
208 0 1894079532 STIM_END_RESP_START
208 0 1895279576 RESP_END
209 0 1897249972 STIM_START
209 0 1900772824 STIM_END_RESP_START
209 0 1901972836 RESP_END
210 1 1904187212 STIM_START
210 1 1907959928 STIM_END_RESP_START
210 1 1909159980 RESP_END
211 1 1910998572 STIM_START
211 1 1915021140 STIM_END_RESP_START
211 1 1916221156 RESP_END
212 0 1918396552 STIM_START
212 0 1922169264 STIM_END_RESP_START
212 0 1923369280 RESP_END
213 0 1925313816 STIM_START
213 0 1929086528 STIM_END_RESP_START
213 0 1930286540 RESP_END
214 0 1932266064 STIM_START
214 0 1936038776 STIM_END_RESP_START
214 0 1937238824 RESP_END
215 1 1939013416 STIM_START
215 1 1942536276 STIM_END_RESP_START
215 1 1943736328 RESP_END
216 1 1945749784 STIM_START
216 1 1949772352 STIM_END_RESP_START
216 1 1950972368 RESP_END
217 0 1952973900 STIM_START
217 0 1956746608 STIM_END_RESP_START
217 0 1957946624 RESP_END
218 0 1960154008 STIM_START
218 0 1964176584 STIM_END_RESP_START
218 0 1965376600 RESP_END
219 1 1967540016 STIM_START
219 1 1970813052 STIM_END_RESP_START
219 1 1972013104 RESP_END
220 1 1974105548 STIM_START
220 1 1977628404 STIM_END_RESP_START
220 1 1978828412 RESP_END
221 0 1980784896 STIM_START
221 0 1984557604 STIM_END_RESP_START
221 0 1985757616 RESP_END
222 1 1987644168 STIM_START
222 1 1990917204 STIM_END_RESP_START
222 1 1992117252 RESP_END
223 0 1994072688 STIM_START
223 0 1997345720 STIM_END_RESP_START
223 0 1998545732 RESP_END
224 0 2000317388 STIM_START
224 0 2003840248 STIM_END_RESP_START
224 0 2005040256 RESP_END
225 1 2007053688 STIM_START
225 1 2011076256 STIM_END_RESP_START
225 1 2012276272 RESP_END
226 0 2014165856 STIM_START
226 0 2017688712 STIM_END_RESP_START
226 0 2018888764 RESP_END
227 0 2020925216 STIM_START
227 0 2024448072 STIM_END_RESP_START
227 0 2025648112 RESP_END
228 0 2027563624 STIM_START
228 0 2031086472 STIM_END_RESP_START
228 0 2032286488 RESP_END
229 1 2034046188 STIM_START
229 1 2038068760 STIM_END_RESP_START
229 1 2039268808 RESP_END
230 0 2041009364 STIM_START
230 0 2044782076 STIM_END_RESP_START
230 0 2045982088 RESP_END
231 0 2047918632 STIM_START
231 0 2051691344 STIM_END_RESP_START
231 0 2052891392 RESP_END
232 0 2054650024 STIM_START
232 0 2057923056 STIM_END_RESP_START
232 0 2059123100 RESP_END
233 1 2060925612 STIM_START
233 1 2064198640 STIM_END_RESP_START
233 1 2065398688 RESP_END
234 1 2067614000 STIM_START
234 1 2071136852 STIM_END_RESP_START
234 1 2072336900 RESP_END
235 1 2074500296 STIM_START
235 1 2077773328 STIM_END_RESP_START
235 1 2078973340 RESP_END
236 0 2081111708 STIM_START
236 0 2085134276 STIM_END_RESP_START
236 0 2086334288 RESP_END
237 1 2088546708 STIM_START
237 1 2092069560 STIM_END_RESP_START
237 1 2093269572 RESP_END
238 0 2095128152 STIM_START
238 0 2098900864 STIM_END_RESP_START
238 0 2100100912 RESP_END
239 0 2101986444 STIM_START
239 0 2105759152 STIM_END_RESP_START
239 0 2106959200 RESP_END
240 1 2109153580 STIM_START
240 1 2112676432 STIM_END_RESP_START
240 1 2113876440 RESP_END
241 0 2115632104 STIM_START
241 0 2119404820 STIM_END_RESP_START
241 0 2120604868 RESP_END
242 1 2122588324 STIM_START
242 1 2126361032 STIM_END_RESP_START
242 1 2127561044 RESP_END
243 1 2129616536 STIM_START
243 1 2133639104 STIM_END_RESP_START
243 1 2134839116 RESP_END
244 0 2136846676 STIM_START
244 0 2140869248 STIM_END_RESP_START
244 0 2142069296 RESP_END
245 1 2144091716 STIM_START
245 1 2147614568 STIM_END_RESP_START
245 1 2148814584 RESP_END
246 0 2150827088 STIM_START
246 0 2154349940 STIM_END_RESP_START
246 0 2155549988 RESP_END
247 1 2157480552 STIM_START
247 1 2161253264 STIM_END_RESP_START
247 1 2162453312 RESP_END
248 1 2164430756 STIM_START
248 1 2167953616 STIM_END_RESP_START
248 1 2169153664 RESP_END
249 0 2171320032 STIM_START
249 0 2175342608 STIM_END_RESP_START
249 0 2176542616 RESP_END
250 0 2178729048 STIM_START
250 0 2182002076 STIM_END_RESP_START
250 0 2183202088 RESP_END
251 0 2185105584 STIM_START
251 0 2189128152 STIM_END_RESP_START
251 0 2190328200 RESP_END
252 1 2192132824 STIM_START
252 1 2196155396 STIM_END_RESP_START
252 1 2197355440 RESP_END
253 0 2199492816 STIM_START
253 0 2203515388 STIM_END_RESP_START
253 0 2204715400 RESP_END
254 0 2206699940 STIM_START
254 0 2210472652 STIM_END_RESP_START
254 0 2211672664 RESP_END
255 0 2213443324 STIM_START
255 0 2216966184 STIM_END_RESP_START
255 0 2218166224 RESP_END
256 1 2220062708 STIM_START
256 1 2223585568 STIM_END_RESP_START
256 1 2224785580 RESP_END
257 1 2226555208 STIM_START
257 1 2230577780 STIM_END_RESP_START
257 1 2231777792 RESP_END
258 0 2233768312 STIM_START
258 0 2237790880 STIM_END_RESP_START
258 0 2238990892 RESP_END
259 0 2241171344 STIM_START
259 0 2244444340 STIM_END_RESP_START
259 0 2245644352 RESP_END
260 0 2247533884 STIM_START
260 0 2251056736 STIM_END_RESP_START
260 0 2252256752 RESP_END
261 1 2254297332 STIM_START
261 1 2258319900 STIM_END_RESP_START
261 1 2259519916 RESP_END
262 0 2261372408 STIM_START
262 0 2264895296 STIM_END_RESP_START
262 0 2266095312 RESP_END
263 1 2268252700 STIM_START
263 1 2272275268 STIM_END_RESP_START
263 1 2273475280 RESP_END
264 0 2275277900 STIM_START
264 0 2278550932 STIM_END_RESP_START
264 0 2279750944 RESP_END
265 0 2281660492 STIM_START
265 0 2285683060 STIM_END_RESP_START
265 0 2286883076 RESP_END
266 0 2288785616 STIM_START
266 0 2292058644 STIM_END_RESP_START
266 0 2293258660 RESP_END
267 1 2295001260 STIM_START
267 1 2298274292 STIM_END_RESP_START
267 1 2299474304 RESP_END
268 1 2301409828 STIM_START
268 1 2305432400 STIM_END_RESP_START
268 1 2306632416 RESP_END
269 1 2308597940 STIM_START
269 1 2312370652 STIM_END_RESP_START
269 1 2313570664 RESP_END
270 0 2315479204 STIM_START
270 0 2319002056 STIM_END_RESP_START
270 0 2320202104 RESP_END
271 0 2322083668 STIM_START
271 0 2326106244 STIM_END_RESP_START
271 0 2327306296 RESP_END
272 0 2329238816 STIM_START
272 0 2332761668 STIM_END_RESP_START
272 0 2333961716 RESP_END
273 1 2335916168 STIM_START
273 1 2339688880 STIM_END_RESP_START
273 1 2340888892 RESP_END
274 0 2343083324 STIM_START
274 0 2346606176 STIM_END_RESP_START
274 0 2347806192 RESP_END
275 1 2349687736 STIM_START
275 1 2353460456 STIM_END_RESP_START
275 1 2354660468 RESP_END
276 1 2356476140 STIM_START
276 1 2359998992 STIM_END_RESP_START
276 1 2361199008 RESP_END
277 1 2363188436 STIM_START
277 1 2367211004 STIM_END_RESP_START
277 1 2368411020 RESP_END
278 0 2370344596 STIM_START
278 0 2373867448 STIM_END_RESP_START
278 0 2375067464 RESP_END
279 1 2377284844 STIM_START
279 1 2381057552 STIM_END_RESP_START
279 1 2382257564 RESP_END
280 0 2384376020 STIM_START
280 0 2388148732 STIM_END_RESP_START
280 0 2389348744 RESP_END
281 1 2396527448 STIM_START
281 1 2398539620 LICK
281 1 2398692904 LICK
281 1 2398846224 LICK
281 1 2399014924 LICK
281 1 2399198888 LICK
281 1 2399382808 LICK
281 1 2399566796 LICK
281 1 2399766060 LICK
281 1 2399950052 LICK
281 1 2400180020 LICK
281 1 2400300172 STIM_END_RESP_START
281 1 2400363972 LICK
281 1 2400364508 REWARD_START
281 1 2400593976 LICK
281 1 2400777980 LICK
281 1 2400931292 LICK
281 1 2401069316 LICK
281 1 2401222624 LICK
281 1 2401391280 LICK
281 1 2401500196 RESP_END
281 1 2400415092 REWARD_END
282 1 2404090444 STIM_START
282 1 2405191976 LICK
282 1 2405375988 LICK
282 1 2405544612 LICK
282 1 2405713228 LICK
282 1 2405897260 LICK
282 1 2406096500 LICK
282 1 2406295792 LICK
282 1 2406495112 LICK
282 1 2406694360 LICK
282 1 2406908988 LICK
282 1 2407093012 LICK
282 1 2407322908 LICK
282 1 2407363440 STIM_END_RESP_START
282 1 2407522208 LICK
282 1 2407522752 REWARD_START
282 1 2407767520 LICK
282 1 2408166080 LICK
282 1 2408319384 LICK
282 1 2408563460 RESP_END
282 1 2407573328 REWARD_END
283 1 2411773252 STIM_START
283 1 2413775076 LICK
283 1 2413913112 LICK
283 1 2414066424 LICK
283 1 2414250344 LICK
283 1 2414449680 LICK
283 1 2414633664 LICK
283 1 2414832916 LICK
283 1 2415032244 LICK
283 1 2415046252 STIM_END_RESP_START
283 1 2415216192 LICK
283 1 2415216736 REWARD_START
283 1 2415415584 LICK
283 1 2415584224 LICK
283 1 2415706904 LICK
283 1 2415829580 LICK
283 1 2416013484 LICK
283 1 2416197492 LICK
283 1 2416246276 RESP_END
283 1 2415267312 REWARD_END
284 0 2419251184 STIM_START
284 0 2420488592 LICK
284 0 2420657216 LICK
284 0 2420856572 LICK
284 0 2421086468 LICK
284 0 2421285788 LICK
284 0 2421485036 LICK
284 0 2421653700 LICK
284 0 2421837688 LICK
284 0 2422052276 LICK
284 0 2422236272 LICK
284 0 2422450892 LICK
284 0 2422524196 STIM_END_RESP_START
284 0 2422665476 LICK
284 0 2422666012 TIMEOUT_START
284 0 2422849448 LICK
284 0 2422849992 TIMEOUT_START
284 0 2423064080 LICK
284 0 2423064620 TIMEOUT_START
284 0 2423278684 LICK
284 0 2423279220 TIMEOUT_START
284 0 2423508624 LICK
284 0 2423509168 TIMEOUT_START
284 0 2423723248 LICK
284 0 2423723784 TIMEOUT_START
284 0 2423724352 RESP_END
284 0 2430724356 TIMEOUT_END
285 0 2435981152 STIM_START
285 0 2436688312 LICK
285 0 2436841640 LICK
285 0 2437025664 LICK
285 0 2437224928 LICK
285 0 2439254184 STIM_END_RESP_START
285 0 2439385632 LICK
285 0 2439386172 TIMEOUT_START
285 0 2439569608 LICK
285 0 2439570144 TIMEOUT_START
285 0 2439784212 LICK
285 0 2439784752 TIMEOUT_START
285 0 2440014164 LICK
285 0 2440014700 TIMEOUT_START
285 0 2440454224 RESP_END
285 0 2447015260 TIMEOUT_END
286 0 2448970120 STIM_START
286 0 2451813532 LICK
286 0 2451951564 LICK
286 0 2452104884 LICK
286 0 2452273512 LICK
286 0 2452472848 LICK
286 0 2452672168 LICK
286 0 2452871432 LICK
286 0 2452992696 STIM_END_RESP_START
286 0 2453055412 LICK
286 0 2453055956 TIMEOUT_START
286 0 2453254720 LICK
286 0 2453255264 TIMEOUT_START
286 0 2453423360 LICK
286 0 2453423900 TIMEOUT_START
286 0 2453637968 LICK
286 0 2453638512 TIMEOUT_START
286 0 2453852596 LICK
286 0 2453853132 TIMEOUT_START
286 0 2454192728 RESP_END
286 0 2460853700 TIMEOUT_END
287 1 2464275876 STIM_START
287 1 2464364700 LICK
287 1 2464763216 LICK
287 1 2465468208 LICK
287 1 2466065924 LICK
287 1 2466357232 LICK
287 1 2466709696 LICK
287 1 2467046908 LICK
287 1 2467184920 LICK
287 1 2468048592 STIM_END_RESP_START
287 1 2468196316 LICK
287 1 2468196860 REWARD_START
287 1 2468380392 LICK
287 1 2468549000 LICK
287 1 2468809640 LICK
287 1 2468947636 LICK
287 1 2469085592 LICK
287 1 2469248628 RESP_END
287 1 2468247436 REWARD_END
288 1 2471399068 STIM_START
288 1 2472794068 LICK
288 1 2472947400 LICK
288 1 2473115988 LICK
288 1 2473284644 LICK
288 1 2473468668 LICK
288 1 2473652600 LICK
288 1 2473821224 LICK
288 1 2474020544 LICK
288 1 2474204496 LICK
288 1 2474388492 LICK
288 1 2474587808 LICK
288 1 2474787036 LICK
288 1 2474921936 STIM_END_RESP_START
288 1 2474986380 LICK
288 1 2474986924 REWARD_START
288 1 2475170416 LICK
288 1 2476121964 RESP_END
288 1 2475037500 REWARD_END
289 1 2481221704 STIM_START
289 1 2484748420 LICK
289 1 2484886484 LICK
289 1 2485039800 LICK
289 1 2485239052 LICK
289 1 2485244244 STIM_END_RESP_START
289 1 2485438352 LICK
289 1 2485438900 REWARD_START
289 1 2485622420 LICK
289 1 2485791024 LICK
289 1 2485913704 LICK
289 1 2486036412 LICK
289 1 2486174396 LICK
289 1 2486343020 LICK
289 1 2486444280 RESP_END
289 1 2485489480 REWARD_END
290 0 2492175788 STIM_START
290 0 2492749788 LICK
290 0 2492918420 LICK
290 0 2493071700 LICK
290 0 2493240364 LICK
290 0 2493470328 LICK
290 0 2493715528 LICK
290 0 2493914848 LICK
290 0 2494129440 LICK
290 0 2494344068 LICK
290 0 2494543320 LICK
290 0 2494773292 LICK
290 0 2494972584 LICK
290 0 2495187176 LICK
290 0 2495386508 LICK
290 0 2495631712 LICK
290 0 2495846372 LICK
290 0 2496076284 LICK
290 0 2496198344 STIM_END_RESP_START
290 0 2496275588 LICK
290 0 2496276124 TIMEOUT_START
290 0 2496520832 LICK
290 0 2496521372 TIMEOUT_START
290 0 2496781388 LICK
290 0 2496781924 TIMEOUT_START
290 0 2497072636 LICK
290 0 2497073180 TIMEOUT_START
290 0 2497398368 RESP_END
290 0 2504073740 TIMEOUT_END
291 0 2506010308 STIM_START
291 0 2510032876 STIM_END_RESP_START
291 0 2511232892 RESP_END
292 1 2514553724 STIM_START
292 1 2517143444 LICK
292 1 2517281480 LICK
292 1 2517434760 LICK
292 1 2517603420 LICK
292 1 2517818044 LICK
292 1 2517826752 STIM_END_RESP_START
292 1 2518002024 LICK
292 1 2518002560 REWARD_START
292 1 2518216720 LICK
292 1 2518400692 LICK
292 1 2518508060 LICK
292 1 2518645996 LICK
292 1 2518784040 LICK
292 1 2518937364 LICK
292 1 2519026788 RESP_END
292 1 2518053144 REWARD_END
293 0 2521491960 STIM_START
293 0 2522186292 LICK
293 0 2522339620 LICK
293 0 2522492980 LICK
293 0 2522661596 LICK
293 0 2522830212 LICK
293 0 2523014204 LICK
293 0 2523198192 LICK
293 0 2523366808 LICK
293 0 2523566140 LICK
293 0 2523734820 LICK
293 0 2523918740 LICK
293 0 2524118076 LICK
293 0 2524317368 LICK
293 0 2524485980 LICK
293 0 2524685296 LICK
293 0 2524884620 LICK
293 0 2525083868 LICK
293 0 2525264676 STIM_END_RESP_START
293 0 2525267864 LICK
293 0 2525268404 TIMEOUT_START
293 0 2525451856 LICK
293 0 2525452400 TIMEOUT_START
293 0 2525666460 LICK
293 0 2525667000 TIMEOUT_START
293 0 2525896412 LICK
293 0 2525896956 TIMEOUT_START
293 0 2526464696 RESP_END
293 0 2532897520 TIMEOUT_END
294 0 2535026668 STIM_START
294 0 2539049244 STIM_END_RESP_START
294 0 2540249260 RESP_END
295 1 2542185776 STIM_START
295 1 2545708628 STIM_END_RESP_START
295 1 2546908644 RESP_END
296 0 2551798568 STIM_START
296 0 2555571288 STIM_END_RESP_START
296 0 2556771340 RESP_END
297 0 2558722848 STIM_START
297 0 2562245708 STIM_END_RESP_START
297 0 2563445748 RESP_END
298 0 2565421232 STIM_START
298 0 2568694260 STIM_END_RESP_START
298 0 2569894272 RESP_END
299 1 2571902804 STIM_START
299 1 2575425660 STIM_END_RESP_START
299 1 2576625712 RESP_END
300 1 2578621104 STIM_START
300 1 2582143956 STIM_END_RESP_START
300 1 2583343972 RESP_END
301 0 2585154584 STIM_START
301 0 2589177152 STIM_END_RESP_START
301 0 2590377168 RESP_END
302 0 2592416660 STIM_START
302 0 2596189376 STIM_END_RESP_START
302 0 2597389388 RESP_END
303 1 2599353940 STIM_START
303 1 2603126648 STIM_END_RESP_START
303 1 2604326664 RESP_END
304 1 2606349220 STIM_START
304 1 2610121940 STIM_END_RESP_START
304 1 2611321952 RESP_END
305 0 2613069556 STIM_START
305 0 2616342556 STIM_END_RESP_START
305 0 2617542604 RESP_END
306 1 2619374104 STIM_START
306 1 2623396676 STIM_END_RESP_START
306 1 2624596724 RESP_END
307 1 2626455344 STIM_START
307 1 2630228060 STIM_END_RESP_START
307 1 2631428108 RESP_END
308 0 2633345564 STIM_START
308 0 2636618592 STIM_END_RESP_START
308 0 2637818640 RESP_END
309 1 2639802080 STIM_START
309 1 2643075116 STIM_END_RESP_START
309 1 2644275156 RESP_END
310 1 2646318576 STIM_START
310 1 2649591604 STIM_END_RESP_START
310 1 2650791620 RESP_END
311 0 2652782076 STIM_START
311 0 2656554784 STIM_END_RESP_START
311 0 2657754796 RESP_END
312 0 2659859260 STIM_START
312 0 2663132296 STIM_END_RESP_START
312 0 2664332344 RESP_END
313 1 2666418716 STIM_START
313 1 2670191428 STIM_END_RESP_START
313 1 2671391440 RESP_END
314 0 2673588840 STIM_START
314 0 2676861872 STIM_END_RESP_START
314 0 2678061884 RESP_END
315 0 2680212264 STIM_START
315 0 2684234840 STIM_END_RESP_START
315 0 2685434892 RESP_END
316 1 2687570296 STIM_START
316 1 2691093148 STIM_END_RESP_START
316 1 2692293196 RESP_END
317 0 2694420616 STIM_START
317 0 2698193324 STIM_END_RESP_START
317 0 2699393336 RESP_END
318 0 2701370912 STIM_START
318 0 2705143620 STIM_END_RESP_START
318 0 2706343632 RESP_END
319 0 2708410060 STIM_START
319 0 2712432628 STIM_END_RESP_START
319 0 2713632644 RESP_END
320 1 2715762076 STIM_START
320 1 2719784648 STIM_END_RESP_START
320 1 2720984696 RESP_END
321 0 2722976212 STIM_START
321 0 2726998784 STIM_END_RESP_START
321 0 2728198792 RESP_END
322 1 2730366200 STIM_START
322 1 2734138908 STIM_END_RESP_START
322 1 2735338920 RESP_END
323 0 2737181612 STIM_START
323 0 2740954328 STIM_END_RESP_START
323 0 2742154340 RESP_END
324 1 2744181744 STIM_START
324 1 2747454744 STIM_END_RESP_START
324 1 2748654792 RESP_END
325 0 2750786176 STIM_START
325 0 2754309028 STIM_END_RESP_START
325 0 2755509040 RESP_END
326 1 2757686516 STIM_START
326 1 2761209404 STIM_END_RESP_START
326 1 2762409452 RESP_END
327 1 2764329864 STIM_START
327 1 2767852724 STIM_END_RESP_START
327 1 2769052736 RESP_END
328 1 2771111200 STIM_START
328 1 2774634048 STIM_END_RESP_START
328 1 2775834064 RESP_END
329 0 2777874576 STIM_START
329 0 2781147608 STIM_END_RESP_START
329 0 2782347624 RESP_END
330 0 2784325068 STIM_START
330 0 2787598096 STIM_END_RESP_START
330 0 2788798108 RESP_END
331 1 2790950492 STIM_START
331 1 2794473340 STIM_END_RESP_START
331 1 2795673356 RESP_END
332 1 2797766812 STIM_START
332 1 2801039844 STIM_END_RESP_START
332 1 2802239856 RESP_END
333 1 2804098452 STIM_START
333 1 2807621304 STIM_END_RESP_START
333 1 2808821316 RESP_END
334 0 2810881732 STIM_START
334 0 2814654440 STIM_END_RESP_START
334 0 2815854456 RESP_END
335 1 2817940004 STIM_START
335 1 2821213036 STIM_END_RESP_START
335 1 2822413048 RESP_END
336 1 2824180556 STIM_START
336 1 2827953272 STIM_END_RESP_START
336 1 2829153320 RESP_END
337 1 2831103848 STIM_START
337 1 2834626712 STIM_END_RESP_START
337 1 2835826760 RESP_END
338 0 2837661284 STIM_START
338 0 2841683852 STIM_END_RESP_START
338 0 2842883900 RESP_END
USER_EXIT