001 1 0028910156 STIM_START
001 1 0028930636 LICK
001 1 0031131784 LICK
001 1 0031315356 LICK
001 1 0031453092 LICK
001 1 0031728404 LICK
001 1 0032183180 STIM_END_RESP_START
001 1 0032676536 LICK
001 1 0032676980 REWARD_START
001 1 0033383216 RESP_END
001 1 0032727448 REWARD_END
002 0 0080022716 STIM_START
002 0 0083545608 STIM_END_RESP_START
002 0 0084745656 RESP_END
003 0 0086945028 STIM_START
003 0 0090717776 STIM_END_RESP_START
003 0 0091917792 RESP_END
004 0 0093759380 STIM_START
004 0 0097532100 STIM_END_RESP_START
004 0 0098732116 RESP_END
005 1 0100654696 STIM_START
005 1 0103927744 STIM_END_RESP_START
005 1 0105127776 RESP_END
006 0 0107138244 STIM_START
006 0 0110661112 STIM_END_RESP_START
006 0 0111861144 RESP_END
007 0 0113841664 STIM_START
007 0 0117614392 STIM_END_RESP_START
007 0 0118814424 RESP_END
008 1 0120750948 STIM_START
008 1 0124273824 STIM_END_RESP_START
008 1 0124830500 LICK
008 1 0124830996 REWARD_START
008 1 0125473852 RESP_END
008 1 0124881508 REWARD_END
009 1 0127433376 STIM_START
009 1 0130956248 STIM_END_RESP_START
009 1 0132156280 RESP_END
010 0 0134339676 STIM_START
010 0 0138112408 STIM_END_RESP_START
010 0 0139312436 RESP_END
011 0 0142093572 STIM_START
011 0 0145366620 STIM_END_RESP_START
011 0 0146566652 RESP_END
012 0 0148613112 STIM_START
012 0 0152135988 STIM_END_RESP_START
012 0 0153336020 RESP_END
013 1 0155304456 STIM_START
013 1 0159077188 STIM_END_RESP_START
013 1 0160277220 RESP_END
014 0 0162198844 STIM_START
014 0 0165471860 STIM_END_RESP_START
014 0 0166671888 RESP_END
015 1 0168548388 STIM_START
015 1 0172570976 STIM_END_RESP_START
015 1 0173771008 RESP_END
016 0 0175879476 STIM_START
016 0 0179902064 STIM_END_RESP_START
016 0 0181102096 RESP_END
017 1 0183273524 STIM_START
017 1 0187296112 STIM_END_RESP_START
017 1 0188496144 RESP_END
018 0 0190388740 STIM_START
018 0 0194411332 STIM_END_RESP_START
018 0 0195611364 RESP_END
019 0 0197745844 STIM_START
019 0 0201018892 STIM_END_RESP_START
019 0 0202218924 RESP_END
020 1 0204301276 STIM_START
020 1 0208074016 STIM_END_RESP_START
020 1 0209274048 RESP_END
021 1 0215545268 STIM_START
021 1 0219318000 STIM_END_RESP_START
021 1 0220183344 LICK
021 1 0220183836 REWARD_START
021 1 0220518028 RESP_END
021 1 0220234352 REWARD_END
022 0 0227209028 STIM_START
022 0 0231231624 STIM_END_RESP_START
022 0 0232053156 LICK
022 0 0232053640 TIMEOUT_START
022 0 0232431664 RESP_END
022 0 0239054144 TIMEOUT_END
023 1 0241225552 STIM_START
023 1 0244748428 STIM_END_RESP_START
023 1 0245369792 LICK
023 1 0245370288 REWARD_START
023 1 0245843972 LICK
023 1 0245948464 RESP_END
023 1 0245420804 REWARD_END
024 0 0256987164 STIM_START
024 0 0257007692 LICK
024 0 0257226008 LICK
024 0 0261009736 STIM_END_RESP_START
024 0 0262209768 RESP_END
025 1 0264343164 STIM_START
025 1 0267866036 STIM_END_RESP_START
025 1 0268905096 LICK
025 1 0268905588 REWARD_START
025 1 0269066068 RESP_END
025 1 0268956100 REWARD_END
026 0 0274365884 STIM_START
026 0 0276262544 LICK
026 0 0277073120 LICK
026 0 0277379108 LICK
026 0 0277638920 STIM_END_RESP_START
026 0 0278036780 LICK
026 0 0278037264 TIMEOUT_START
026 0 0278373380 LICK
026 0 0278373872 TIMEOUT_START
026 0 0278832224 LICK
026 0 0278832712 TIMEOUT_START
026 0 0278838968 RESP_END
026 0 0285833228 TIMEOUT_END
027 0 0287949568 STIM_START
027 0 0291722316 STIM_END_RESP_START
027 0 0292922340 RESP_END
028 1 0294668948 STIM_START
028 1 0298441680 STIM_END_RESP_START
028 1 0299417432 LICK
028 1 0299417932 REWARD_START
028 1 0299641700 RESP_END
028 1 0299468444 REWARD_END
029 1 0304656596 STIM_START
029 1 0307929648 STIM_END_RESP_START
029 1 0309129680 RESP_END
030 1 0311574004 STIM_START
030 1 0315346736 STIM_END_RESP_START
030 1 0316546768 RESP_END
031 0 0318947008 STIM_START
031 0 0322719740 STIM_END_RESP_START
031 0 0323919772 RESP_END
032 1 0325781336 STIM_START
032 1 0329054356 STIM_END_RESP_START
032 1 0330254388 RESP_END
033 1 0332243844 STIM_START
033 1 0335766724 STIM_END_RESP_START
033 1 0336939012 LICK
033 1 0336939500 REWARD_START
033 1 0336990048 RESP_END
033 1 0336990012 REWARD_END
034 1 0342312480 STIM_START
034 1 0345585500 STIM_END_RESP_START
034 1 0346785536 RESP_END
035 0 0348656224 STIM_START
035 0 0352678812 STIM_END_RESP_START
035 0 0353878840 RESP_END
036 1 0355675396 STIM_START
036 1 0359697988 STIM_END_RESP_START
036 1 0360599324 LICK
036 1 0360599816 REWARD_START
036 1 0360898028 RESP_END
036 1 0360650332 REWARD_END
037 0 0366028792 STIM_START
037 0 0367697232 LICK
037 0 0367880888 LICK
037 0 0368079804 LICK
037 0 0368278752 LICK
037 0 0368523524 LICK
037 0 0369058848 LICK
037 0 0369227152 LICK
037 0 0369410804 LICK
037 0 0369670876 LICK
037 0 0369869752 LICK
037 0 0370051380 STIM_END_RESP_START
037 0 0370068628 LICK
037 0 0370069116 TIMEOUT_START
037 0 0370313400 LICK
037 0 0370313888 TIMEOUT_START
037 0 0370558200 LICK
037 0 0370558688 TIMEOUT_START
037 0 0370772344 LICK
037 0 0370772832 TIMEOUT_START
037 0 0371001828 LICK
037 0 0371002316 TIMEOUT_START
037 0 0371231388 LICK
037 0 0371231880 TIMEOUT_START
037 0 0371251404 RESP_END
037 0 0378232392 TIMEOUT_END
038 0 0380393204 STIM_START
038 0 0383916092 STIM_END_RESP_START
038 0 0385116120 RESP_END
039 0 0390471784 STIM_START
039 0 0393994656 STIM_END_RESP_START
039 0 0394874932 LICK
039 0 0394875420 TIMEOUT_START
039 0 0395194696 RESP_END
039 0 0401875924 TIMEOUT_END
040 1 0403847564 STIM_START
040 1 0407204556 LICK
040 1 0407556324 LICK
040 1 0407620284 STIM_END_RESP_START
040 1 0407739968 LICK
040 1 0407740464 REWARD_START
040 1 0407923644 LICK
040 1 0408820300 RESP_END
040 1 0407790980 REWARD_END
041 0 0418055964 STIM_START
041 0 0421578852 STIM_END_RESP_START
041 0 0421965480 LICK
041 0 0421965976 TIMEOUT_START
041 0 0422348004 LICK
041 0 0422348492 TIMEOUT_START
041 0 0422669220 LICK
041 0 0422669712 TIMEOUT_START
041 0 0422778884 RESP_END
041 0 0429670212 TIMEOUT_END
042 1 0431537792 STIM_START
042 1 0435560384 STIM_END_RESP_START
042 1 0436428496 LICK
042 1 0436428992 REWARD_START
042 1 0436760424 RESP_END
042 1 0436479504 REWARD_END
043 1 0439635456 STIM_START
043 1 0441950020 LICK
043 1 0442133580 LICK
043 1 0442347736 LICK
043 1 0442990128 LICK
043 1 0443189096 LICK
043 1 0443372664 LICK
043 1 0443571544 LICK
043 1 0443658056 STIM_END_RESP_START
043 1 0443785748 LICK
043 1 0443786236 REWARD_START
043 1 0443984728 LICK
043 1 0444305920 LICK
043 1 0444443660 LICK
043 1 0444858084 RESP_END
043 1 0443836756 REWARD_END
044 0 0451405188 STIM_START
044 0 0454003092 LICK
044 0 0454186704 LICK
044 0 0454385584 LICK
044 0 0454630340 LICK
044 0 0454844456 LICK
044 0 0455012780 LICK
044 0 0455211772 LICK
044 0 0455425956 LICK
044 0 0455427756 STIM_END_RESP_START
044 0 0455624804 LICK
044 0 0455625292 TIMEOUT_START
044 0 0455854268 LICK
044 0 0455854756 TIMEOUT_START
044 0 0456160196 LICK
044 0 0456160692 TIMEOUT_START
044 0 0456627780 RESP_END
044 0 0463161196 TIMEOUT_END
045 1 0464931960 STIM_START
045 1 0468454832 STIM_END_RESP_START
045 1 0469104076 LICK
045 1 0469104564 REWARD_START
045 1 0469501844 LICK
045 1 0469654872 RESP_END
045 1 0469155084 REWARD_END
046 1 0472990576 STIM_START
046 1 0476763320 STIM_END_RESP_START
046 1 0477963352 RESP_END
047 1 0481765892 STIM_START
047 1 0485538624 STIM_END_RESP_START
047 1 0486738656 RESP_END
048 0 0490083448 STIM_START
048 0 0494106040 STIM_END_RESP_START
048 0 0495306068 RESP_END
049 1 0497465504 STIM_START
049 1 0500988376 STIM_END_RESP_START
049 1 0502188412 RESP_END
050 1 0504212976 STIM_START
050 1 0507485988 STIM_END_RESP_START
050 1 0508458232 LICK
050 1 0508458720 REWARD_START
050 1 0508686036 RESP_END
050 1 0508509244 REWARD_END
051 0 0511895856 STIM_START
051 0 0515918456 STIM_END_RESP_START
051 0 0516671444 LICK
051 0 0516671936 TIMEOUT_START
051 0 0517038592 LICK
051 0 0517039080 TIMEOUT_START
051 0 0517118476 RESP_END
051 0 0524039596 TIMEOUT_END
052 0 0526048240 STIM_START
052 0 0529321264 STIM_END_RESP_START
052 0 0530521296 RESP_END
053 0 0532627696 STIM_START
053 0 0536650284 STIM_END_RESP_START
053 0 0537850316 RESP_END
054 1 0539970860 STIM_START
054 1 0543743592 STIM_END_RESP_START
054 1 0544943628 RESP_END
055 0 0546710232 STIM_START
055 0 0549983252 STIM_END_RESP_START
055 0 0551183280 RESP_END
056 1 0553380620 STIM_START
056 1 0557153356 STIM_END_RESP_START
056 1 0558353380 RESP_END
057 1 0560137984 STIM_START
057 1 0564160580 STIM_END_RESP_START
057 1 0565360604 RESP_END
058 1 0567206272 STIM_START
058 1 0570979004 STIM_END_RESP_START
058 1 0572179036 RESP_END
059 0 0574080556 STIM_START
059 0 0577603428 STIM_END_RESP_START
059 0 0578803456 RESP_END
060 0 0580609096 STIM_START
060 0 0584381828 STIM_END_RESP_START
060 0 0585581860 RESP_END
061 1 0587637312 STIM_START
061 1 0591659904 STIM_END_RESP_START
061 1 0592859936 RESP_END
062 0 0594871484 STIM_START
062 0 0598894072 STIM_END_RESP_START
062 0 0600094108 RESP_END
063 0 0601872688 STIM_START
063 0 0605145740 STIM_END_RESP_START
063 0 0606345772 RESP_END
064 1 0608504124 STIM_START
064 1 0612276856 STIM_END_RESP_START
064 1 0613259424 LICK
064 1 0613259912 REWARD_START
064 1 0613476880 RESP_END
064 1 0613310448 REWARD_END
065 0 0619250380 STIM_START
065 0 0623023120 STIM_END_RESP_START
065 0 0624223148 RESP_END
066 0 0625967772 STIM_START
066 0 0629240828 STIM_END_RESP_START
066 0 0629992172 LICK
066 0 0629992664 TIMEOUT_START
066 0 0630420472 LICK
066 0 0630420968 TIMEOUT_START
066 0 0630440856 RESP_END
066 0 0637421472 TIMEOUT_END
067 0 0639646524 STIM_START
067 0 0643308744 LICK
067 0 0643461796 LICK
067 0 0643669088 STIM_END_RESP_START
067 0 0643966560 LICK
067 0 0643967056 TIMEOUT_START
067 0 0644119640 LICK
067 0 0644120128 TIMEOUT_START
067 0 0644333836 LICK
067 0 0644334324 TIMEOUT_START
067 0 0644517440 LICK
067 0 0644517936 TIMEOUT_START
067 0 0644869112 RESP_END
067 0 0651518448 TIMEOUT_END
068 1 0653264232 STIM_START
068 1 0656537284 STIM_END_RESP_START
068 1 0656917480 LICK
068 1 0656917972 REWARD_START
068 1 0657559872 LICK
068 1 0657737312 RESP_END
068 1 0656968488 REWARD_END
069 1 0659963680 STIM_START
069 1 0663736420 STIM_END_RESP_START
069 1 0664936444 RESP_END
070 1 0667925332 STIM_START
070 1 0668174972 LICK
070 1 0668419776 LICK
070 1 0668542184 LICK
070 1 0668679936 LICK
070 1 0668970656 LICK
070 1 0669123636 LICK
070 1 0669276652 LICK
070 1 0669750832 LICK
070 1 0669919152 LICK
070 1 0670806168 LICK
070 1 0671280424 LICK
070 1 0671947900 STIM_END_RESP_START
070 1 0673147932 RESP_END
071 0 0678845488 STIM_START
071 0 0682618228 STIM_END_RESP_START
071 0 0683516164 LICK
071 0 0683516652 TIMEOUT_START
071 0 0683818252 RESP_END
071 0 0690517156 TIMEOUT_END
072 1 0692520268 STIM_START
072 1 0696542864 STIM_END_RESP_START
072 1 0697172464 LICK
072 1 0697172952 REWARD_START
072 1 0697371408 LICK
072 1 0697742892 RESP_END
072 1 0697223472 REWARD_END
073 1 0700327020 STIM_START
073 1 0704099752 STIM_END_RESP_START
073 1 0704544792 LICK
073 1 0704545280 REWARD_START
073 1 0704850816 LICK
073 1 0705156788 LICK
073 1 0705299792 RESP_END
073 1 0704595792 REWARD_END
074 0 0707681092 STIM_START
074 0 0710647772 LICK
074 0 0710953688 LICK
074 0 0711137308 LICK
074 0 0711203988 STIM_END_RESP_START
074 0 0711382116 LICK
074 0 0711382604 TIMEOUT_START
074 0 0711626916 LICK
074 0 0711627408 TIMEOUT_START
074 0 0711825824 LICK
074 0 0711826312 TIMEOUT_START
074 0 0712040044 LICK
074 0 0712040536 TIMEOUT_START
074 0 0712223672 LICK
074 0 0712224168 TIMEOUT_START
074 0 0712404036 RESP_END
074 0 0719224672 TIMEOUT_END
075 0 0721054908 STIM_START
075 0 0724577784 STIM_END_RESP_START
075 0 0725504188 LICK
075 0 0725504676 TIMEOUT_START
075 0 0725657220 LICK
075 0 0725657716 TIMEOUT_START
075 0 0725777804 RESP_END
075 0 0732658228 TIMEOUT_END
076 1 0734659700 STIM_START
076 1 0738182572 STIM_END_RESP_START
076 1 0739382604 RESP_END
077 1 0741122176 STIM_START
077 1 0744894904 STIM_END_RESP_START
077 1 0746094936 RESP_END
078 1 0748312328 STIM_START
078 1 0749506360 LICK
078 1 0751035696 LICK
078 1 0751249872 LICK
078 1 0751418244 LICK
078 1 0751647736 LICK
078 1 0751938460 LICK
078 1 0752213884 LICK
078 1 0752334900 STIM_END_RESP_START
078 1 0752489228 LICK
078 1 0752489724 REWARD_START
078 1 0752688200 LICK
078 1 0752887128 LICK
078 1 0753131932 LICK
078 1 0753534936 RESP_END
078 1 0752540240 REWARD_END
079 0 0757940172 STIM_START
079 0 0760703412 LICK
079 0 0760994132 LICK
079 0 0761213224 STIM_END_RESP_START
079 0 0761238964 LICK
079 0 0761239452 TIMEOUT_START
079 0 0761468448 LICK
079 0 0761468944 TIMEOUT_START
079 0 0761682632 LICK
079 0 0761683128 TIMEOUT_START
079 0 0761912132 LICK
079 0 0761912628 TIMEOUT_START
079 0 0762413264 RESP_END
079 0 0768913136 TIMEOUT_END
080 0 0770799292 STIM_START
080 0 0774322164 STIM_END_RESP_START
080 0 0775522196 RESP_END
081 0 0777589704 STIM_START
081 0 0778742468 LICK
081 0 0779109676 LICK
081 0 0779813224 LICK
081 0 0779920432 LICK
081 0 0780862732 STIM_END_RESP_START
081 0 0781113404 LICK
081 0 0781113892 TIMEOUT_START
081 0 0781771056 LICK
081 0 0781771544 TIMEOUT_START
081 0 0781908852 LICK
081 0 0781909348 TIMEOUT_START
081 0 0782062764 RESP_END
081 0 0788909856 TIMEOUT_END
082 1 0790832560 STIM_START
082 1 0794355436 STIM_END_RESP_START
082 1 0795555468 RESP_END
083 0 0798270600 STIM_START
083 0 0801793476 STIM_END_RESP_START
083 0 0802993504 RESP_END
084 1 0804950032 STIM_START
084 1 0808722760 STIM_END_RESP_START
084 1 0809620092 LICK
084 1 0809620588 REWARD_START
084 1 0809864956 LICK
084 1 0809922800 RESP_END
084 1 0809671100 REWARD_END
085 1 0812737912 STIM_START
085 1 0813780864 LICK
085 1 0814025648 LICK
085 1 0814178676 LICK
085 1 0814469412 LICK
085 1 0814744764 LICK
085 1 0815387312 LICK
085 1 0815739124 LICK
085 1 0815953348 LICK
085 1 0816121712 LICK
085 1 0816260804 STIM_END_RESP_START
085 1 0816335932 LICK
085 1 0816336424 REWARD_START
085 1 0816519588 LICK
085 1 0816932696 LICK
085 1 0817070440 LICK
085 1 0817208224 LICK
085 1 0817345940 LICK
085 1 0817460828 RESP_END
085 1 0816386952 REWARD_END
086 1 0819654280 STIM_START
086 1 0821613460 LICK
086 1 0821781772 LICK
086 1 0821965432 LICK
086 1 0822133752 LICK
086 1 0822730300 LICK
086 1 0822913948 LICK
086 1 0823082232 LICK
086 1 0823427004 STIM_END_RESP_START
086 1 0823663492 LICK
086 1 0823663988 REWARD_START
086 1 0823893088 LICK
086 1 0824092080 LICK
086 1 0824214568 LICK
086 1 0824337008 LICK
086 1 0824490028 LICK
086 1 0824627048 RESP_END
086 1 0823714504 REWARD_END
087 0 0826617468 STIM_START
087 0 0827274156 LICK
087 0 0827427176 LICK
087 0 0827595524 LICK
087 0 0827763836 LICK
087 0 0828130968 LICK
087 0 0828681600 LICK
087 0 0828865264 LICK
087 0 0829048884 LICK
087 0 0829232416 LICK
087 0 0829706624 LICK
087 0 0829890488 STIM_END_RESP_START
087 0 0829920904 LICK
087 0 0829921396 TIMEOUT_START
087 0 0830089272 LICK
087 0 0830089760 TIMEOUT_START
087 0 0830272896 LICK
087 0 0830273384 TIMEOUT_START
087 0 0830487116 LICK
087 0 0830487612 TIMEOUT_START
087 0 0830838960 LICK
087 0 0830839452 TIMEOUT_START
087 0 0831053168 LICK
087 0 0831053656 TIMEOUT_START
087 0 0831090500 RESP_END
087 0 0838054164 TIMEOUT_END
088 0 0840227196 STIM_START
088 0 0843999932 STIM_END_RESP_START
088 0 0844748888 LICK
088 0 0844749376 TIMEOUT_START
088 0 0844932552 LICK
088 0 0844933040 TIMEOUT_START
088 0 0845131480 LICK
088 0 0845131972 TIMEOUT_START
088 0 0845199964 RESP_END
088 0 0852132484 TIMEOUT_END
089 1 0854155792 STIM_START
089 1 0857678668 STIM_END_RESP_START
089 1 0858319828 LICK
089 1 0858320324 REWARD_START
089 1 0858457668 LICK
089 1 0858878700 RESP_END
089 1 0858370836 REWARD_END
090 0 0863662664 STIM_START
090 0 0865066016 LICK
090 0 0865249632 LICK
090 0 0865433280 LICK
090 0 0865632208 LICK
090 0 0865815828 LICK
090 0 0866381864 LICK
090 0 0866534884 LICK
090 0 0866935680 STIM_END_RESP_START
090 0 0867009084 LICK
090 0 0867009580 TIMEOUT_START
090 0 0867238608 LICK
090 0 0867239100 TIMEOUT_START
090 0 0867468124 LICK
090 0 0867468620 TIMEOUT_START
090 0 0867667064 LICK
090 0 0867667552 TIMEOUT_START
090 0 0867865996 LICK
090 0 0867866484 TIMEOUT_START
090 0 0868080188 LICK
090 0 0868080684 TIMEOUT_START
090 0 0868135704 RESP_END
090 0 0875081192 TIMEOUT_END
091 0 0876868540 STIM_START
091 0 0880689932 LICK
091 0 0880873588 LICK
091 0 0880891128 STIM_END_RESP_START
091 0 0881072536 LICK
091 0 0881073024 TIMEOUT_START
091 0 0881256124 LICK
091 0 0881256616 TIMEOUT_START
091 0 0881822084 LICK
091 0 0881822572 TIMEOUT_START
091 0 0882036316 LICK
091 0 0882036812 TIMEOUT_START
091 0 0882091148 RESP_END
091 0 0889037320 TIMEOUT_END
092 1 0891246932 STIM_START
092 1 0895019672 STIM_END_RESP_START
092 1 0895492396 LICK
092 1 0895492888 REWARD_START
092 1 0895660808 LICK
092 1 0896219712 RESP_END
092 1 0895543408 REWARD_END
093 0 0899955200 STIM_START
093 0 0902238856 LICK
093 0 0902422468 LICK
093 0 0902621364 LICK
093 0 0902835588 LICK
093 0 0903233348 LICK
093 0 0903977768 STIM_END_RESP_START
093 0 0904013424 LICK
093 0 0904013916 TIMEOUT_START
093 0 0904197036 LICK
093 0 0904197528 TIMEOUT_START
093 0 0904395944 LICK
093 0 0904396436 TIMEOUT_START
093 0 0904610188 LICK
093 0 0904610676 TIMEOUT_START
093 0 0904824432 LICK
093 0 0904824924 TIMEOUT_START
093 0 0905176312 LICK
093 0 0905176804 TIMEOUT_START
093 0 0905177800 RESP_END
093 0 0912177308 TIMEOUT_END
094 1 0914265524 STIM_START
094 1 0918260408 LICK
094 1 0918288120 STIM_END_RESP_START
094 1 0919178064 LICK
094 1 0919178560 REWARD_START
094 1 0919361768 LICK
094 1 0919488136 RESP_END
094 1 0919229076 REWARD_END
095 0 0922784964 STIM_START
095 0 0923920844 LICK
095 0 0924257480 LICK
095 0 0924456384 LICK
095 0 0924685876 LICK
095 0 0924946036 LICK
095 0 0925160236 LICK
095 0 0925359140 LICK
095 0 0925542756 LICK
095 0 0925741700 LICK
095 0 0926307836 STIM_END_RESP_START
095 0 0926353628 LICK
095 0 0926354116 TIMEOUT_START
095 0 0926537280 LICK
095 0 0926537776 TIMEOUT_START
095 0 0926797372 LICK
095 0 0926797864 TIMEOUT_START
095 0 0926996288 LICK
095 0 0926996780 TIMEOUT_START
095 0 0927210512 LICK
095 0 0927211004 TIMEOUT_START
095 0 0927440052 LICK
095 0 0927440540 TIMEOUT_START
095 0 0927507876 RESP_END
095 0 0934441056 TIMEOUT_END
096 1 0936576632 STIM_START
096 1 0939849644 STIM_END_RESP_START
096 1 0941049676 RESP_END
097 1 0942810256 STIM_START
097 1 0946083272 STIM_END_RESP_START
097 1 0947283304 RESP_END
098 1 0949238828 STIM_START
098 1 0953261420 STIM_END_RESP_START
098 1 0954461456 RESP_END
099 0 0956651848 STIM_START
099 0 0960674440 STIM_END_RESP_START
099 0 0961874468 RESP_END
100 1 0963906972 STIM_START
100 1 0967929560 STIM_END_RESP_START
100 1 0969129592 RESP_END
101 1 0970874236 STIM_START
101 1 0974147288 STIM_END_RESP_START
101 1 0975347320 RESP_END
102 1 0977562680 STIM_START
102 1 0981085552 STIM_END_RESP_START
102 1 0982285588 RESP_END
103 0 0984096164 STIM_START
103 0 0988118752 STIM_END_RESP_START
103 0 0989318784 RESP_END
104 0 0991149416 STIM_START
104 0 0994672292 STIM_END_RESP_START
104 0 0995872324 RESP_END
105 0 0997725864 STIM_START
105 0 1001248736 STIM_END_RESP_START
105 0 1002448784 RESP_END
106 1 1004301404 STIM_START
106 1 1008323972 STIM_END_RESP_START
106 1 1009524020 RESP_END
107 0 1011267632 STIM_START
107 0 1015040380 STIM_END_RESP_START
107 0 1016240428 RESP_END
108 0 1018207928 STIM_START
108 0 1022230500 STIM_END_RESP_START
108 0 1023430512 RESP_END
109 0 1026907288 STIM_START
109 0 1030680036 STIM_END_RESP_START
109 0 1031880084 RESP_END
110 1 1034059460 STIM_START
110 1 1037582356 STIM_END_RESP_START
110 1 1038634340 LICK
110 1 1038634876 REWARD_START
110 1 1038782368 RESP_END
110 1 1038685460 REWARD_END
111 0 1042004272 STIM_START
111 0 1045277312 STIM_END_RESP_START
111 0 1046053220 LICK
111 0 1046053756 TIMEOUT_START
111 0 1046252136 LICK
111 0 1046252676 TIMEOUT_START
111 0 1046477356 RESP_END
111 0 1053253240 TIMEOUT_END
112 1 1054996256 STIM_START
112 1 1058519152 STIM_END_RESP_START
112 1 1059719200 RESP_END
113 0 1062318388 STIM_START
113 0 1065591416 STIM_END_RESP_START
113 0 1066791428 RESP_END
114 1 1068941868 STIM_START
114 1 1072464756 STIM_END_RESP_START
114 1 1073664804 RESP_END
115 1 1075827092 STIM_START
115 1 1079100120 STIM_END_RESP_START
115 1 1080300136 RESP_END
116 1 1082245756 STIM_START
116 1 1086018504 STIM_END_RESP_START
116 1 1087218552 RESP_END
117 0 1089446812 STIM_START
117 0 1093469388 STIM_END_RESP_START
117 0 1094669396 RESP_END
118 0 1096796872 STIM_START
118 0 1100569624 STIM_END_RESP_START
118 0 1101769668 RESP_END
119 0 1103813204 STIM_START
119 0 1107086236 STIM_END_RESP_START
119 0 1108286248 RESP_END
120 1 1110246684 STIM_START
120 1 1114019428 STIM_END_RESP_START
120 1 1115219444 RESP_END
121 0 1117468896 STIM_START
121 0 1121491464 STIM_END_RESP_START
121 0 1122524220 LICK
121 0 1122524756 TIMEOUT_START
121 0 1122691512 RESP_END
121 0 1129525324 TIMEOUT_END
122 1 1131434368 STIM_START
122 1 1134957260 STIM_END_RESP_START
122 1 1136157272 RESP_END
123 1 1138223716 STIM_START
123 1 1141996424 STIM_END_RESP_START
123 1 1143196440 RESP_END
124 0 1145271008 STIM_START
124 0 1149293588 STIM_END_RESP_START
124 0 1150493592 RESP_END
125 0 1152281292 STIM_START
125 0 1155554328 STIM_END_RESP_START
125 0 1156754372 RESP_END
126 1 1158491976 STIM_START
126 1 1161765012 STIM_END_RESP_START
126 1 1162965060 RESP_END
127 0 1165063456 STIM_START
127 0 1168586344 STIM_END_RESP_START
127 0 1169786392 RESP_END
128 1 1171765760 STIM_START
128 1 1175038788 STIM_END_RESP_START
128 1 1176238804 RESP_END
129 0 1178138364 STIM_START
129 0 1181911076 STIM_END_RESP_START
129 0 1183111120 RESP_END
130 0 1185055708 STIM_START
130 0 1188328744 STIM_END_RESP_START
130 0 1189528792 RESP_END
131 1 1191308340 STIM_START
131 1 1194831228 STIM_END_RESP_START
131 1 1196031244 RESP_END
132 0 1197774888 STIM_START
132 0 1201547636 STIM_END_RESP_START
132 0 1202747684 RESP_END
133 1 1204747128 STIM_START
133 1 1208270024 STIM_END_RESP_START
133 1 1209470072 RESP_END
134 1 1211543544 STIM_START
134 1 1215066440 STIM_END_RESP_START
134 1 1216266452 RESP_END
135 1 1218236012 STIM_START
135 1 1222258580 STIM_END_RESP_START
135 1 1223458628 RESP_END
136 0 1225325212 STIM_START
136 0 1229347784 STIM_END_RESP_START
136 0 1230547796 RESP_END
137 0 1232733228 STIM_START
137 0 1236006256 STIM_END_RESP_START
137 0 1237206268 RESP_END
138 0 1239308700 STIM_START
138 0 1243081448 STIM_END_RESP_START
138 0 1244281460 RESP_END
139 1 1246394872 STIM_START
139 1 1250417444 STIM_END_RESP_START
139 1 1251617492 RESP_END
140 1 1253715980 STIM_START
140 1 1257238872 STIM_END_RESP_START
140 1 1258438884 RESP_END
141 1 1260207456 STIM_START
141 1 1264230024 STIM_END_RESP_START
141 1 1265430040 RESP_END
142 0 1267627488 STIM_START
142 0 1271150376 STIM_END_RESP_START
142 0 1272350392 RESP_END
143 1 1274130068 STIM_START
143 1 1277652956 STIM_END_RESP_START
143 1 1278852972 RESP_END
144 0 1280794444 STIM_START
144 0 1284567160 STIM_END_RESP_START
144 0 1285767208 RESP_END
145 0 1287642808 STIM_START
145 0 1291415564 STIM_END_RESP_START
145 0 1292615604 RESP_END
146 1 1294466132 STIM_START
146 1 1298488700 STIM_END_RESP_START
146 1 1299688748 RESP_END
147 0 1301440428 STIM_START
147 0 1305463004 STIM_END_RESP_START
147 0 1306663020 RESP_END
148 1 1308492696 STIM_START
148 1 1311765732 STIM_END_RESP_START
148 1 1312965744 RESP_END
149 1 1314960220 STIM_START
149 1 1316027152 LICK
149 1 1316195480 LICK
149 1 1316776812 LICK
149 1 1317021732 LICK
149 1 1317144180 LICK
149 1 1318483092 STIM_END_RESP_START
149 1 1319683108 RESP_END
150 0 1339304180 STIM_START
150 0 1343326760 STIM_END_RESP_START
150 0 1344526768 RESP_END
151 1 1346486356 STIM_START
151 1 1350508924 STIM_END_RESP_START
151 1 1351708972 RESP_END
152 1 1353814440 STIM_START
152 1 1357337324 STIM_END_RESP_START
152 1 1358537336 RESP_END
153 1 1360296968 STIM_START
153 1 1364319536 STIM_END_RESP_START
153 1 1365519544 RESP_END
154 0 1367752972 STIM_START
154 0 1371775540 STIM_END_RESP_START
154 0 1372975552 RESP_END
155 0 1374906120 STIM_START
155 0 1378429016 STIM_END_RESP_START
155 0 1379629064 RESP_END
156 0 1381485560 STIM_START
156 0 1385008456 STIM_END_RESP_START
156 0 1386208504 RESP_END
157 1 1388347928 STIM_START
157 1 1391870820 STIM_END_RESP_START
157 1 1393070868 RESP_END
158 1 1395061368 STIM_START
158 1 1398834076 STIM_END_RESP_START
158 1 1400034088 RESP_END
159 1 1402026572 STIM_START
159 1 1405549464 STIM_END_RESP_START
159 1 1406749472 RESP_END
160 0 1408894964 STIM_START
160 0 1412917540 STIM_END_RESP_START
160 0 1414117552 RESP_END
161 0 1416186096 STIM_START
161 0 1419708988 STIM_END_RESP_START
161 0 1419743276 LICK
161 0 1419743812 TIMEOUT_START
161 0 1420003396 LICK
161 0 1420003932 TIMEOUT_START
161 0 1420248180 LICK
161 0 1420248716 TIMEOUT_START
161 0 1420676556 LICK
161 0 1420677096 TIMEOUT_START
161 0 1420909032 RESP_END
161 0 1427677664 TIMEOUT_END
162 1 1429431956 STIM_START
162 1 1433454528 STIM_END_RESP_START
162 1 1434654540 RESP_END
163 0 1436576176 STIM_START
163 0 1439849204 STIM_END_RESP_START
163 0 1441049252 RESP_END
164 1 1442889800 STIM_START
164 1 1446912368 STIM_END_RESP_START
164 1 1448112416 RESP_END
165 1 1450335828 STIM_START
165 1 1454108576 STIM_END_RESP_START
165 1 1455308624 RESP_END
166 0 1457525880 STIM_START
166 0 1461298592 STIM_END_RESP_START
166 0 1462498604 RESP_END
167 1 1464295268 STIM_START
167 1 1468067988 STIM_END_RESP_START
167 1 1469268036 RESP_END
168 1 1471089632 STIM_START
168 1 1474862348 STIM_END_RESP_START
168 1 1476062360 RESP_END
169 0 1478261840 STIM_START
169 0 1482034588 STIM_END_RESP_START
169 0 1483234600 RESP_END
170 1 1485409020 STIM_START
170 1 1488931916 STIM_END_RESP_START
170 1 1490131960 RESP_END
171 0 1492142420 STIM_START
171 0 1496164988 STIM_END_RESP_START
171 0 1497365004 RESP_END
172 0 1499244564 STIM_START
172 0 1503017276 STIM_END_RESP_START
172 0 1504217288 RESP_END
173 0 1507347256 STIM_START
173 0 1510870148 STIM_END_RESP_START
173 0 1512070196 RESP_END
174 1 1513911752 STIM_START
174 1 1517934324 STIM_END_RESP_START
174 1 1519134336 RESP_END
175 1 1521133848 STIM_START
175 1 1524656736 STIM_END_RESP_START
175 1 1525856748 RESP_END
176 0 1527616460 STIM_START
176 0 1531389216 STIM_END_RESP_START
176 0 1532589228 RESP_END
177 0 1534783600 STIM_START
177 0 1538806172 STIM_END_RESP_START
177 0 1540006220 RESP_END
178 0 1542277600 STIM_START
178 0 1546300168 STIM_END_RESP_START
178 0 1547500216 RESP_END
179 1 1549356752 STIM_START
179 1 1552879648 STIM_END_RESP_START
179 1 1554079692 RESP_END
180 1 1555957212 STIM_START
180 1 1559979784 STIM_END_RESP_START
180 1 1561179800 RESP_END
181 0 1563340260 STIM_START
181 0 1567362832 STIM_END_RESP_START
181 0 1568562844 RESP_END
182 0 1570681364 STIM_START
182 0 1574204256 STIM_END_RESP_START
182 0 1575404268 RESP_END
183 0 1577417800 STIM_START
183 0 1580940692 STIM_END_RESP_START
183 0 1582140704 RESP_END
184 1 1584344016 STIM_START
184 1 1587617052 STIM_END_RESP_START
184 1 1588817100 RESP_END
185 1 1590788612 STIM_START
185 1 1594311504 STIM_END_RESP_START
185 1 1595511520 RESP_END
186 0 1597387044 STIM_START
186 0 1601409616 STIM_END_RESP_START
186 0 1602609664 RESP_END
187 0 1604442272 STIM_START
187 0 1608464840 STIM_END_RESP_START
187 0 1609664852 RESP_END
188 0 1611543492 STIM_START
188 0 1615066388 STIM_END_RESP_START
188 0 1616266436 RESP_END
189 1 1618444772 STIM_START
189 1 1621967664 STIM_END_RESP_START
189 1 1623167676 RESP_END
190 0 1625416072 STIM_START
190 0 1629188820 STIM_END_RESP_START
190 0 1630388868 RESP_END
191 0 1632377384 STIM_START
191 0 1635900276 STIM_END_RESP_START
191 0 1637100288 RESP_END
192 0 1639285684 STIM_START
192 0 1642808580 STIM_END_RESP_START
192 0 1644008628 RESP_END
193 1 1645917084 STIM_START
193 1 1649190120 STIM_END_RESP_START
193 1 1650390132 RESP_END
USER_EXIT