001 1 0004269288 STIM_START
001 1 0004369756 LICK
001 1 0004538024 LICK
001 1 0004736852 LICK
001 1 0006647744 LICK
001 1 0006800680 LICK
001 1 0006984216 LICK
001 1 0008291860 STIM_END_RESP_START
001 1 0009491888 RESP_END
002 0 0011506380 STIM_START
002 0 0015528952 STIM_END_RESP_START
002 0 0016729000 RESP_END
003 1 0018722500 STIM_START
003 1 0022245396 STIM_END_RESP_START
003 1 0023445400 RESP_END
004 0 0025227008 STIM_START
004 0 0028749868 STIM_END_RESP_START
004 0 0029949912 RESP_END
005 1 0032157280 STIM_START
005 1 0035680132 STIM_END_RESP_START
005 1 0036880180 RESP_END
006 0 0038757728 STIM_START
006 0 0042425320 LICK
006 0 0042562940 LICK
006 0 0042715960 LICK
006 0 0042780288 STIM_END_RESP_START
006 0 0042884200 LICK
006 0 0042884640 TIMEOUT_START
006 0 0043980332 RESP_END
006 0 0049885096 TIMEOUT_END
007 0 0051674768 STIM_START
007 0 0054947800 STIM_END_RESP_START
007 0 0056147816 RESP_END
008 0 0058028376 STIM_START
008 0 0060464436 LICK
008 0 0060617396 LICK
008 0 0060755056 LICK
008 0 0061551272 STIM_END_RESP_START
008 0 0062751288 RESP_END
009 1 0064886688 STIM_START
009 1 0068159728 STIM_END_RESP_START
009 1 0069359736 RESP_END
010 1 0071294216 STIM_START
010 1 0074567252 STIM_END_RESP_START
010 1 0075767300 RESP_END
011 0 0077814712 STIM_START
011 0 0081087752 STIM_END_RESP_START
011 0 0082287768 RESP_END
012 1 0084238256 STIM_START
012 1 0087761116 STIM_END_RESP_START
012 1 0088961128 RESP_END
013 1 0090921664 STIM_START
013 1 0094944232 STIM_END_RESP_START
013 1 0096144248 RESP_END
014 1 0098271712 STIM_START
014 1 0102294284 STIM_END_RESP_START
014 1 0103494320 RESP_END
015 0 0105219972 STIM_START
015 0 0108742848 STIM_END_RESP_START
015 0 0109942876 RESP_END
016 0 0111902372 STIM_START
016 0 0115924924 STIM_END_RESP_START
016 0 0117124952 RESP_END
017 1 0118985588 STIM_START
017 1 0122258604 STIM_END_RESP_START
017 1 0123458636 RESP_END
018 1 0125689016 STIM_START
018 1 0129711604 STIM_END_RESP_START
018 1 0130911636 RESP_END
019 0 0132739160 STIM_START
019 0 0136012172 STIM_END_RESP_START
019 0 0137212200 RESP_END
020 1 0139261656 STIM_START
020 1 0143034392 STIM_END_RESP_START
020 1 0144234420 RESP_END
021 0 0146316864 STIM_START
021 0 0149839736 STIM_END_RESP_START
021 0 0151039764 RESP_END
022 1 0152795372 STIM_START
022 1 0156568100 STIM_END_RESP_START
022 1 0157768132 RESP_END
023 0 0159556804 STIM_START
023 0 0163329536 STIM_END_RESP_START
023 0 0164529568 RESP_END
024 0 0166615940 STIM_START
024 0 0170638500 STIM_END_RESP_START
024 0 0171838528 RESP_END
025 1 0173570204 STIM_START
025 1 0177093072 STIM_END_RESP_START
025 1 0178293104 RESP_END
026 0 0180464484 STIM_START
026 0 0184237220 STIM_END_RESP_START
026 0 0185437252 RESP_END
027 0 0187456732 STIM_START
027 0 0191479280 STIM_END_RESP_START
027 0 0192679312 RESP_END
028 0 0194621888 STIM_START
028 0 0198644476 STIM_END_RESP_START
028 0 0199844508 RESP_END
029 1 0201897008 STIM_START
029 1 0203249184 LICK
029 1 0203402184 LICK
029 1 0203555116 LICK
029 1 0205919580 STIM_END_RESP_START
029 1 0207119612 RESP_END
030 0 0209033184 STIM_START
030 0 0212805884 STIM_END_RESP_START
030 0 0214005912 RESP_END
031 1 0216134308 STIM_START
031 1 0219657180 STIM_END_RESP_START
031 1 0220857212 RESP_END
032 1 0222756764 STIM_START
032 1 0226779324 STIM_END_RESP_START
032 1 0227979356 RESP_END
033 1 0229758976 STIM_START
033 1 0233031996 STIM_END_RESP_START
033 1 0234232028 RESP_END
034 0 0236397432 STIM_START
034 0 0239920308 STIM_END_RESP_START
034 0 0241120340 RESP_END
035 0 0243079808 STIM_START
035 0 0246352820 STIM_END_RESP_START
035 0 0247552852 RESP_END
036 1 0249515352 STIM_START
036 1 0253038224 STIM_END_RESP_START
036 1 0254238256 RESP_END
037 0 0256223736 STIM_START
037 0 0259746604 STIM_END_RESP_START
037 0 0260946636 RESP_END
038 0 0277427328 STIM_START
038 0 0277459288 LICK
038 0 0277658104 LICK
038 0 0279630252 LICK
038 0 0279752692 LICK
038 0 0280165500 LICK
038 0 0280318504 LICK
038 0 0280471468 LICK
038 0 0281200036 STIM_END_RESP_START
038 0 0282400068 RESP_END
039 1 0284475536 STIM_START
039 1 0286862276 LICK
039 1 0286999956 LICK
039 1 0287748552 STIM_END_RESP_START
039 1 0288948584 RESP_END
040 0 0291092976 STIM_START
040 0 0294615844 STIM_END_RESP_START
040 0 0295815876 RESP_END
041 0 0297558504 STIM_START
041 0 0299396936 LICK
041 0 0301081384 STIM_END_RESP_START
041 0 0302281416 RESP_END
042 0 0304404812 STIM_START
042 0 0308427404 STIM_END_RESP_START
042 0 0309627436 RESP_END
043 1 0311445028 STIM_START
043 1 0315217756 STIM_END_RESP_START
043 1 0316417788 RESP_END
044 0 0318457256 STIM_START
044 0 0322479812 STIM_END_RESP_START
044 0 0323679844 RESP_END
045 1 0325420512 STIM_START
045 1 0328693528 STIM_END_RESP_START
045 1 0329893560 RESP_END
046 1 0332026972 STIM_START
046 1 0335799700 STIM_END_RESP_START
046 1 0336999732 RESP_END
047 1 0338964232 STIM_START
047 1 0342986788 STIM_END_RESP_START
047 1 0344186812 RESP_END
048 0 0346090396 STIM_START
048 0 0350112952 STIM_END_RESP_START
048 0 0351312984 RESP_END
049 1 0353039656 STIM_START
049 1 0356562528 STIM_END_RESP_START
049 1 0357762556 RESP_END
050 0 0359916956 STIM_START
050 0 0363189968 STIM_END_RESP_START
050 0 0364198460 LICK
050 0 0364198952 TIMEOUT_START
050 0 0364390012 RESP_END
050 0 0371199452 TIMEOUT_END
051 1 0373306740 STIM_START
051 1 0377079472 STIM_END_RESP_START
051 1 0378279508 RESP_END
052 0 0380011204 STIM_START
052 0 0383783932 STIM_END_RESP_START
052 0 0384983968 RESP_END
053 0 0386910424 STIM_START
053 0 0389089548 LICK
053 0 0389853984 LICK
053 0 0389961080 LICK
053 0 0390433280 STIM_END_RESP_START
053 0 0391633312 RESP_END
054 0 0395843620 STIM_START
054 0 0399116632 STIM_END_RESP_START
054 0 0400316664 RESP_END
055 1 0402319128 STIM_START
055 1 0405842008 STIM_END_RESP_START
055 1 0407042032 RESP_END
056 0 0409031508 STIM_START
056 0 0412804244 STIM_END_RESP_START
056 0 0414004276 RESP_END
057 1 0416038812 STIM_START
057 1 0419811548 STIM_END_RESP_START
057 1 0421011576 RESP_END
058 1 0423240936 STIM_START
058 1 0427263524 STIM_END_RESP_START
058 1 0428463556 RESP_END
059 0 0430619904 STIM_START
059 0 0433892916 STIM_END_RESP_START
059 0 0435092948 RESP_END
060 1 0437069452 STIM_START
060 1 0440842180 STIM_END_RESP_START
060 1 0442042208 RESP_END
061 1 0444216600 STIM_START
061 1 0447989332 STIM_END_RESP_START
061 1 0449189368 RESP_END
062 1 0451285788 STIM_START
062 1 0455058524 STIM_END_RESP_START
062 1 0456258548 RESP_END
063 0 0458178080 STIM_START
063 0 0462200632 STIM_END_RESP_START
063 0 0463400664 RESP_END
064 0 0465413236 STIM_START
064 0 0469185964 STIM_END_RESP_START
064 0 0470385996 RESP_END
065 0 0472183608 STIM_START
065 0 0475956308 STIM_END_RESP_START
065 0 0477156332 RESP_END
066 1 0479361680 STIM_START
066 1 0482884552 STIM_END_RESP_START
066 1 0484084580 RESP_END
067 1 0486282960 STIM_START
067 1 0489555980 STIM_END_RESP_START
067 1 0490756008 RESP_END
068 0 0492844424 STIM_START
068 0 0496867012 STIM_END_RESP_START
068 0 0498067044 RESP_END
069 0 0499849652 STIM_START
069 0 0503372524 STIM_END_RESP_START
069 0 0504572556 RESP_END
070 0 0506767916 STIM_START
070 0 0510540648 STIM_END_RESP_START
070 0 0511740680 RESP_END
071 1 0513510320 STIM_START
071 1 0517033200 STIM_END_RESP_START
071 1 0518233232 RESP_END
072 1 0520112812 STIM_START
072 1 0523385824 STIM_END_RESP_START
072 1 0524585856 RESP_END
073 1 0526327412 STIM_START
073 1 0529600424 STIM_END_RESP_START
073 1 0530800456 RESP_END
074 0 0532606032 STIM_START
074 0 0536628580 STIM_END_RESP_START
074 0 0537828612 RESP_END
075 1 0539624248 STIM_START
075 1 0543396988 STIM_END_RESP_START
075 1 0544597016 RESP_END
076 0 0546452576 STIM_START
076 0 0550225304 STIM_END_RESP_START
076 0 0551425340 RESP_END
077 1 0553472800 STIM_START
077 1 0557495356 STIM_END_RESP_START
077 1 0558695380 RESP_END
078 0 0560497048 STIM_START
078 0 0564269780 STIM_END_RESP_START
078 0 0565469812 RESP_END
079 1 0567262376 STIM_START
079 1 0571035108 STIM_END_RESP_START
079 1 0572235140 RESP_END
080 1 0574325584 STIM_START
080 1 0578348144 STIM_END_RESP_START
080 1 0579548176 RESP_END
USER_EXIT