001 0 0009666540 STIM_START
001 0 0009686960 LICK
001 0 0010136556 LICK
001 0 0013079712 LICK
001 0 0013689104 STIM_END_RESP_START
001 0 0013800272 LICK
001 0 0013800716 TIMEOUT_START
001 0 0014505440 LICK
001 0 0014505876 TIMEOUT_START
001 0 0014889148 RESP_END
001 0 0021506344 TIMEOUT_END
002 1 0025168068 STIM_START
002 1 0026736952 LICK
002 1 0027549512 LICK
002 1 0028300676 LICK
002 1 0028883172 LICK
002 1 0028940796 STIM_END_RESP_START
002 1 0029159164 LICK
002 1 0029159612 REWARD_START
002 1 0030140828 RESP_END
002 1 0029210076 REWARD_END
003 1 0064160092 STIM_START
003 1 0067433096 STIM_END_RESP_START
003 1 0068633112 RESP_END
004 0 0074309500 STIM_START
004 0 0076854424 LICK
004 0 0077115128 LICK
004 0 0077582520 STIM_END_RESP_START
004 0 0077927604 LICK
004 0 0077928044 TIMEOUT_START
004 0 0078782540 RESP_END
004 0 0084928504 TIMEOUT_END
005 0 0090868560 STIM_START
005 0 0092565092 LICK
005 0 0094391436 STIM_END_RESP_START
005 0 0095591488 RESP_END
006 1 0097593916 STIM_START
006 1 0098435088 LICK
006 1 0099324072 LICK
006 1 0100243744 LICK
006 1 0101116796 STIM_END_RESP_START
006 1 0102316832 RESP_END
007 1 0104284352 STIM_START
007 1 0108306900 STIM_END_RESP_START
007 1 0109506932 RESP_END
008 0 0111432488 STIM_START
008 0 0114114088 LICK
008 0 0114955340 STIM_END_RESP_START
008 0 0115003144 LICK
008 0 0115003640 TIMEOUT_START
008 0 0115248496 LICK
008 0 0115248980 TIMEOUT_START
008 0 0115662500 LICK
008 0 0115662992 TIMEOUT_START
008 0 0116155384 RESP_END
008 0 0122663496 TIMEOUT_END
009 1 0124646388 STIM_START
009 1 0128668944 STIM_END_RESP_START
009 1 0129868972 RESP_END
010 1 0132044360 STIM_START
010 1 0135817052 STIM_END_RESP_START
010 1 0137017080 RESP_END
011 0 0138805664 STIM_START
011 0 0142328536 STIM_END_RESP_START
011 0 0143528568 RESP_END
012 1 0145590980 STIM_START
012 1 0149363672 STIM_END_RESP_START
012 1 0150563704 RESP_END
013 0 0152504300 STIM_START
013 0 0156027176 STIM_END_RESP_START
013 0 0157227208 RESP_END
014 0 0159169668 STIM_START
014 0 0160679644 LICK
014 0 0163192228 STIM_END_RESP_START
014 0 0164392260 RESP_END
015 1 0166230852 STIM_START
015 1 0169503872 STIM_END_RESP_START
015 1 0170703904 RESP_END
016 1 0172814296 STIM_START
016 1 0173629976 LICK
016 1 0176404096 LICK
016 1 0176557460 LICK
016 1 0176741468 LICK
016 1 0176836852 STIM_END_RESP_START
016 1 0178036884 RESP_END
017 0 0180166348 STIM_START
017 0 0183439368 STIM_END_RESP_START
017 0 0184639392 RESP_END
018 1 0186490880 STIM_START
018 1 0189763896 STIM_END_RESP_START
018 1 0190963924 RESP_END
019 1 0193810924 STIM_START
019 1 0197333796 STIM_END_RESP_START
019 1 0197685596 LICK
019 1 0197686084 REWARD_START
019 1 0197931068 LICK
019 1 0198099728 LICK
019 1 0198253072 LICK
019 1 0198421784 LICK
019 1 0198533816 RESP_END
019 1 0197736604 REWARD_END
020 0 0214286920 STIM_START
020 0 0215036768 LICK
020 0 0218059648 STIM_END_RESP_START
020 0 0219259680 RESP_END
021 0 0221264116 STIM_START
021 0 0224786984 STIM_END_RESP_START
021 0 0225075332 LICK
021 0 0225075820 TIMEOUT_START
021 0 0225987024 RESP_END
021 0 0232076332 TIMEOUT_END
022 0 0234041204 STIM_START
022 0 0237564084 STIM_END_RESP_START
022 0 0238746544 LICK
022 0 0238747040 TIMEOUT_START
022 0 0238764116 RESP_END
022 0 0245747548 TIMEOUT_END
023 1 0247900764 STIM_START
023 1 0251173788 STIM_END_RESP_START
023 1 0252373820 RESP_END
024 1 0254215324 STIM_START
024 1 0258237876 STIM_END_RESP_START
024 1 0259437904 RESP_END
025 1 0261586340 STIM_START
025 1 0265109212 STIM_END_RESP_START
025 1 0266309244 RESP_END
026 0 0268085804 STIM_START
026 0 0271358812 STIM_END_RESP_START
026 0 0272558848 RESP_END
027 1 0276771112 STIM_START
027 1 0278590640 LICK
027 1 0280537176 LICK
027 1 0280543828 STIM_END_RESP_START
027 1 0280797836 LICK
027 1 0280798332 REWARD_START
027 1 0280951240 LICK
027 1 0281150576 LICK
027 1 0281365260 LICK
027 1 0281743864 RESP_END
027 1 0280848848 REWARD_END
028 0 0294661420 STIM_START
028 0 0295391416 LICK
028 0 0295590804 LICK
028 0 0295820744 LICK
028 0 0296801688 LICK
028 0 0297047072 LICK
028 0 0297231076 LICK
028 0 0297445748 LICK
028 0 0297691108 LICK
028 0 0298184288 STIM_END_RESP_START
028 0 0298687388 LICK
028 0 0298687884 TIMEOUT_START
028 0 0298856056 LICK
028 0 0298856548 TIMEOUT_START
028 0 0299055384 LICK
028 0 0299055872 TIMEOUT_START
028 0 0299254728 LICK
028 0 0299255220 TIMEOUT_START
028 0 0299384320 RESP_END
028 0 0306255732 TIMEOUT_END
029 1 0308350044 STIM_START
029 1 0312122736 STIM_END_RESP_START
029 1 0313322768 RESP_END
030 0 0315335236 STIM_START
030 0 0318608252 STIM_END_RESP_START
030 0 0319808284 RESP_END
031 0 0321884708 STIM_START
031 0 0325907256 STIM_END_RESP_START
031 0 0326482608 LICK
031 0 0326483100 TIMEOUT_START
031 0 0326635984 LICK
031 0 0326636472 TIMEOUT_START
031 0 0326819976 LICK
031 0 0326820464 TIMEOUT_START
031 0 0327003960 LICK
031 0 0327004456 TIMEOUT_START
031 0 0327107288 RESP_END
031 0 0334004964 TIMEOUT_END
032 1 0335891188 STIM_START
032 1 0336567708 LICK
032 1 0336751732 LICK
032 1 0336951116 LICK
032 1 0337150460 LICK
032 1 0337380464 LICK
032 1 0337610496 LICK
032 1 0339164196 STIM_END_RESP_START
032 1 0340364220 RESP_END
033 1 0342369656 STIM_START
033 1 0345763896 LICK
033 1 0346392200 STIM_END_RESP_START
033 1 0347592232 RESP_END
034 0 0349553776 STIM_START
034 0 0353576328 STIM_END_RESP_START
034 0 0354689092 LICK
034 0 0354689580 TIMEOUT_START
034 0 0354776360 RESP_END
034 0 0361690092 TIMEOUT_END
035 1 0363540192 STIM_START
035 1 0367063072 STIM_END_RESP_START
035 1 0368263092 RESP_END
036 0 0371828732 STIM_START
036 0 0375351612 STIM_END_RESP_START
036 0 0375387156 LICK
036 0 0375387644 TIMEOUT_START
036 0 0375647788 LICK
036 0 0375648284 TIMEOUT_START
036 0 0375862448 LICK
036 0 0375862936 TIMEOUT_START
036 0 0376077108 LICK
036 0 0376077604 TIMEOUT_START
036 0 0376291796 LICK
036 0 0376292284 TIMEOUT_START
036 0 0376521780 LICK
036 0 0376522268 TIMEOUT_START
036 0 0376551660 RESP_END
036 0 0383522776 TIMEOUT_END
037 1 0385511344 STIM_START
037 1 0389034192 STIM_END_RESP_START
037 1 0389741460 LICK
037 1 0389741956 REWARD_START
037 1 0389910292 LICK
037 1 0390078948 LICK
037 1 0390234232 RESP_END
037 1 0389792468 REWARD_END
038 0 0395474936 STIM_START
038 0 0395597544 LICK
038 0 0399497492 STIM_END_RESP_START
038 0 0399521244 LICK
038 0 0399521732 TIMEOUT_START
038 0 0399751244 LICK
038 0 0399751732 TIMEOUT_START
038 0 0399889276 LICK
038 0 0399889768 TIMEOUT_START
038 0 0400119292 LICK
038 0 0400119780 TIMEOUT_START
038 0 0400272684 LICK
038 0 0400273172 TIMEOUT_START
038 0 0400517984 LICK
038 0 0400518476 TIMEOUT_START
038 0 0400697528 RESP_END
038 0 0407518988 TIMEOUT_END
039 0 0409579344 STIM_START
039 0 0412852368 STIM_END_RESP_START
039 0 0413889368 LICK
039 0 0413889860 TIMEOUT_START
039 0 0414052420 RESP_END
039 0 0420890356 TIMEOUT_END
040 0 0422834168 STIM_START
040 0 0426357048 STIM_END_RESP_START
040 0 0427557080 RESP_END
041 1 0429632572 STIM_START
041 1 0432905584 STIM_END_RESP_START
041 1 0434024896 LICK
041 1 0434025384 REWARD_START
041 1 0434105624 RESP_END
041 1 0434075904 REWARD_END
042 1 0443139220 STIM_START
042 1 0443389776 LICK
042 1 0444278820 LICK
042 1 0444999308 LICK
042 1 0446394148 LICK
042 1 0446412228 STIM_END_RESP_START
042 1 0446654836 LICK
042 1 0446655324 REWARD_START
042 1 0446854208 LICK
042 1 0447360100 LICK
042 1 0447498144 LICK
042 1 0447612240 RESP_END
042 1 0446705844 REWARD_END
043 0 0465523100 STIM_START
043 0 0466048068 LICK
043 0 0466354736 LICK
043 0 0466830112 LICK
043 0 0466983464 LICK
043 0 0467167516 LICK
043 0 0467336236 LICK
043 0 0467535624 LICK
043 0 0467765592 LICK
043 0 0467949652 LICK
043 0 0468149040 LICK
043 0 0468363676 LICK
043 0 0468547704 LICK
043 0 0468731724 LICK
043 0 0468796116 STIM_END_RESP_START
043 0 0468931084 LICK
043 0 0468931572 TIMEOUT_START
043 0 0469084420 LICK
043 0 0469084908 TIMEOUT_START
043 0 0469391072 LICK
043 0 0469391568 TIMEOUT_START
043 0 0469575088 LICK
043 0 0469575576 TIMEOUT_START
043 0 0469743780 LICK
043 0 0469744268 TIMEOUT_START
043 0 0469943116 LICK
043 0 0469943612 TIMEOUT_START
043 0 0469996156 RESP_END
043 0 0476944112 TIMEOUT_END
044 1 0486048000 STIM_START
044 1 0489570880 STIM_END_RESP_START
044 1 0490770912 RESP_END
045 1 0492557464 STIM_START
045 1 0493471024 LICK
045 1 0493930940 LICK
045 1 0494099624 LICK
045 1 0496580024 STIM_END_RESP_START
045 1 0497780056 RESP_END
046 1 0499909552 STIM_START
046 1 0503932112 STIM_END_RESP_START
046 1 0505132144 RESP_END
047 0 0507261552 STIM_START
047 0 0510784424 STIM_END_RESP_START
047 0 0511984456 RESP_END
048 0 0513908996 STIM_START
048 0 0517931548 STIM_END_RESP_START
048 0 0519131580 RESP_END
049 1 0521296004 STIM_START
049 1 0524569016 STIM_END_RESP_START
049 1 0525769044 RESP_END
050 1 0527838432 STIM_START
050 1 0531860984 STIM_END_RESP_START
050 1 0533061012 RESP_END
051 0 0535139496 STIM_START
051 0 0538412508 STIM_END_RESP_START
051 0 0539612540 RESP_END
052 1 0541636000 STIM_START
052 1 0545408692 STIM_END_RESP_START
052 1 0546608720 RESP_END
053 0 0548709164 STIM_START
053 0 0550733440 LICK
053 0 0550932748 LICK
053 0 0552232040 STIM_END_RESP_START
053 0 0553432072 RESP_END
054 1 0555553472 STIM_START
054 1 0559326164 STIM_END_RESP_START
054 1 0559653424 LICK
054 1 0559653924 REWARD_START
054 1 0560465940 LICK
054 1 0560526184 RESP_END
054 1 0559704436 REWARD_END
055 0 0573372816 STIM_START
055 0 0573651312 LICK
055 0 0573835360 LICK
055 0 0574019408 LICK
055 0 0574234032 LICK
055 0 0577145516 STIM_END_RESP_START
055 0 0577927656 LICK
055 0 0577928144 TIMEOUT_START
055 0 0578126984 LICK
055 0 0578127472 TIMEOUT_START
055 0 0578345536 RESP_END
055 0 0585127988 TIMEOUT_END
056 0 0597913580 STIM_START
056 0 0599068112 LICK
056 0 0599865284 LICK
056 0 0600217828 LICK
056 0 0600401884 LICK
056 0 0600585908 LICK
056 0 0600769924 LICK
056 0 0601030652 LICK
056 0 0601275912 LICK
056 0 0601475272 LICK
056 0 0601705320 LICK
056 0 0601935316 LICK
056 0 0601936152 STIM_END_RESP_START
056 0 0603136200 RESP_END
057 1 0606410016 STIM_START
057 1 0608081520 LICK
057 1 0609522520 LICK
057 1 0609921140 LICK
057 1 0609932868 STIM_END_RESP_START
057 1 0610105152 LICK
057 1 0610105648 REWARD_START
057 1 0610227968 LICK
057 1 0610871716 LICK
057 1 0611025064 LICK
057 1 0611132916 RESP_END
057 1 0610156160 REWARD_END
058 0 0619267016 STIM_START
058 0 0619441856 LICK
058 0 0621419312 LICK
058 0 0621771916 LICK
058 0 0621955984 LICK
058 0 0622155304 LICK
058 0 0623039728 STIM_END_RESP_START
058 0 0623044428 LICK
058 0 0623044924 TIMEOUT_START
058 0 0623243784 LICK
058 0 0623244276 TIMEOUT_START
058 0 0623458460 LICK
058 0 0623458948 TIMEOUT_START
058 0 0623995028 LICK
058 0 0623995516 TIMEOUT_START
058 0 0624194356 LICK
058 0 0624194852 TIMEOUT_START
058 0 0624239752 RESP_END
058 0 0631195348 TIMEOUT_END
059 0 0633131548 STIM_START
059 0 0635852780 LICK
059 0 0636220720 LICK
059 0 0636573436 LICK
059 0 0636803396 LICK
059 0 0636987424 LICK
059 0 0637154116 STIM_END_RESP_START
059 0 0637202152 LICK
059 0 0637202648 TIMEOUT_START
059 0 0637416812 LICK
059 0 0637417300 TIMEOUT_START
059 0 0638014676 LICK
059 0 0638015168 TIMEOUT_START
059 0 0638229360 LICK
059 0 0638229856 TIMEOUT_START
059 0 0638354132 RESP_END
059 0 0645230360 TIMEOUT_END
060 0 0647549732 STIM_START
060 0 0649004404 LICK
060 0 0649203748 LICK
060 0 0651572292 STIM_END_RESP_START
060 0 0652772316 RESP_END
061 1 0654795872 STIM_START
061 1 0658553320 LICK
061 1 0658818432 STIM_END_RESP_START
061 1 0659028540 LICK
061 1 0659029036 REWARD_START
061 1 0659427248 LICK
061 1 0659657240 LICK
061 1 0659887200 LICK
061 1 0660009976 LICK
061 1 0660018464 RESP_END
061 1 0659079548 REWARD_END
062 0 0666083732 STIM_START
062 0 0669252940 LICK
062 0 0669820176 LICK
062 0 0669856448 STIM_END_RESP_START
062 0 0670234160 LICK
062 0 0670234652 TIMEOUT_START
062 0 0670448832 LICK
062 0 0670449320 TIMEOUT_START
062 0 0670632840 LICK
062 0 0670633336 TIMEOUT_START
062 0 0670862824 LICK
062 0 0670863316 TIMEOUT_START
062 0 0671056472 RESP_END
062 0 0677863836 TIMEOUT_END
063 1 0679654416 STIM_START
063 1 0683177288 STIM_END_RESP_START
063 1 0683294728 LICK
063 1 0683295216 REWARD_START
063 1 0683708684 LICK
063 1 0684030652 LICK
063 1 0684153376 LICK
063 1 0684276060 LICK
063 1 0684377340 RESP_END
063 1 0683345728 REWARD_END
064 1 0690786484 STIM_START
064 1 0694809036 STIM_END_RESP_START
064 1 0694975860 LICK
064 1 0694976352 REWARD_START
064 1 0695297888 LICK
064 1 0695834440 LICK
064 1 0695957196 LICK
064 1 0696009080 RESP_END
064 1 0695026868 REWARD_END
065 1 0702440072 STIM_START
065 1 0705713092 STIM_END_RESP_START
065 1 0706871324 LICK
065 1 0706871812 REWARD_START
065 1 0706922360 RESP_END
065 1 0706922328 REWARD_END
066 0 0713824924 STIM_START
066 0 0716881556 LICK
066 0 0717347792 STIM_END_RESP_START
066 0 0717479300 LICK
066 0 0717479792 TIMEOUT_START
066 0 0717648004 LICK
066 0 0717648488 TIMEOUT_START
066 0 0717847324 LICK
066 0 0717847816 TIMEOUT_START
066 0 0718031352 LICK
066 0 0718031840 TIMEOUT_START
066 0 0718261336 LICK
066 0 0718261824 TIMEOUT_START
066 0 0718547824 RESP_END
066 0 0725262332 TIMEOUT_END
067 0 0727466548 STIM_START
067 0 0730739564 STIM_END_RESP_START
067 0 0731939596 RESP_END
068 1 0733667200 STIM_START
068 1 0737190080 STIM_END_RESP_START
068 1 0737385640 LICK
068 1 0737386128 REWARD_START
068 1 0737952876 LICK
068 1 0738390100 RESP_END
068 1 0737436656 REWARD_END
069 0 0742774300 STIM_START
069 0 0746297172 STIM_END_RESP_START
069 0 0746536916 LICK
069 0 0746537412 TIMEOUT_START
069 0 0747150152 LICK
069 0 0747150644 TIMEOUT_START
069 0 0747426120 LICK
069 0 0747426608 TIMEOUT_START
069 0 0747497196 RESP_END
069 0 0754427116 TIMEOUT_END
070 0 0756473888 STIM_START
070 0 0760246588 STIM_END_RESP_START
070 0 0761446620 RESP_END
071 1 0763243228 STIM_START
071 1 0766516248 STIM_END_RESP_START
071 1 0767716276 RESP_END
072 0 0769716744 STIM_START
072 0 0773239616 STIM_END_RESP_START
072 0 0774439652 RESP_END
073 0 0776661972 STIM_START
073 0 0780184852 STIM_END_RESP_START
073 0 0781198844 LICK
073 0 0781199332 TIMEOUT_START
073 0 0781384864 RESP_END
073 0 0788199836 TIMEOUT_END
074 0 0790334588 STIM_START
074 0 0794357140 STIM_END_RESP_START
074 0 0795557172 RESP_END
075 1 0797396764 STIM_START
075 1 0801169464 STIM_END_RESP_START
075 1 0802369492 RESP_END
076 0 0804377000 STIM_START
076 0 0808399552 STIM_END_RESP_START
076 0 0809599588 RESP_END
077 1 0811311252 STIM_START
077 1 0814584268 STIM_END_RESP_START
077 1 0814802912 LICK
077 1 0814803408 REWARD_START
077 1 0815753456 LICK
077 1 0815784292 RESP_END
077 1 0814853920 REWARD_END
078 1 0821133964 STIM_START
078 1 0824906664 STIM_END_RESP_START
078 1 0825992572 LICK
078 1 0825993060 REWARD_START
078 1 0826106684 RESP_END
078 1 0826043580 REWARD_END
079 1 0834114936 STIM_START
079 1 0837735020 LICK
079 1 0837934364 LICK
079 1 0838103096 LICK
079 1 0838137496 STIM_END_RESP_START
079 1 0838287096 LICK
079 1 0838287592 REWARD_START
079 1 0838486508 LICK
079 1 0839176432 LICK
079 1 0839337536 RESP_END
079 1 0838338108 REWARD_END
080 0 0844180500 STIM_START
080 0 0844495924 LICK
080 0 0844649356 LICK
080 0 0844818036 LICK
080 0 0845017316 LICK
080 0 0845216700 LICK
080 0 0845553964 LICK
080 0 0846105772 LICK
080 0 0846274496 LICK
080 0 0846473876 LICK
080 0 0848203044 STIM_END_RESP_START
080 0 0849403072 RESP_END
081 1 0851463564 STIM_START
081 1 0852941512 LICK
081 1 0854986420 STIM_END_RESP_START
081 1 0855485748 LICK
081 1 0855486236 REWARD_START
081 1 0855700548 LICK
081 1 0856099164 LICK
081 1 0856186460 RESP_END
081 1 0855536756 REWARD_END
082 0 0862321692 STIM_START
082 0 0862354072 LICK
082 0 0863580288 LICK
082 0 0863825640 LICK
082 0 0864024924 LICK
082 0 0864224316 LICK
082 0 0865594724 STIM_END_RESP_START
082 0 0865910416 LICK
082 0 0865910908 TIMEOUT_START
082 0 0866079100 LICK
082 0 0866079588 TIMEOUT_START
082 0 0866278456 LICK
082 0 0866278940 TIMEOUT_START
082 0 0866493124 LICK
082 0 0866493620 TIMEOUT_START
082 0 0866707840 LICK
082 0 0866708328 TIMEOUT_START
082 0 0866794736 RESP_END
082 0 0873708840 TIMEOUT_END
083 1 0875569540 STIM_START
083 1 0877513384 LICK
083 1 0877697388 LICK
083 1 0877881436 LICK
083 1 0878080816 LICK
083 1 0878295464 LICK
083 1 0878525468 LICK
083 1 0879016028 LICK
083 1 0879200084 LICK
083 1 0879342248 STIM_END_RESP_START
083 1 0879384076 LICK
083 1 0879384564 REWARD_START
083 1 0879629464 LICK
083 1 0879951468 LICK
083 1 0880089524 LICK
083 1 0880227540 LICK
083 1 0880365604 LICK
083 1 0880503636 LICK
083 1 0880542272 RESP_END
083 1 0879435088 REWARD_END
084 0 0883869128 STIM_START
084 0 0886159612 LICK
084 0 0886328336 LICK
084 0 0886527732 LICK
084 0 0886742380 LICK
084 0 0886987748 LICK
084 0 0887493660 LICK
084 0 0887641840 STIM_END_RESP_START
084 0 0887677716 LICK
084 0 0887678212 TIMEOUT_START
084 0 0887846372 LICK
084 0 0887846864 TIMEOUT_START
084 0 0888061056 LICK
084 0 0888061544 TIMEOUT_START
084 0 0888275732 LICK
084 0 0888276228 TIMEOUT_START
084 0 0888475120 LICK
084 0 0888475608 TIMEOUT_START
084 0 0888674472 LICK
084 0 0888674964 TIMEOUT_START
084 0 0888841888 RESP_END
084 0 0895675476 TIMEOUT_END
085 0 0897493708 STIM_START
085 0 0901016588 STIM_END_RESP_START
085 0 0901133692 LICK
085 0 0901134176 TIMEOUT_START
085 0 0901317664 LICK
085 0 0901318152 TIMEOUT_START
085 0 0901501672 LICK
085 0 0901502168 TIMEOUT_START
085 0 0901747032 LICK
085 0 0901747524 TIMEOUT_START
085 0 0901977040 LICK
085 0 0901977532 TIMEOUT_START
085 0 0902216628 RESP_END
085 0 0908978040 TIMEOUT_END
086 0 0911131312 STIM_START
086 0 0914404328 STIM_END_RESP_START
086 0 0914823812 LICK
086 0 0914824308 TIMEOUT_START
086 0 0915023160 LICK
086 0 0915023652 TIMEOUT_START
086 0 0915191852 LICK
086 0 0915192344 TIMEOUT_START
086 0 0915391208 LICK
086 0 0915391704 TIMEOUT_START
086 0 0915604368 RESP_END
086 0 0922392208 TIMEOUT_END
087 1 0924335164 STIM_START
087 1 0927858040 STIM_END_RESP_START
087 1 0928723832 LICK
087 1 0928724328 REWARD_START
087 1 0928877276 LICK
087 1 0929058072 RESP_END
087 1 0928774840 REWARD_END
088 0 0934971432 STIM_START
088 0 0938744132 STIM_END_RESP_START
088 0 0938994424 LICK
088 0 0938994920 TIMEOUT_START
088 0 0939163132 LICK
088 0 0939163620 TIMEOUT_START
088 0 0939331860 LICK
088 0 0939332348 TIMEOUT_START
088 0 0939515868 LICK
088 0 0939516368 TIMEOUT_START
088 0 0939715292 LICK
088 0 0939715784 TIMEOUT_START
088 0 0939944148 RESP_END
088 0 0946716300 TIMEOUT_END
089 1 0948746028 STIM_START
089 1 0952518728 STIM_END_RESP_START
089 1 0953662844 LICK
089 1 0953663332 REWARD_START
089 1 0953718744 RESP_END
089 1 0953713856 REWARD_END
090 1 0959812004 STIM_START
090 1 0963834564 STIM_END_RESP_START
090 1 0964071020 LICK
090 1 0964071516 REWARD_START
090 1 0964255120 LICK
090 1 0964806964 LICK
090 1 0964914332 LICK
090 1 0965034580 RESP_END
090 1 0964122032 REWARD_END
091 0 0968892116 STIM_START
091 0 0971781080 LICK
091 0 0972165116 STIM_END_RESP_START
091 0 0972210244 LICK
091 0 0972210732 TIMEOUT_START
091 0 0972394280 LICK
091 0 0972394776 TIMEOUT_START
091 0 0972578276 LICK
091 0 0972578764 TIMEOUT_START
091 0 0972777632 LICK
091 0 0972778124 TIMEOUT_START
091 0 0972976984 LICK
091 0 0972977480 TIMEOUT_START
091 0 0973206968 LICK
091 0 0973207456 TIMEOUT_START
091 0 0973365144 RESP_END
091 0 0980207976 TIMEOUT_END
092 1 0982408796 STIM_START
092 1 0984471424 LICK
092 1 0986181500 STIM_END_RESP_START
092 1 0986417844 LICK
092 1 0986418336 REWARD_START
092 1 0986693940 LICK
092 1 0987322400 LICK
092 1 0987381516 RESP_END
092 1 0986468852 REWARD_END
093 1 0992083596 STIM_START
093 1 0994541928 LICK
093 1 0994771944 LICK
093 1 0994986620 LICK
093 1 0995185976 LICK
093 1 0995385320 LICK
093 1 0995584640 LICK
093 1 0995856320 STIM_END_RESP_START
093 1 0996090528 LICK
093 1 0996091028 REWARD_START
093 1 0996243960 LICK
093 1 0997056352 RESP_END
093 1 0996141544 REWARD_END
094 1 1000579008 STIM_START
094 1 1004152100 LICK
094 1 1004351724 STIM_END_RESP_START
094 1 1004719408 LICK
094 1 1004719944 REWARD_START
094 1 1004949512 LICK
094 1 1005551752 RESP_END
094 1 1004770528 REWARD_END
095 0 1009699072 STIM_START
095 0 1009855028 LICK
095 0 1010406932 LICK
095 0 1012414844 LICK
095 0 1012736952 LICK
095 0 1012875016 LICK
095 0 1013074360 LICK
095 0 1013426976 LICK
095 0 1013672308 LICK
095 0 1013721636 STIM_END_RESP_START
095 0 1013902300 LICK
095 0 1013902840 TIMEOUT_START
095 0 1014270280 LICK
095 0 1014270816 TIMEOUT_START
095 0 1014500264 LICK
095 0 1014500804 TIMEOUT_START
095 0 1014921672 RESP_END
095 0 1021501368 TIMEOUT_END
096 0 1023665504 STIM_START
096 0 1025121956 LICK
096 0 1025459208 LICK
096 0 1025627864 LICK
096 0 1025811832 LICK
096 0 1025995836 LICK
096 0 1026210596 LICK
096 0 1026409892 LICK
096 0 1026578596 LICK
096 0 1027345036 LICK
096 0 1027438200 STIM_END_RESP_START
096 0 1028448620 LICK
096 0 1028449156 TIMEOUT_START
096 0 1028638232 RESP_END
096 0 1035449720 TIMEOUT_END
097 0 1037222168 STIM_START
097 0 1040994876 STIM_END_RESP_START
097 0 1041952020 LICK
097 0 1041952552 TIMEOUT_START
097 0 1042105380 LICK
097 0 1042105912 TIMEOUT_START
097 0 1042194908 RESP_END
097 0 1049106480 TIMEOUT_END
098 1 1051033780 STIM_START
098 1 1054556624 STIM_END_RESP_START
098 1 1055024688 LICK
098 1 1055025228 REWARD_START
098 1 1055714520 LICK
098 1 1055756672 RESP_END
098 1 1055075804 REWARD_END
099 1 1058852548 STIM_START
099 1 1062125544 STIM_END_RESP_START
099 1 1062381588 LICK
099 1 1062382128 REWARD_START
099 1 1062657660 LICK
099 1 1063025520 LICK
099 1 1063132892 LICK
099 1 1063255592 LICK
099 1 1063325572 RESP_END
099 1 1062432704 REWARD_END
100 0 1067688712 STIM_START
100 0 1069984572 LICK
100 0 1070168536 LICK
100 0 1070367868 LICK
100 0 1070536600 LICK
100 0 1070735884 LICK
100 0 1070965872 LICK
100 0 1071165252 LICK
100 0 1071364524 LICK
100 0 1071517900 LICK
100 0 1071711280 STIM_END_RESP_START
100 0 1071717256 LICK
100 0 1071717804 TIMEOUT_START
100 0 1072667448 LICK
100 0 1072667988 TIMEOUT_START
100 0 1072911328 RESP_END
100 0 1079668544 TIMEOUT_END
101 0 1081428300 STIM_START
101 0 1084951148 STIM_END_RESP_START
101 0 1085918280 LICK
101 0 1085918816 TIMEOUT_START
101 0 1086117620 LICK
101 0 1086118160 TIMEOUT_START
101 0 1086151192 RESP_END
101 0 1093118724 TIMEOUT_END
102 0 1095297784 STIM_START
102 0 1099070508 STIM_END_RESP_START
102 0 1099661700 LICK
102 0 1099662236 TIMEOUT_START
102 0 1099845712 LICK
102 0 1099846248 TIMEOUT_START
102 0 1100045096 LICK
102 0 1100045640 TIMEOUT_START
102 0 1100229148 LICK
102 0 1100229688 TIMEOUT_START
102 0 1100270544 RESP_END
102 0 1107230256 TIMEOUT_END
103 1 1109008376 STIM_START
103 1 1112531240 STIM_END_RESP_START
103 1 1112750612 LICK
103 1 1112751156 REWARD_START
103 1 1113179936 LICK
103 1 1113731260 RESP_END
103 1 1112801732 REWARD_END
104 1 1117278000 STIM_START
104 1 1120551000 STIM_END_RESP_START
104 1 1120782228 LICK
104 1 1120782772 REWARD_START
104 1 1121119660 LICK
104 1 1121564288 LICK
104 1 1121702368 LICK
104 1 1121751016 RESP_END
104 1 1120833348 REWARD_END
105 1 1123839420 STIM_START
105 1 1127112420 STIM_END_RESP_START
105 1 1127418936 LICK
105 1 1127419472 REWARD_START
105 1 1127970904 LICK
105 1 1128093600 LICK
105 1 1128312456 RESP_END
105 1 1127470048 REWARD_END
106 0 1132956428 STIM_START
106 0 1136979008 STIM_END_RESP_START
106 0 1137228680 LICK
106 0 1137229220 TIMEOUT_START
106 0 1138133004 LICK
106 0 1138133540 TIMEOUT_START
106 0 1138179024 RESP_END
106 0 1145134112 TIMEOUT_END
107 1 1146887936 STIM_START
107 1 1150660656 STIM_END_RESP_START
107 1 1151860704 RESP_END
108 0 1153938092 STIM_START
108 0 1157710800 STIM_END_RESP_START
108 0 1158910848 RESP_END
109 1 1160880344 STIM_START
109 1 1164902912 STIM_END_RESP_START
109 1 1165670392 LICK
109 1 1165670940 REWARD_START
109 1 1166102944 RESP_END
109 1 1165721516 REWARD_END
110 0 1169217832 STIM_START
110 0 1172990540 STIM_END_RESP_START
110 0 1174190556 RESP_END
111 1 1176411952 STIM_START
111 1 1180184672 STIM_END_RESP_START
111 1 1180337776 LICK
111 1 1180338320 REWARD_START
111 1 1180751748 LICK
111 1 1181073704 LICK
111 1 1181181076 LICK
111 1 1181303852 LICK
111 1 1181384688 RESP_END
111 1 1180388896 REWARD_END
112 1 1184134796 STIM_START
112 1 1188157364 STIM_END_RESP_START
112 1 1189243028 LICK
112 1 1189243564 REWARD_START
112 1 1189357404 RESP_END
112 1 1189294148 REWARD_END
113 0 1192233400 STIM_START
113 0 1196006112 STIM_END_RESP_START
113 0 1196079008 LICK
113 0 1196079552 TIMEOUT_START
113 0 1196416272 LICK
113 0 1196416804 TIMEOUT_START
113 0 1196646272 LICK
113 0 1196646816 TIMEOUT_START
113 0 1196814984 LICK
113 0 1196815524 TIMEOUT_START
113 0 1197152320 LICK
113 0 1197152856 TIMEOUT_START
113 0 1197206144 RESP_END
113 0 1204153420 TIMEOUT_END
114 1 1206289796 STIM_START
114 1 1209562832 STIM_END_RESP_START
114 1 1210762848 RESP_END
115 1 1212949288 STIM_START
115 1 1216971860 STIM_END_RESP_START
115 1 1217000344 LICK
115 1 1217000888 REWARD_START
115 1 1217184480 LICK
115 1 1217904932 LICK
115 1 1218012304 LICK
115 1 1218150344 LICK
115 1 1218171896 RESP_END
115 1 1217051464 REWARD_END
116 1 1222129244 STIM_START
116 1 1225783148 LICK
116 1 1225901952 STIM_END_RESP_START
116 1 1226166416 LICK
116 1 1226166956 REWARD_START
116 1 1226948264 LICK
116 1 1227070992 LICK
116 1 1227101996 RESP_END
116 1 1226217540 REWARD_END
117 0 1230321820 STIM_START
117 0 1233844680 STIM_END_RESP_START
117 0 1234734212 LICK
117 0 1234734748 TIMEOUT_START
117 0 1234918212 LICK
117 0 1234918756 TIMEOUT_START
117 0 1235044692 RESP_END
117 0 1241919324 TIMEOUT_END
118 1 1244037400 STIM_START
118 1 1247810108 STIM_END_RESP_START
118 1 1248429104 LICK
118 1 1248429644 REWARD_START
118 1 1248735828 LICK
118 1 1249010128 RESP_END
118 1 1248480220 REWARD_END
119 1 1251726312 STIM_START
119 1 1255499032 STIM_END_RESP_START
119 1 1256460628 LICK
119 1 1256461164 REWARD_START
119 1 1256699056 RESP_END
119 1 1256511748 REWARD_END
120 1 1262953176 STIM_START
120 1 1266561404 LICK
120 1 1266725900 STIM_END_RESP_START
120 1 1266745420 LICK
120 1 1266745960 REWARD_START
120 1 1266914204 LICK
120 1 1267772516 LICK
120 1 1267895248 LICK
120 1 1267925916 RESP_END
120 1 1266796536 REWARD_END
121 0 1271140752 STIM_START
121 0 1275129288 LICK
121 0 1275163324 STIM_END_RESP_START
121 0 1275344012 LICK
121 0 1275344548 TIMEOUT_START
121 0 1275512668 LICK
121 0 1275513212 TIMEOUT_START
121 0 1275712084 LICK
121 0 1275712624 TIMEOUT_START
121 0 1276248680 LICK
121 0 1276249224 TIMEOUT_START
121 0 1276363344 RESP_END
121 0 1283249776 TIMEOUT_END
122 1 1285167192 STIM_START
122 1 1287526032 LICK
122 1 1287847968 LICK
122 1 1288031968 LICK
122 1 1288200656 LICK
122 1 1288384660 LICK
122 1 1288553388 LICK
122 1 1288737392 LICK
122 1 1288921356 LICK
122 1 1288939912 STIM_END_RESP_START
122 1 1289105348 LICK
122 1 1289105892 REWARD_START
122 1 1289320148 LICK
122 1 1290117252 LICK
122 1 1290139928 RESP_END
122 1 1289156468 REWARD_END
123 0 1296115272 STIM_START
123 0 1299666344 LICK
123 0 1299865704 LICK
123 0 1300049776 LICK
123 0 1300137832 STIM_END_RESP_START
123 0 1300218440 LICK
123 0 1300218980 TIMEOUT_START
123 0 1300387180 LICK
123 0 1300387716 TIMEOUT_START
123 0 1300586500 LICK
123 0 1300587036 TIMEOUT_START
123 0 1300770544 LICK
123 0 1300771088 TIMEOUT_START
123 0 1300954596 LICK
123 0 1300955132 TIMEOUT_START
123 0 1301138608 LICK
123 0 1301139144 TIMEOUT_START
123 0 1301337860 RESP_END
123 0 1308139712 TIMEOUT_END
124 1 1310192664 STIM_START
124 1 1312204104 LICK
124 1 1312388156 LICK
124 1 1312587496 LICK
124 1 1312756192 LICK
124 1 1312924892 LICK
124 1 1313108964 LICK
124 1 1313292952 LICK
124 1 1313476944 LICK
124 1 1313676312 LICK
124 1 1313860348 LICK
124 1 1313965356 STIM_END_RESP_START
124 1 1314059692 LICK
124 1 1314060224 REWARD_START
124 1 1314213132 LICK
124 1 1314627060 LICK
124 1 1314749800 LICK
124 1 1314872492 LICK
124 1 1315010608 LICK
124 1 1315163960 LICK
124 1 1315165396 RESP_END
124 1 1314110808 REWARD_END
125 1 1318763076 STIM_START
125 1 1321846040 LICK
125 1 1322183352 LICK
125 1 1322285956 STIM_END_RESP_START
125 1 1322336704 LICK
125 1 1322337240 REWARD_START
125 1 1323118584 LICK
125 1 1323241296 LICK
125 1 1323363996 LICK
125 1 1323485996 RESP_END
125 1 1322387824 REWARD_END
126 1 1328167952 STIM_START
126 1 1331564632 LICK
126 1 1331690812 STIM_END_RESP_START
126 1 1331748704 LICK
126 1 1331749244 REWARD_START
126 1 1331932812 LICK
126 1 1332890840 RESP_END
126 1 1331799820 REWARD_END
127 0 1337519976 STIM_START
127 0 1341042844 STIM_END_RESP_START
127 0 1341481536 LICK
127 0 1341482076 TIMEOUT_START
127 0 1341665576 LICK
127 0 1341666112 TIMEOUT_START
127 0 1341849560 LICK
127 0 1341850104 TIMEOUT_START
127 0 1342018264 LICK
127 0 1342018804 TIMEOUT_START
127 0 1342202276 LICK
127 0 1342202808 TIMEOUT_START
127 0 1342242892 RESP_END
127 0 1349203372 TIMEOUT_END
128 1 1351207472 STIM_START
128 1 1353817716 LICK
128 1 1354017024 LICK
128 1 1354185736 LICK
128 1 1354354392 LICK
128 1 1354523056 LICK
128 1 1354707084 LICK
128 1 1354891108 LICK
128 1 1354980200 STIM_END_RESP_START
128 1 1355075096 LICK
128 1 1355075636 REWARD_START
128 1 1355259208 LICK
128 1 1355948956 LICK
128 1 1356087024 LICK
128 1 1356180224 RESP_END
128 1 1355126216 REWARD_END
129 0 1360834364 STIM_START
129 0 1362095732 LICK
129 0 1362402356 LICK
129 0 1362586400 LICK
129 0 1362739728 LICK
129 0 1362908428 LICK
129 0 1363092496 LICK
129 0 1363291828 LICK
129 0 1363491124 LICK
129 0 1363690488 LICK
129 0 1363874528 LICK
129 0 1364043192 LICK
129 0 1364242524 LICK
129 0 1364357236 STIM_END_RESP_START
129 0 1364426532 LICK
129 0 1364427072 TIMEOUT_START
129 0 1364595264 LICK
129 0 1364595804 TIMEOUT_START
129 0 1364763948 LICK
129 0 1364764484 TIMEOUT_START
129 0 1364963336 LICK
129 0 1364963868 TIMEOUT_START
129 0 1365147376 LICK
129 0 1365147916 TIMEOUT_START
129 0 1365331384 LICK
129 0 1365331920 TIMEOUT_START
129 0 1365515432 LICK
129 0 1365515968 TIMEOUT_START
129 0 1365557280 RESP_END
129 0 1372516544 TIMEOUT_END
130 0 1374457976 STIM_START
130 0 1377980836 STIM_END_RESP_START
130 0 1378929856 LICK
130 0 1378930392 TIMEOUT_START
130 0 1379098560 LICK
130 0 1379099100 TIMEOUT_START
130 0 1379180856 RESP_END
130 0 1386099656 TIMEOUT_END
131 0 1387870660 STIM_START
131 0 1389245648 LICK
131 0 1389490996 LICK
131 0 1390058184 LICK
131 0 1390196172 LICK
131 0 1390364872 LICK
131 0 1390548896 LICK
131 0 1390732928 LICK
131 0 1390932228 LICK
131 0 1391146904 LICK
131 0 1391346212 LICK
131 0 1391514876 LICK
131 0 1391714280 LICK
131 0 1391893232 STIM_END_RESP_START
131 0 1391913824 LICK
131 0 1391914368 TIMEOUT_START
131 0 1392128300 LICK
131 0 1392128832 TIMEOUT_START
131 0 1392342956 LICK
131 0 1392343496 TIMEOUT_START
131 0 1392542272 LICK
131 0 1392542816 TIMEOUT_START
131 0 1392756952 LICK
131 0 1392757488 TIMEOUT_START
131 0 1392956280 LICK
131 0 1392956824 TIMEOUT_START
131 0 1393093264 RESP_END
131 0 1399957384 TIMEOUT_END
132 1 1401681188 STIM_START
132 1 1404954220 STIM_END_RESP_START
132 1 1405314940 LICK
132 1 1405315480 REWARD_START
132 1 1405483744 LICK
132 1 1405928372 LICK
132 1 1406066404 LICK
132 1 1406154244 RESP_END
132 1 1405366060 REWARD_END
133 1 1408390556 STIM_START
133 1 1411913416 STIM_END_RESP_START
133 1 1412564624 LICK
133 1 1412565168 REWARD_START
133 1 1412764044 LICK
133 1 1412948092 LICK
133 1 1413113448 RESP_END
133 1 1412615744 REWARD_END
134 1 1416915032 STIM_START
134 1 1420188032 STIM_END_RESP_START
134 1 1420733956 LICK
134 1 1420734500 REWARD_START
134 1 1420872028 LICK
134 1 1421388048 RESP_END
134 1 1420785076 REWARD_END
135 0 1426084008 STIM_START
135 0 1429699936 LICK
135 0 1429856704 STIM_END_RESP_START
135 0 1429975952 LICK
135 0 1429976496 TIMEOUT_START
135 0 1430129340 LICK
135 0 1430129880 TIMEOUT_START
135 0 1430313412 LICK
135 0 1430313952 TIMEOUT_START
135 0 1430482120 LICK
135 0 1430482656 TIMEOUT_START
135 0 1430773400 LICK
135 0 1430773944 TIMEOUT_START
135 0 1430957480 LICK
135 0 1430958016 TIMEOUT_START
135 0 1431056748 RESP_END
135 0 1437958584 TIMEOUT_END
136 0 1439811592 STIM_START
136 0 1443584304 STIM_END_RESP_START
136 0 1444087532 LICK
136 0 1444088076 TIMEOUT_START
136 0 1444256196 LICK
136 0 1444256728 TIMEOUT_START
136 0 1444424880 LICK
136 0 1444425412 TIMEOUT_START
136 0 1444593556 LICK
136 0 1444594100 TIMEOUT_START
136 0 1444777572 LICK
136 0 1444778112 TIMEOUT_START
136 0 1444784344 RESP_END
136 0 1451778668 TIMEOUT_END
137 1 1453990980 STIM_START
137 1 1458013560 STIM_END_RESP_START
137 1 1459213608 RESP_END
138 0 1463178948 STIM_START
138 0 1466701844 STIM_END_RESP_START
138 0 1467651200 LICK
138 0 1467651736 TIMEOUT_START
138 0 1467901852 RESP_END
138 0 1474652304 TIMEOUT_END
139 1 1476734620 STIM_START
139 1 1480007648 STIM_END_RESP_START
139 1 1480922256 LICK
139 1 1480922792 REWARD_START
139 1 1481091036 LICK
139 1 1481207692 RESP_END
139 1 1480973376 REWARD_END
140 0 1484764300 STIM_START
140 0 1488537020 STIM_END_RESP_START
140 0 1489153208 LICK
140 0 1489153744 TIMEOUT_START
140 0 1489352560 LICK
140 0 1489353100 TIMEOUT_START
140 0 1489536564 LICK
140 0 1489537104 TIMEOUT_START
140 0 1489705288 LICK
140 0 1489705824 TIMEOUT_START
140 0 1489737068 RESP_END
140 0 1496706400 TIMEOUT_END
141 0 1498467876 STIM_START
141 0 1502490456 STIM_END_RESP_START
141 0 1503368320 LICK
141 0 1503368856 TIMEOUT_START
141 0 1503567660 LICK
141 0 1503568200 TIMEOUT_START
141 0 1503690472 RESP_END
141 0 1510568764 TIMEOUT_END
142 1 1512772164 STIM_START
142 1 1516544872 STIM_END_RESP_START
142 1 1517744920 RESP_END
143 1 1519504504 STIM_START
143 1 1522777536 STIM_END_RESP_START
143 1 1523546596 LICK
143 1 1523547140 REWARD_START
143 1 1523715352 LICK
143 1 1523977580 RESP_END
143 1 1523597720 REWARD_END
144 0 1527830112 STIM_START
144 0 1531352972 STIM_END_RESP_START
144 0 1532145492 LICK
144 0 1532146036 TIMEOUT_START
144 0 1532344824 LICK
144 0 1532345368 TIMEOUT_START
144 0 1532552996 RESP_END
144 0 1539345936 TIMEOUT_END
145 1 1541211776 STIM_START
145 1 1545234352 STIM_END_RESP_START
145 1 1546131484 LICK
145 1 1546132024 REWARD_START
145 1 1546315612 LICK
145 1 1546434376 RESP_END
145 1 1546182600 REWARD_END
146 0 1549212512 STIM_START
146 0 1551603352 LICK
146 0 1552185852 LICK
146 0 1552400540 LICK
146 0 1552485540 STIM_END_RESP_START
146 0 1553350900 LICK
146 0 1553351440 TIMEOUT_START
146 0 1553550224 LICK
146 0 1553550764 TIMEOUT_START
146 0 1553685568 RESP_END
146 0 1560551332 TIMEOUT_END
147 1 1562269388 STIM_START
147 1 1565542428 STIM_END_RESP_START
147 1 1566742472 RESP_END
148 0 1569056756 STIM_START
148 0 1572329756 STIM_END_RESP_START
148 0 1573529768 RESP_END
149 1 1575535260 STIM_START
149 1 1579557828 STIM_END_RESP_START
149 1 1580757840 RESP_END
150 1 1582689356 STIM_START
150 1 1585962392 STIM_END_RESP_START
150 1 1587162404 RESP_END
151 0 1589101896 STIM_START
151 0 1592874608 STIM_END_RESP_START
151 0 1594074620 RESP_END
152 0 1596160100 STIM_START
152 0 1599682948 STIM_END_RESP_START
152 0 1600882964 RESP_END
153 0 1602620616 STIM_START
153 0 1606393324 STIM_END_RESP_START
153 0 1607593336 RESP_END
154 1 1609815700 STIM_START
154 1 1613088728 STIM_END_RESP_START
154 1 1614288776 RESP_END
155 0 1616207304 STIM_START
155 0 1619480332 STIM_END_RESP_START
155 0 1620578824 LICK
155 0 1620579368 TIMEOUT_START
155 0 1620680360 RESP_END
155 0 1627579920 TIMEOUT_END
156 0 1630949276 STIM_START
156 0 1634472136 STIM_END_RESP_START
156 0 1635030924 LICK
156 0 1635031468 TIMEOUT_START
156 0 1635672176 RESP_END
156 0 1642032036 TIMEOUT_END
157 0 1644145140 STIM_START
157 0 1647667992 STIM_END_RESP_START
157 0 1648868004 RESP_END
158 1 1650857568 STIM_START
158 1 1654880140 STIM_END_RESP_START
158 1 1656080148 RESP_END
159 0 1658047692 STIM_START
159 0 1661820404 STIM_END_RESP_START
159 0 1663020416 RESP_END
160 1 1665152804 STIM_START
160 1 1669175376 STIM_END_RESP_START
160 1 1670375420 RESP_END
161 0 1672429912 STIM_START
161 0 1675702944 STIM_END_RESP_START
161 0 1676902956 RESP_END
162 0 1678626504 STIM_START
162 0 1682149356 STIM_END_RESP_START
162 0 1683118768 LICK
162 0 1683119308 TIMEOUT_START
162 0 1683272104 LICK
162 0 1683272636 TIMEOUT_START
162 0 1683349376 RESP_END
162 0 1690273204 TIMEOUT_END
163 0 1692210228 STIM_START
163 0 1695982936 STIM_END_RESP_START
163 0 1697182948 RESP_END
164 1 1699003564 STIM_START
164 1 1702776272 STIM_END_RESP_START
164 1 1703976320 RESP_END
165 1 1706170628 STIM_START
165 1 1709443656 STIM_END_RESP_START
165 1 1710643704 RESP_END
166 1 1712853060 STIM_START
166 1 1716375912 STIM_END_RESP_START
166 1 1717575924 RESP_END
USER_EXIT